>10_A70_Premixed TRIM QUALITY: 20
26 28 29 29 25 28 28 31 31 31 36 36 38 50 50 50 50
50 50 50 47 47 47 47 48 48 50 50 50 68 68 68 68 57
57 57 54 54 54 54 48 48 47 47 50 50 54 54 54 59 59
59 68 68 68 68 68 68 68 68 57 57 57 59 59 57 57 57
57 57 57 57 57 68 68 68 59 59 59 59 59 59 59 68 68
68 68 68 68 68 68 68 68 68 68 68 57 57 57 57 57 57
59 68 68 68 68 68 68 68 57 57 57 57 59 57 57 68 68
68 68 68 68 68 68 68 68 68 68 68 57 57 35 35 33 43
38 59 42 35 35 35 35 35 35 35 35 43 43 52 57 52 52
52 57 52 52 52 59 59 59 59 57 57 57 57 57 57 43 43
39 43 43 62 62 68 68 68 68 68 68 62 62 62 62 62 62
62 62 62 62 62 62 68 68 68 62 62 62 62 62 62 62 68
68 68 68 68 68 68 68 68 68 68 68 68 68 68 68 68 68
62 62 62 62 62 62 68 68 68 68 68 68 68 68 68 68 68
68 68 68 68 68 68 68 68 68 68 68 68 68 68 68 68 68
68 68 68 68 68 68 68 68 68 68 68 68 68 62 68 68 68
68 68 68 68 68 68 68 68 68 68 68 68 68 68 62 68 68
68 68 62 62 68 62 62 62 62 68 68 68 62 62 62 62 62
68 68 68 68 68 68 68 68 68 68 68 68 68 68 68 68 68
68 68 62 62 62 62 62 62 62 68 68 68 68 68 68 68 68
68 68 68 68 68 68 68 68 68 68 68 68 68 68 68 68 68
68 68 68 68 68 68 68 68 68 62 62 62 62 68 68 68 68
68 68 68 68 68 68 68 68 68 68 68 68 68 68 68 68 68
68 68 68 68 68 68 68 68 68 68 68 68 68 68 68 68 68
68 68 68 68 62 62 62 62 62 68 68 68 68 68 68 68 68
68 68 68 68 68 62 62 62 62 62 62 62 68 68 68 68 68
68 68 68 68 68 68 68 68 68 68 68 68 68 68 68 62 62
62 62 62 62 62 68 68 68 68 68 68 68 68 68 68 68 68
68 62 62 62 62 62 62 68 68 68 68 68 68 68 68 68 62
62 62 62 62 62 62 68 68 62 62 62 68 68 68 68 68 68
68 68 68 68 68 68 68 68 62 62 62 62 62 62 62 62 62
62 62 62 68 68 68 68 68 68 68 68 68 68 62 62 62 62
68 68 68 68 68 68 68 68 68 62 62 68 68 68 68 68 68
68 68 68 68 68 68 68 68 68 68 68 68 68 57 57 57 57
57 57 57 57 57 57 68 68 68 68 68 68 68 57 57 57 57
57 57 57 57 57 57 57 57 57 68 68 57 57 59 59 59 68
68 68 57 57 57 57 57 57 59 59 59 59 59 59 59 57 57
57 57 57 57 57 68 68 68 68 68 68 68 68 68 68 68 68
68 68 68 68 68 57 57 57 57 57 57 57 57 57 68 68 57
57 57 57 57 57 57 54 54 54 57 57 57 57 57 57 57 57
57 57 57 57 57 57 57 57 57 57 54 54 54 57 57 54 57
57 57 57 57 57 57 54 54 54 57 57 57 57 57 57 57 59
59 57 57 57 57 57 57 50 50 47 47 47 57 43 43 39 39
41 43 39 47 47 37 41 47 47 47 47 41 41 41 37 37 41
43 47 47 47 46 47 48 48 48 48 47 47 41 37 37 37 37
31 35 41 41 41 41 31 36 32 35 31 36 40 44 39 37 37
37 37 37 41 41 37 41 37 41 41 41 37 37 41 41 39 39
41 31 31 34 31 37 37 41 37 32 32 32 41 41 37 37 32
37 32 29 29 37 41 39 37 37 41 32 31 39 37 37 36 37
37 41 37 37 39 34 30 23 25 20 22 21 22 25 30 32 29
31 37 37 33 27 24 30 30 30 24 25 18 17 17 24 24 30
37 34 37 32 28 28 20 20 20 28 22 26 24 23 22 24 24
23 25 21 25 20 24 31 32 24

>11_A70_Premixed TRIM QUALITY: 20
23 23 23 23 16 15 15 19 32 33 33 33 33 33 41 37 47
36 36 36 42 36 36 47 50 57 57 50 53 53 53 53 50 57
50 54 54 54 48 48 42 42 42 42 39 47 47 59 59 59 59
68 68 68 68 68 68 68 68 68 68 59 59 59 57 57 57 57
57 57 57 57 57 57 59 68 68 68 68 68 68 68 68 68 68
68 68 68 68 68 68 68 68 68 57 57 47 48 48 57 59 68
68 68 68 68 68 68 57 57 57 57 59 57 57 68 68 68 68
68 68 68 68 68 68 68 68 68 68 68 68 68 68 68 68 68
68 68 68 68 68 68 68 68 68 68 68 68 68 68 68 68 68
68 68 68 68 68 68 68 68 68 68 68 68 68 68 68 68 68
68 68 68 68 68 68 68 68 68 62 62 62 62 62 62 62 62
62 62 62 62 62 62 62 62 62 62 62 62 62 62 62 68 68
68 68 68 62 62 62 62 62 62 62 68 68 68 68 62 62 62
62 62 62 62 62 62 62 62 62 62 62 62 62 62 62 62 62
62 68 62 62 62 62 68 62 62 62 68 62 62 62 62 62 62
62 62 62 62 62 62 62 62 62 62 62 62 62 62 62 62 62
62 68 68 68 62 62 62 62 62 62 62 62 62 62 62 62 62
62 62 62 62 62 62 62 62 62 62 62 62 62 62 62 62 62
68 62 62 62 62 62 62 62 62 62 62 62 62 62 62 62 62
62 62 62 62 62 62 62 62 62 62 62 62 62 62 62 62 62
62 62 62 62 62 62 62 62 62 62 62 62 62 62 62 62 62
62 62 62 62 62 62 62 62 62 62 62 62 62 62 62 62 62
62 62 62 62 62 62 62 62 62 62 62 62 62 62 62 62 62
62 62 62 62 62 62 62 62 62 62 62 62 62 62 62 62 62
62 62 62 62 62 62 62 62 62 62 62 62 62 62 62 62 62
62 57 57 57 59 52 52 52 59 57 57 57 57 57 57 57 57
57 52 57 52 54 54 59 57 57 57 59 57 57 57 57 57 57
57 59 59 57 57 57 57 52 52 57 57 57 57 59 59 57 50
43 37 37 50 50 52 54 54 57 57 59 57 57 57 57 57 54
54 52 59 57 57 57 57 59 57 57 57 48 48 44 50 44 48
48 50 50 54 57 57 57 43 43 43 44 39 39 39 39 43 57
57 57 57 44 48 48 48 48 54 57 57 57 57 48 48 48 48
48 54 57 57 48 54 54 48 48 48 48 48 48 48 54 48 48
48 48 48 42 42 43 43 43 47 43 48 48 48 48 43 43 40
40 35 39 39 48 48 48 48 43 43 40 43 43 40 40 41 41
37 37 31 25 25 43 59 41 41 41 41 41 47 47 47 43 43
37 37 35 39 39 43 43 43 46 43 43 43 43 43 43 43 48
43 47 47 47 47 43 43 48 48 43 43 47 43 41 41 41 41
35 31 28 32 32 37 37 30 32 32 47 47 48 48 43 41 41
41 41 37 37 37 31 31 39 37 37 35 33 28 31 39 31 31
31 31 35 36 37 39 39 37 36 35 31 31 39 31 31 31 31
35 37 34 34 30 25 25 32 37 41 41 41 39 37 37 30 25
28 39 40 41 29 29 37 37 37 37 32 25 25 28 24 24 34
33 37 37 41 37 37 43 39 35 28 26 35 31 31 37 37 38
32 30 28 28 28 25 27 28 31 36 34 30 28 28 33 31 31
41 41 41 41 29 32 31 30 22 22 25 28 34 31 31 26 32
32 36 32 29 29 29 32 32 29 27 35 36 36 34 34 28 22
22 24 24 25 25 33 27 31 31 31 32 32 29 28 32 35 32
26 26 31 29 32 30 31 35 28 28 28 30 30 23 28 23 28
22 25 24

>12_A70_Premixed TRIM QUALITY: 20
23 23 23 23 16 14 14 19 24 25 25 31 31 31 33 33 36
36 36 36 50 36 36 50 50 50 50 50 53 53 53 53 50 50
53 68 68 54 50 50 48 48 48 48 46 47 48 48 59 59 59
68 68 68 68 68 68 68 68 68 68 59 59 59 57 68 68 68
68 68 57 57 47 57 48 59 59 68 68 68 68 68 68 68 68
68 68 68 68 68 68 68 68 68 68 68 68 68 68 68 68 68
68 68 68 68 68 68 68 68 68 68 68 68 68 68 68 68 68
68 68 68 68 68 68 68 68 68 68 68 68 68 68 68 57 57
52 32 32 13 14 17 32 38 41 32 18 18 18 18 23 27 44
44 68 68 68 44 38 22 13 12 12 24 24 26 27 27 44 44
68 68 68 68 68 68 68 68 68 68 68 68 68 68 68 68 68
68 68 68 68 68 68 68 68 68 68 68 68 68 68 68 68 68
68 68 68 68 68 68 68 68 68 68 68 68 68 68 68 68 68
68 68 68 68 68 68 68 68 68 68 68 68 68 68 68 68 68
68 68 68 68 68 68 68 68 68 68 68 68 68 68 68 68 68
68 68 68 68 68 68 68 68 68 68 68 68 68 68 68 68 68
68 68 68 68 68 68 68 68 68 68 68 68 68 68 68 68 68
68 68 68 68 68 68 68 68 68 68 68 68 68 68 68 68 68
68 68 68 68 68 68 68 68 68 68 68 68 68 68 68 68 68
68 68 68 68 68 68 68 68 68 68 68 68 68 68 68 68 68
68 68 68 68 68 68 68 68 68 68 68 68 68 68 68 68 68
68 68 68 68 68 68 68 68 68 68 68 68 68 68 68 68 68
68 68 68 68 68 68 68 68 68 68 68 68 68 68 68 68 68
68 68 68 68 68 68 68 68 68 68 68 68 68 68 68 68 68
68 68 68 68 68 68 68 68 68 68 68 68 68 68 68 68 68
68 68 68 68 68 68 68 68 68 68 68 68 68 68 68 68 68
68 68 68 68 68 68 68 68 68 68 68 68 68 68 68 68 68
68 68 68 68 68 68 68 68 68 68 68 68 68 68 68 68 68
68 68 68 68 68 68 68 68 68 68 68 68 68 68 68 68 68
68 68 68 68 68 68 68 68 68 68 68 68 68 68 68 68 68
68 68 68 68 68 68 68 68 68 68 68 59 68 68 68 68 68
68 68 68 68 68 68 68 68 68 68 68 68 68 68 68 68 68
68 68 68 68 68 68 68 68 68 68 68 68 68 68 68 68 68
68 68 68 68 68 68 68 68 68 68 68 68 68 68 59 59 57
57 57 57 57 68 68 68 68 68 68 68 68 68 68 68 68 68
57 57 54 54 54 57 59 68 68 59 59 57 59 59 68 68 68
57 57 54 57 57 57 59 59 68 68 68 68 68 57 57 57 57
57 57 59 68 68 68 68 68 68 68 68 68 68 68 68 68 68
57 57 54 54 54 57 57 57 57 57 68 68 68 68 57 57 57
57 57 57 57 48 48 48 57 57 57 48 57 57 57 57 47 47
47 47 47 48 50 50 47 47 47 47 47 41 37 31 32 32 31
37 44 41 41 41 41 41 41 48 48 48 57 57 57 57 48 48
57 57 57 48 47 37 37 37 37 37 41 41 41 41 37 36 41
41 47 47 47 47 47 47 39 35 31 31 39 34 37 43 43 47
41 46 46 46 48 48 48 48 41 41 37 37 36 36 39 36 37
41 41 41 44 30 36 41 41 31 35 41 41 41 41 41 41 41
41 41 41 37 37 37 41 41 31 37 37 41 41 34 34 30 25
25 27 29 31 31 41 34 37 37 27 32 30 25 25 32 37 32
29 29 29 34 39 34 32 32 28 28 39 37 37 39 37 37 39
35 37 41 39 37 31 28 23 28 28 25 32 39 41 34 34 41
41 37 31 28 32 35 35 32 32 28 28 22 22 28 35 39 39
37 37 37 37 34 31 11 9 9 9 9 9 11 15 10 11 11 11
15 22 30 37 37 32 37 37 41 37 37 41 41 41 32 29 32
29 31 31 27 27 30 31 26 34 29 35 36 32 27 26 24 24
24 24 28 28 31 37 32 26 21 18 16 15 20

>1_A70_Premixed TRIM QUALITY: 20
23 23 23 23 19 22 22 27 32 37 37 37 37 37 37 37 39
36 36 36 36 36 36 42 47 48 48 48 48 57 59 59 59 48
48 48 39 39 39 39 39 39 46 46 54 48 48 54 57 57 68
68 68 54 68 57 57 57 57 57 57 48 48 48 47 57 47 47
54 57 54 54 54 57 59 59 57 57 57 59 59 57 57 57 57
57 68 68 57 57 57 57 57 57 50 50 47 47 47 57 57 57
59 59 59 68 68 68 57 57 52 52 52 59 59 59 57 59 57
57 57 57 57 68 68 68 68 68 68 68 68 68 68 68 68 68
68 68 68 68 68 68 59 59 68 68 68 68 68 68 68 68 68
68 68 68 68 68 68 68 68 68 68 68 68 68 68 68 68 68
68 68 68 68 68 68 68 68 68 62 62 62 62 62 62 62 62
62 62 62 62 62 62 62 62 62 62 62 62 62 62 68 68 68
68 68 68 62 62 68 62 62 62 62 68 68 68 68 62 62 62
62 62 62 62 62 62 62 62 62 62 68 68 68 68 68 68 68
68 68 68 68 68 68 68 62 62 62 62 68 68 68 68 68 68
68 68 62 62 62 62 62 62 62 62 68 62 68 68 68 68 68
68 68 68 68 68 68 62 62 62 62 62 62 62 62 62 62 62
62 62 62 62 62 68 68 68 68 62 62 62 62 62 62 62 62
68 68 68 62 62 62 62 62 62 62 68 68 68 68 68 68 68
62 62 62 62 62 62 62 62 62 68 62 62 62 62 62 62 62
62 62 62 62 68 68 68 68 68 68 62 62 68 68 68 68 68
68 62 62 62 62 62 62 62 62 62 62 62 62 62 62 62 62
62 62 62 62 62 62 62 62 68 68 68 62 62 62 62 62 62
62 62 62 62 62 62 62 62 68 68 68 68 68 68 68 68 68
62 62 62 62 62 62 62 62 62 62 62 68 62 68 68 68 68
68 68 62 62 62 62 62 62 62 62 62 62 62 62 62 62 62
62 62 62 62 68 68 68 68 68 68 68 68 62 62 62 62 62
62 62 62 62 62 62 62 62 62 62 62 62 62 62 62 62 62
62 62 62 62 62 62 68 68 68 68 68 68 62 62 62 62 62
62 62 62 62 62 62 62 62 62 62 62 62 62 57 57 57 57
59 59 59 59 59 59 59 57 57 57 57 57 57 57 57 57 57
59 68 68 68 68 68 68 68 59 59 59 57 57 57 57 59 59
59 59 59 59 59 68 68 59 59 59 57 57 59 59 59 59 59
57 57 59 59 59 59 68 68 68 68 68 59 59 57 57 57 57
57 57 57 57 68 68 59 59 59 59 57 57 57 59 57 57 54
50 50 48 48 48 59 59 59 59 59 59 57 59 59 59 59 59
57 57 57 57 57 57 54 54 54 57 54 54 57 57 57 57 57
57 57 59 57 57 57 57 57 57 59 59 59 59 57 57 59 59
57 57 57 57 57 57 59 59 48 48 57 57 57 57 59 59 57
57 57 57 57 48 48 48 48 47 47 47 47 47 44 37 31 31
37 37 37 59 47 47 47 47 41 41 41 39 40 43 43 37 37
41 43 41 37 37 37 37 37 48 48 59 57 57 57 57 48 48
48 57 59 59 48 48 48 47 47 41 41 37 37 32 29 28 40
39 41 41 47 41 41 41 41 41 29 29 32 29 37 41 41 47
41 37 37 35 35 39 47 59 59 48 48 48 48 48 46 59 59
47 47 43 41 25 20 14 15 12 14 19 30 47 47 47 47 37
37 37 37 32 38 38 41 41 31 29 29 32 37 37 37 32 29
29 29 29 29 29 32 29 29 29 27 32 28 22 22 23 23 32
25 32 18 18 21

>20_A70_Premixed TRIM QUALITY: 20
23 23 23 23 18 14 14 19 29 29 30 33 33 33 41 44 47
47 50 36 50 36 36 37 37 53 53 53 53 53 53 53 53 50
50 54 54 54 48 48 46 46 42 42 37 39 39 42 44 57 57
68 68 68 68 68 68 68 57 57 57 59 59 59 57 68 68 68
68 68 57 57 48 47 48 57 57 68 68 68 68 68 68 68 68
68 68 68 68 68 68 68 68 68 68 68 68 68 68 68 68 68
68 68 68 68 68 68 68 68 68 68 68 68 68 68 68 68 68
68 68 68 68 68 68 57 57 57 68 68 68 68 68 68 68 68
59 59 68 68 68 68 68 68 68 68 68 68 68 68 68 68 68
68 68 68 68 68 68 59 59 59 59 59 59 68 68 68 68 68
68 68 68 68 59 59 68 59 59 62 62 68 62 62 62 62 62
62 62 62 62 62 68 68 68 68 68 68 68 68 68 62 62 62
62 62 62 62 68 68 68 68 68 68 68 68 68 68 68 68 68
68 68 68 68 68 68 68 68 68 68 68 68 68 62 62 62 62
62 62 68 68 68 68 68 68 68 68 68 68 68 68 68 68 68
68 68 68 68 68 68 68 62 62 62 62 62 62 62 68 68 68
68 68 68 68 68 68 68 68 68 68 68 68 68 68 68 68 68
68 68 68 68 68 68 68 68 68 68 68 68 68 68 68 68 68
68 62 62 62 62 62 62 62 62 62 62 62 62 68 68 68 68
68 68 68 68 68 68 68 68 68 62 62 62 62 62 62 62 68
62 62 62 62 62 62 62 62 68 68 68 68 68 68 62 62 62
62 62 62 62 68 68 68 68 68 68 68 68 68 68 68 68 68
68 68 68 68 62 62 62 62 62 62 68 68 68 68 68 68 68
68 68 68 68 68 68 68 68 68 68 68 68 68 68 68 68 68
68 68 68 68 68 68 68 68 68 68 68 68 68 68 68 68 68
68 68 62 62 62 62 62 62 62 68 62 62 62 62 62 62 62
68 68 68 68 68 68 68 68 68 62 62 62 62 62 62 62 62
62 62 62 62 62 62 68 68 68 68 68 62 62 62 62 62 62
62 62 62 62 62 62 62 68 68 68 62 62 62 62 62 62 62
62 62 62 62 62 62 68 68 62 62 68 62 62 62 62 62 62
62 68 68 68 62 62 62 62 62 62 62 68 68 68 68 68 68
68 68 59 59 59 59 59 57 57 57 57 57 57 57 57 59 59
59 59 59 59 59 57 57 57 59 59 59 59 59 59 59 59 59
57 57 59 59 59 57 57 57 57 57 57 57 57 59 59 59 59
57 57 52 52 52 57 57 57 57 57 59 59 59 59 59 59 57
57 54 57 57 57 57 57 57 57 57 54 57 57 47 47 47 57
47 57 57 57 57 57 57 57 57 43 43 43 57 47 57 54 54
54 59 59 57 57 48 54 54 57 57 57 57 57 57 57 57 57
48 48 48 54 57 57 54 54 54 57 59 54 48 48 48 48 54
48 48 48 48 48 43 43 43 43 43 43 43 57 57 57 48 43
43 37 37 30 37 37 47 48 48 41 47 47 41 37 37 35 31
31 37 37 37 32 26 26 43 43 47 47 41 41 31 35 41 43
41 41 37 37 30 32 27 29 39 39 41 47 47 41 46 41 41
41 41 31 31 39 41 47 41 41 41 41 41 37 37 37 37 37
31 31 31 32 28 32 28 32 37 41 41 39 41 41 46 46 39
37 32 33 32 27 27 35 28 28 31 31 41 41 37 31 36 39
32 31 31 31 41 41 41 39 32 31 35 35 28 31 37 31 31
31 31 35 37 30 30 17 17 17 24 26 37 37 37 37 37 37
31 26 31 39 41 34 34 31 31 35 37 37 35 31 31 32 28
25 32 30 37 37 32 29 29 37 37 32 31 31 41 32 37 32
37 37 28 28 24 28 28 18 19 12 12 11 20 18 24 10 13
8 8 8 17 15 14 10 10 12 14 13 22 27 28 28 30 29 31
32 32 37 27 24 20 20 22 25 16 17 17 18 18 25 37 32
29 31 29 29 29 25 22 22 22 22 22 25 35 31 31 37 37
30 25 25 28 28 23 17 15 17 15 24 22 28 28 33 33 32
27 27 25 20

>2_A70_Premixed TRIM QUALITY: 20
20 19 23 23 23 23 19 17 17 22 29 33 33 42 50 50 50
50 50 36 36 36 36 36 36 50 50 57 57 57 57 57 57 57
57 57 50 54 54 54 50 50 50 50 50 54 57 57 57 59 59
68 68 68 68 68 68 68 68 68 68 68 68 59 59 59 57 68
68 68 68 68 68 68 68 68 68 68 68 68 68 68 68 68 68
68 68 68 68 68 68 68 68 68 68 68 57 57 57 57 57 57
59 68 68 68 68 68 68 68 57 57 57 57 59 57 57 68 68
68 68 68 68 68 68 68 68 68 68 68 68 68 68 68 68 68
68 68 68 68 68 68 68 68 68 68 68 68 68 68 68 68 68
68 68 68 68 68 68 68 68 68 68 68 68 68 68 68 68 68
68 68 68 68 68 68 68 68 68 68 68 68 68 68 68 68 68
68 68 68 68 68 68 68 68 68 68 68 68 68 68 68 68 68
68 68 68 68 68 68 68 68 68 68 68 68 68 68 68 68 68
68 68 68 62 62 62 62 62 62 62 62 68 68 68 68 68 68
68 68 68 68 68 68 68 68 68 68 68 68 68 68 68 68 68
68 68 68 68 68 68 68 62 68 68 68 68 68 68 68 68 68
68 68 68 68 68 68 68 68 68 68 68 68 68 68 68 68 68
68 68 68 68 68 68 68 68 68 68 68 68 68 68 68 68 68
68 68 68 68 68 68 68 68 68 68 68 68 68 68 68 68 68
68 68 68 68 68 68 68 68 68 68 68 68 68 68 68 68 68
68 68 68 68 68 68 68 68 68 68 68 68 68 68 68 68 68
68 68 68 68 68 68 68 68 68 68 68 68 68 68 68 68 68
68 68 68 68 68 68 68 68 68 68 68 68 68 68 68 68 68
68 68 68 68 68 68 68 68 68 68 68 68 68 68 68 68 68
68 68 68 68 68 68 68 68 68 68 68 68 68 68 68 68 68
68 68 68 68 68 68 68 68 68 68 68 68 68 68 68 68 68
68 68 68 68 68 68 68 68 68 68 68 68 68 68 68 68 68
68 68 68 68 68 68 68 68 68 68 68 68 68 68 68 68 68
68 68 68 68 68 68 68 68 68 68 68 68 68 68 68 68 68
68 68 68 68 68 68 68 68 62 62 62 68 68 68 68 68 68
68 68 68 68 68 68 68 68 68 68 68 68 68 62 62 62 68
68 68 68 68 68 68 68 68 68 68 68 68 68 68 68 68 68
68 68 68 68 68 68 68 68 68 68 68 68 68 68 68 68 68
68 68 68 68 68 68 68 68 68 68 68 68 68 68 68 68 68
68 68 68 68 68 68 68 68 68 68 68 68 68 68 68 68 68
68 68 57 57 57 57 57 57 57 68 68 57 57 59 68 68 68
59 68 57 57 57 57 57 68 59 59 59 68 68 68 68 68 68
68 68 68 68 68 68 68 68 68 68 68 68 68 68 68 68 68
68 68 57 57 57 57 57 57 59 59 59 59 59 59 68 68 68
68 68 68 68 59 59 57 57 57 59 59 59 59 59 59 59 57
57 57 57 57 57 57 59 59 59 57 54 54 54 48 48 68 54
54 54 57 59 54 48 47 47 47 48 59 59 59 59 59 59 59
59 59 59 53 50 47 47 41 41 41 41 41 59 41 41 41 32
36 43 43 59 47 42 42 41 39 39 39 37 34 39 37 37 44
59 59 47 41 41 41 48 48 48 59 59 59 59 47 47 41 41
37 37 44 59 44 44 34 34 35 35 31 34 40 44 44 37 37
37 37 37 41 39 37 37 37 39 39 37 30 30 32 41 39 39
41 31 31 34 31 34 37 41 37 37 37 31 37 37 31 31 37
37 32 25 25 30 30 28 27 37 41 32 31 34 36 37 36 47
39 41 37 37 41 39 37 31 32 23 23 23 24 31 34 32 29
29 37 35 28 28 28 28 35 31 25 24 16 16 16 21 30 30
34 29 37 37 31 31 27 27 26 24 24 18 16 15 17 21 30
24 24 22 27 24 24 32 34 28 34 34 32 27 26 30 30 30
25 25 32 27 17 25 22 21

>3_A70_Premixed TRIM QUALITY: 20
34 37 37 41 41 40 48 48 48 43 43 39 39 42 42 42 43
48 48 48 59 59 59 59 59 48 48 48 42 42 42 48 47 46
48 46 46 47 48 48 59 59 59 59 57 57 57 57 59 54 54
54 57 47 47 47 47 57 48 48 54 57 54 54 54 57 59 59
54 54 54 59 59 59 57 57 57 57 59 57 57 57 54 54 54
57 50 50 37 39 39 50 50 54 57 59 59 59 57 57 57 57
52 52 52 57 57 57 57 57 54 57 57 57 57 68 68 68 68
59 59 59 59 59 57 57 57 59 57 68 68 68 68 68 59 59
57 57 57 59 59 68 68 68 68 59 59 59 57 57 57 59 59
59 59 59 59 57 57 59 59 59 68 68 68 68 57 57 57 57
57 62 62 52 52 52 62 62 62 52 52 62 62 62 62 62 62
62 62 62 62 62 62 68 68 68 68 68 68 68 68 68 68 68
68 68 62 62 62 62 62 62 62 62 62 62 62 62 52 52 52
62 62 62 62 62 62 62 62 62 62 68 68 68 68 68 68 62
62 68 68 62 62 62 62 62 62 62 62 62 62 62 62 62 62
62 62 62 62 68 62 62 62 62 62 62 62 62 62 62 62 62
62 62 62 62 62 62 62 62 62 62 62 62 62 62 62 62 62
62 62 62 62 62 62 62 62 62 62 62 62 62 62 62 62 62
62 68 68 68 68 68 68 68 68 62 62 62 62 62 62 62 62
62 62 62 62 62 62 62 62 62 62 62 62 62 62 62 62 68
68 68 62 62 62 62 62 62 62 62 62 62 62 62 62 62 62
62 62 62 62 62 68 68 68 62 62 62 62 62 62 62 68 68
62 62 62 62 68 68 68 68 68 62 62 62 62 62 62 62 62
68 68 68 68 68 68 68 62 62 62 62 62 62 62 62 62 62
62 68 68 68 68 68 68 68 68 68 68 68 62 62 62 62 62
62 62 62 62 62 62 62 62 62 62 62 62 62 62 62 62 62
68 68 68 68 68 62 62 62 62 62 62 62 68 62 62 62 62
62 62 62 62 68 62 62 62 62 62 52 52 62 62 62 62 62
62 62 68 62 62 62 62 62 62 62 62 62 62 68 68 62 62
68 62 62 62 62 59 59 59 59 59 59 59 59 59 59 59 57
57 57 57 57 57 57 57 57 59 59 57 57 57 57 57 57 59
68 68 68 59 59 59 59 57 59 59 59 59 59 59 68 68 59
59 59 59 57 59 59 59 59 59 59 59 59 59 59 57 57 57
57 57 57 57 57 57 54 54 57 57 54 57 57 57 57 57 57
59 59 57 57 57 59 59 59 54 50 50 43 43 43 57 59 59
59 59 59 57 59 59 59 59 59 57 57 54 57 57 57 57 57
57 57 57 57 59 57 57 57 57 57 57 59 59 59 59 59 59
59 59 59 68 68 68 68 68 68 59 59 54 54 48 59 59 48
57 57 59 59 59 59 57 57 48 48 48 39 39 43 39 37 39
41 37 37 37 37 37 37 31 32 37 37 41 47 59 59 47 47
41 41 41 41 41 37 37 37 37 41 43 37 37 37 37 37 37
48 48 48 48 48 57 57 48 48 57 47 47 47 47 37 48 41
41 41 41 41 41 41 31 31 41 41 41 41 41 41 41 47 41
37 37 37 32 29 37 41 41 41 39 39 36 36 36 37 39 34
37 43 43 47 47 41 41 37 37 41 41 41 41 34 36 35 35
31 31 39 43 47 41 41 41 41 41 41 41 32 37 37 41 35
29 29 37 37 37 34 34 32 28 28 31 31 34 31 25 22 22
22 19 30 28 26 26 32 37 41 41 41 37 37 39 31 31 32
28 28 39 31 31 30 37 37 41 37 37 39 21 17 10 10 10
13 15 18 28 32 41 32 32 37 35 32 24 24 28 31 28 22
22 20 20 20 24 26 23 32 25 27 22

>4_A70_Premixed TRIM QUALITY: 20
22 24 27 29 23 22 19 22 22 28 32 37 37 42 50 50 50
50 50 50 50 47 47 42 42 43 43 57 57 59 57 57 57 57
57 57 48 54 54 54 47 48 48 48 48 48 54 54 54 59 59
59 59 57 57 57 57 57 59 57 57 57 57 59 59 57 57 57
57 57 57 57 54 54 54 57 59 59 59 59 59 59 59 59 68
68 68 68 59 57 59 59 59 59 68 68 57 57 48 48 48 57
59 59 59 68 68 68 68 68 57 57 57 57 59 59 59 59 59
59 59 68 68 68 68 68 68 68 68 68 68 68 68 68 68 68
68 68 68 68 68 68 68 68 57 59 68 68 68 68 68 68 68
68 68 68 68 68 68 68 68 68 68 68 68 68 68 68 68 68
68 68 68 68 68 68 68 68 68 68 68 62 62 62 62 62 62
62 62 62 62 62 62 62 62 62 62 62 62 62 62 62 62 68
68 68 68 68 68 68 68 68 68 68 68 68 68 68 68 68 62
62 62 62 62 62 62 68 68 62 62 62 62 62 62 62 62 62
62 62 62 68 68 68 68 68 68 62 62 68 68 68 68 68 62
62 62 62 68 68 68 62 62 62 62 62 62 62 62 68 68 68
68 68 68 68 68 68 68 68 68 68 68 68 68 68 62 68 68
62 62 62 62 68 68 68 68 68 68 68 68 62 62 62 62 68
68 68 68 68 68 68 68 68 68 68 68 68 68 68 68 68 68
68 68 62 62 62 62 62 62 62 68 68 68 62 62 62 62 62
68 68 68 68 68 68 68 68 68 68 68 68 68 68 62 62 62
62 62 62 62 68 68 68 68 62 62 62 62 62 62 62 68 68
68 62 62 62 62 62 62 62 68 68 68 68 68 68 68 68 68
68 68 68 62 62 62 62 62 62 62 68 68 68 68 68 68 68
68 68 62 62 62 62 62 62 62 68 68 68 68 68 68 68 68
68 68 68 68 68 62 62 62 62 62 62 62 62 62 62 62 68
68 68 68 68 68 68 68 68 68 68 68 68 68 68 68 62 62
62 62 62 62 62 68 68 62 62 62 62 62 62 62 68 68 68
62 62 62 62 62 62 62 62 62 62 62 62 68 68 68 68 68
68 68 68 68 68 68 68 68 68 68 68 68 68 68 68 68 68
68 68 68 68 68 68 68 62 62 62 62 62 62 59 59 57 57
57 59 59 59 59 59 59 59 59 59 68 68 68 68 68 59 59
59 59 59 68 59 68 68 68 68 68 68 68 68 68 68 59 68
68 68 68 68 68 59 59 59 59 59 59 59 59 59 59 59 57
57 59 59 57 59 59 59 59 68 68 57 57 57 57 57 59 59
59 59 59 59 54 54 54 59 59 59 59 59 59 57 59 59 59
59 59 57 57 57 57 57 57 59 59 57 59 59 57 57 57 57
57 57 57 57 59 59 59 59 59 59 59 59 59 59 59 59 59
59 59 59 59 54 54 54 59 59 59 59 59 59 59 68 68 57
57 54 54 54 57 57 48 48 48 57 57 57 48 48 48 48 57
57 57 57 57 50 59 59 48 41 41 41 41 41 39 39 37 37
37 34 41 43 41 37 37 37 37 41 48 48 48 57 57 57 59
57 47 47 53 53 47 47 48 48 47 47 47 47 40 40 35 31
31 40 39 44 44 44 37 37 43 41 41 31 31 41 41 47 47
47 47 46 48 48 48 48 48 48 48 47 59 47 41 41 41 41
37 37 41 41 41 41 34 31 35 35 31 31 39 43 44 41 41
40 39 39 41 41 37 41 37 41 41 47 47 47 46 41 39 39
41 32 32 37 31 34 21 24 12 12 12 21 25 32 29 26 32
37 32 22 14 16 10 10 10 10 10 10 11 15 16 32 31 37
37 37 29 31 32 37 33 31 28 24 20 20 20 31 34 41 32
29 34 33 32 25 20 23 23 28 24 25 17 17 17 22 30 30
37 34 29 29 26 26 19 19 14 14 14 27 27 27 15 12 9
9 13 11 14 10 17 24 26 33 25 28 16 16 16 22 24 23
20 20 34 28 32 32 28 21

>5_A70_Premixed TRIM QUALITY: 20
32 33 31 33 33 33 37 37 39 39 39 39 47 47 47 47 47
48 48 48 50 57 57 57 57 48 48 48 42 42 42 47 46 48
48 48 54 48 48 57 57 57 54 54 57 57 57 57 57 57 57
57 57 59 59 59 57 57 54 54 54 57 57 43 43 46 59 59
57 54 54 59 59 59 57 57 54 54 57 57 57 57 57 57 57
57 57 57 43 43 43 50 57 57 57 59 59 57 54 57 52 57
57 57 59 59 59 59 59 57 57 57 57 57 57 57 57 57 57
59 59 59 59 59 59 59 59 57 57 57 57 57 43 43 42 42
52 59 59 59 59 59 59 59 57 57 57 57 57 57 57 57 68
59 59 52 52 52 59 59 59 59 59 57 68 68 68 68 57 59
57 62 62 62 62 62 62 62 62 62 62 62 62 62 62 62 62
62 62 62 62 62 62 62 62 62 62 62 62 62 62 62 62 62
68 68 68 68 68 68 68 62 62 62 62 62 62 62 62 43 41
41 39 62 62 62 62 62 68 68 68 68 68 68 68 68 68 68
68 68 68 68 68 68 68 68 68 68 68 68 68 68 68 68 62
62 62 62 62 68 68 68 68 68 68 68 68 68 68 68 68 68
68 68 62 62 62 62 62 62 62 62 62 62 62 62 62 62 62
62 62 62 62 62 62 62 62 62 62 62 62 68 68 68 68 62
62 62 62 62 62 62 68 68 62 62 62 62 62 62 62 62 62
62 62 62 62 68 62 62 62 62 62 62 62 62 62 62 62 62
62 62 62 62 62 62 62 62 62 62 62 62 62 62 62 62 62
62 62 62 62 62 62 68 68 62 62 62 62 62 62 62 62 62
62 62 62 62 62 62 62 62 62 62 62 62 62 62 62 62 62
62 62 62 62 62 62 68 68 68 62 62 62 62 62 62 62 68
68 68 68 68 68 68 68 68 68 68 59 59 59 59 57 59 59
59 59 59 68 68 68 68 59 59 59 59 59 59 59 59 68 68
68 68 68 59 59 57 59 57 57 57 59 59 59 59 59 59 59
59 57 57 57 59 59 59 57 57 57 57 57 57 59 59 59 59
59 59 68 68 68 59 59 59 59 59 59 59 59 59 68 59 59
59 57 57 57 57 57 57 57 59 59 68 68 68 68 57 57 57
57 57 57 57 57 54 54 54 59 59 59 59 54 54 54 57 57
57 59 59 59 59 59 59 59 59 68 68 59 59 54 54 54 59
59 59 59 59 59 54 54 54 59 59 54 54 57 59 59 59 57
57 59 59 59 59 57 59 59 57 57 48 59 59 59 59 59 59
59 59 59 50 48 50 50 47 47 41 41 41 37 37 41 39 39
41 42 50 50 59 59 59 59 59 57 48 48 57 57 57 48 59
59 59 59 59 59 57 57 57 57 57 57 59 59 57 59 59 59
59 59 59 59 59 59 59 59 59 59 54 54 54 48 59 59 57
59 57 57 57 57 59 59 59 59 59 59 57 57 48 39 37 41
59 59 47 47 47 59 37 31 32 37 37 37 47 47 47 41 41
39 35 32 36 39 37 37 37 37 41 43 41 41 47 47 47 48
48 48 48 59 59 59 59 47 43 43 50 50 43 57 48 48 48
57 57 57 43 43 39 39 39 47 41 47 47 33 32 32 28 26
27 24 22 25 36 36 41 41 41 41 41 41 41 48 48 48 48
59 46 46 43 41 41 41 37 37 44 44 41 41 37 37 41 41
37 37 30 30 18 22 22 41 28 41 41 41 29 26 26 30 30
30 31 25 30 30 37 37 32 29 29 29 29 31 31 37 37 41
37 37 41 41 37 37 41 43 37 22 19 21 22 18 18 21 41
32 32 30 28 23 23 23 28 25 27 37 34 28 25 19 26 18
17 18 22 25 27 26

>6_A70_Premixed TRIM QUALITY: 20
30 28 29 29 23 23 19 22 22 28 32 33 33 33 33 33 41
41 47 47 50 50 50 50 50 50 50 57 57 57 57 53 53 50
50 50 50 54 54 54 48 48 47 47 47 48 54 54 54 59 59
59 59 68 68 68 68 68 68 68 68 68 68 59 59 59 57 57
57 68 68 68 68 68 68 68 68 68 68 68 68 68 68 68 68
68 68 68 68 68 68 68 68 68 68 68 57 57 57 57 57 57
59 68 68 68 68 68 68 68 68 68 68 68 68 68 68 68 68
68 68 68 68 68 68 68 68 68 68 68 68 68 68 68 68 68
68 68 68 68 68 68 68 68 68 68 68 68 68 68 68 68 57
57 57 57 59 59 68 68 68 68 68 59 59 59 59 59 59 59
68 68 68 68 68 68 68 68 68 68 68 68 68 68 68 68 68
62 68 68 68 68 68 68 68 68 68 68 68 68 68 68 68 68
68 68 68 68 68 68 68 68 68 68 68 68 68 68 68 68 68
68 68 68 68 68 62 68 68 68 68 68 68 68 68 68 68 68
68 68 68 68 68 68 68 68 68 68 68 68 68 68 68 68 68
68 68 68 68 68 68 68 68 68 68 68 68 68 68 68 68 68
68 68 68 68 68 68 68 68 68 68 68 68 68 68 68 68 68
68 68 68 68 68 68 68 68 68 68 68 68 62 62 62 62 62
68 68 68 68 68 68 68 68 68 68 68 68 68 68 68 68 68
68 68 68 68 68 68 68 68 68 68 68 68 68 68 68 68 68
68 68 68 68 68 68 68 68 68 68 68 62 62 62 52 52 62
62 68 68 68 68 68 68 68 68 68 68 68 68 68 68 68 68
68 68 68 68 68 68 68 68 68 68 68 68 68 68 68 68 68
68 68 68 68 68 68 68 68 68 68 68 68 68 68 68 68 68
68 68 68 68 68 68 68 68 68 68 68 68 68 68 68 68 68
68 68 68 68 68 68 68 68 68 68 68 68 68 68 68 68 68
68 68 68 68 68 68 68 68 68 68 68 68 68 68 68 68 68
68 68 68 68 68 68 68 68 68 68 68 68 68 68 68 68 68
62 62 62 62 62 62 62 68 68 68 68 68 68 68 68 68 68
68 68 68 68 68 68 68 68 68 68 68 68 68 68 68 68 68
68 68 68 68 68 68 68 68 68 68 68 68 68 59 59 59 59
59 59 59 68 68 68 68 68 68 68 68 68 68 68 68 68 68
68 68 68 68 68 68 68 68 68 68 68 68 68 68 68 68 68
68 68 68 68 68 59 59 68 68 68 68 68 68 68 68 68 59
59 57 57 57 57 57 68 68 68 68 59 59 59 59 59 59 59
59 59 57 57 57 57 57 57 59 68 68 59 59 59 59 59 68
68 68 57 57 54 57 57 57 57 57 57 59 59 68 68 68 68
68 68 57 57 59 68 57 57 57 68 68 59 59 68 68 68 68
68 68 54 54 54 54 54 57 59 59 59 59 59 59 68 68 68
68 68 68 68 57 57 48 48 48 57 57 57 57 57 57 57 57
57 57 57 57 50 48 48 48 47 47 46 41 41 39 37 31 32
37 37 41 59 37 33 33 33 33 36 48 57 57 57 57 57 59
59 57 57 53 50 47 48 48 47 47 47 47 57 57 57 48 48
48 57 57 48 48 50 50 50 47 47 47 47 41 44 37 37 44
59 59 59 59 46 41 37 37 37 37 37 41 47 47 47 41 41
37 41 44 44 41 41 29 29 32 32 31 34 39 44 44 37 37
37 37 37 41 41 37 37 37 37 37 37 30 31 32 41 34 37
30 25 25 27 31 37 34 37 30 31 31 29 39 35 31 31 39
39 41 32 32 31 31 37 30 29 32 26 26 27 32 37 37 37
37 41 37 37 39 37 37 28 32 23 28 28 25 32 25 28 14
14 18 32 28 31 28 28 25 25 21 23 20 18 20 24 28 28
34 30 29 29 29 29 29 27

>8_A70_Premixed TRIM QUALITY: 20
24 19 23 23 25 28 28 28 30 31 36 36 36 38 42 42 50
50 47 47 50 53 53 50 50 50 50 50 50 68 68 68 68 68
68 68 54 54 54 54 48 48 47 47 47 50 48 54 54 59 59
59 68 68 68 68 68 68 68 68 68 68 68 59 59 59 57 57
57 57 68 68 68 68 68 68 59 59 59 59 59 59 59 68 68
68 68 68 68 68 68 68 68 68 68 68 57 57 57 57 68 68
68 68 68 68 68 68 68 68 68 68 68 68 68 68 68 68 68
68 68 68 68 68 68 68 68 68 68 68 68 68 68 68 68 68
68 68 68 68 68 68 68 68 68 68 68 68 68 68 68 68 68
68 68 68 68 68 68 68 68 68 68 68 68 68 68 68 68 68
68 68 68 68 68 68 68 68 68 68 68 68 68 68 68 68 68
68 68 68 68 68 68 68 68 68 68 68 68 68 68 68 68 68
68 68 68 68 68 68 68 68 68 68 68 68 68 68 68 68 68
68 68 68 68 68 68 68 68 68 68 68 68 68 68 68 68 68
68 68 68 68 68 68 68 68 68 68 68 68 68 68 68 68 68
68 68 68 68 68 68 68 68 68 68 68 68 68 68 68 68 68
68 68 68 68 68 68 68 68 68 68 68 68 68 68 68 68 68
68 68 68 68 68 68 68 68 68 68 68 68 68 68 68 68 68
68 68 68 68 68 68 68 68 68 68 68 68 68 68 68 68 68
68 68 68 68 68 68 68 68 68 68 68 68 68 68 68 68 68
68 68 68 68 68 68 68 68 68 68 68 68 68 68 68 68 68
68 68 68 68 68 68 68 68 68 68 68 68 68 68 68 68 68
68 68 68 68 68 68 68 68 68 68 68 68 68 68 68 68 68
68 68 68 68 68 68 68 68 68 68 68 68 68 68 68 68 68
68 68 68 68 62 62 62 62 68 68 68 68 68 68 68 68 68
68 68 68 68 68 62 62 62 62 62 62 68 68 68 68 68 68
68 68 68 68 68 68 68 68 68 68 68 68 68 68 68 68 68
68 68 62 62 62 68 68 62 62 68 68 68 68 68 68 68 62
62 62 62 62 62 62 68 68 68 68 68 68 68 68 68 62 62
62 62 62 62 62 62 68 68 62 62 62 68 68 68 62 59 59
59 59 59 59 68 68 68 59 59 59 59 57 57 57 57 57 57
59 59 59 68 68 68 68 68 68 68 59 59 59 59 59 59 59
59 59 68 68 68 68 68 68 68 68 59 59 59 59 59 59 59
59 59 59 59 59 59 68 68 68 68 68 68 68 57 57 57 57
57 57 57 68 68 57 68 68 59 59 59 59 59 57 57 57 57
57 57 57 57 57 57 57 57 57 68 68 57 57 59 59 59 68
68 68 57 57 57 57 57 57 57 59 59 59 59 59 59 57 57
57 68 68 68 68 68 57 57 57 68 68 68 68 59 59 59 59
59 59 57 57 54 54 48 57 59 59 59 59 59 59 59 59 57
57 57 57 57 57 57 48 47 37 41 41 47 47 47 59 59 41
37 37 41 41 41 59 59 59 59 47 47 47 47 41 44 37 37
37 37 44 59 47 47 47 47 47 48 48 50 50 57 57 57 57
57 57 57 57 57 48 48 37 37 37 37 37 41 37 37 41 32
32 41 43 47 47 47 50 50 47 47 37 37 37 37 31 37 43
41 44 41 37 37 37 37 37 37 48 47 47 47 47 41 41 41
37 37 44 44 44 44 35 36 37 37 31 34 41 41 37 41 41
41 41 41 43 41 37 37 37 37 37 37 37 37 37 41 34 37
30 25 25 27 31 31 31 25 24 24 24 24 37 41 32 32 41
41 41 37 37 37 37 39 37 37 32 31 29 29 32 36 36 37
37 39 34 34 34 31 23 20 31 23 23 23 24 32 34 41 32
31 37 37 34 29 24 28 28 32 28 32 23 23 20 24 26 21
27 24 20 20 22 25 29 27 31 25 25 26 20 20 19 30 30
32 32 29 32 25 25 32 34 32 37 37 37 34 31 33 33 30
25 25 32 27 31 28 26 24

>9_A70_Premixed TRIM QUALITY: 20
30 33 33 33 33 33 37 37 39 39 47 36 36 30 30 30 34
39 47 48 48 48 48 48 48 48 48 48 42 42 39 42 40 39
48 48 48 54 54 48 59 59 59 59 57 48 57 46 46 43 43
43 46 39 43 43 42 48 42 42 39 57 37 37 37 57 57 57
48 48 48 59 59 54 54 54 57 57 57 57 57 57 47 47 48
48 43 43 32 32 32 44 43 48 52 59 59 68 57 57 44 44
35 35 35 44 43 52 52 57 52 52 52 57 57 57 57 57 57
59 59 68 68 59 59 68 59 59 57 57 52 57 57 59 59 59
59 59 59 52 52 52 59 57 57 52 52 43 59 59 59 59 44
44 52 52 52 59 59 59 59 57 57 57 59 57 57 57 52 52
52 62 62 39 39 39 62 62 39 35 35 62 62 52 52 52 62
62 39 39 39 43 43 62 62 62 62 62 62 62 62 52 52 52
62 52 52 52 52 62 62 52 52 45 45 62 44 44 31 31 31
44 44 62 52 52 52 52 52 62 62 62 62 62 62 62 62 62
62 52 52 52 62 62 62 62 62 62 62 62 62 52 43 43 43
43 62 62 62 52 52 52 52 52 52 52 52 52 52 62 43 43
35 35 35 43 43 44 43 43 43 29 29 31 44 44 52 52 52
62 62 43 43 29 29 29 43 43 62 43 43 39 43 43 62 45
45 45 62 62 62 52 52 52 62 62 43 39 39 39 43 39 41
43 43 39 39 39 43 43 62 39 39 39 43 43 52 62 62 43
43 39 43 44 43 43 31 31 31 44 44 62 52 43 43 39 39
39 39 39 43 43 43 52 45 43 43 35 35 35 41 43 41 43
43 52 52 52 52 52 43 43 43 43 43 43 39 39 41 43 43
52 45 43 43 41 41 41 47 43 43 43 39 39 35 35 35 43
43 52 52 52 52 62 52 52 62 62 52 52 43 43 26 26 26
43 39 39 39 43 39 39 39 43 43 39 43 35 35 35 43 43
52 52 52 52 52 43 43 35 35 35 44 44 45 45 43 43 39
39 43 43 43 35 43 43 43 43 35 26 26 43 43 43 45 45
52 43 43 43 45 45 43 43 35 35 35 44 43 52 52 52 52
45 52 57 52 52 43 43 31 31 31 43 42 43 45 43 43 35
35 35 35 32 32 24 24 28 43 43 43 43 43 52 52 45 45
45 52 52 52 52 43 43 38 42 35 35 35 43 42 43 43 43
43 35 43 31 38 41 43 43 43 35 35 35 43 43 38 39 39
43 43 52 43 43 32 32 32 43 43 28 36 36 43 43 43 43
43 42 41 37 37 47 47 47 37 32 32 23 23 23 44 44 44
44 43 44 43 44 47 47 31 41 20 20 20 31 28 37 39 39
43 36 36 26 30 30 37 31 39 32 40 41 43 39 39 39 43
43 39 39 37 37 30 30 30 40 37 37 28 23 23 32 32 20
21 21 32 32 40 40 43 39 35 35 32 24 23 20 18 18 25
24 33 30 30 30 31 37 37 34 29 28 31 28 28 28 28 28
25 25 20 27 32 24 29 29 24 28 28 33 33 36 36 36 36
36 36 39 37 37 33 32 30 34 32 37 43 35 31 31 35 34
34 30 28 21 23 15 15 15 24 25 33 33 35 31 31 34 34
23 18 18 24 19 25 32 34 34 23 19 19 23 23 28 28 24
24 33 34 28 28 28 30 29 29 35 36 36 35 24 28 28 21
19 19 23 23 23 23 19 22 23 28 25 28 24 31 25 32 23
20 20 32 28 25 24 24 30 22 18 18 18 23 22 24 24 24
24 19 25 19 20 18 28 28 31 24 25 21 21 23 23

