>Seg1-Bin1-Rep2_A70_Premixed TRIM QUALITY: 20
28 37 30 25 31 32 37 37 37 37 30 28 34 26 26 22 22
22 36 37 48 43 43 37 37 36 36 36 42 42 30 30 24 28
23 23 23 37 32 43 46 47 47 48 47 47 39 39 39 43 43
43 39 43 57 43 48 43 30 32 19 19 23 37 23 28 28 43
40 40 35 35 35 43 59 40 39 39 43 47 48 48 43 47 39
39 39 47 26 28 14 14 14 30 28 39 39 35 35 59 39 39
37 37 30 30 30 37 37 39 36 36 43 39 39 43 43 43 43
43 43 43 39 39 39 59 47 48 47 43 41 43 43 43 43 47
41 35 35 35 41 41 43 36 36 28 28 28 32 32 43 43 44
43 43 43 43 43 43 43 43 43 43 43 36 36 29 29 29 33
33 37 35 43 33 29 29 33 43 43 35 35 35 43 43 37 37
38 42 43 33 35 35 42 43 43 38 39 39 43 43 52 57 52
43 43 43 43 43 43 43 43 42 41 33 31 41 44 43 43 31
27 27 27 27 31 34 34 23 23 27 43 43 52 43 43 35 35
35 43 43 42 43 39 43 43 52 52 52 43 43 42 35 39 34
28 18 18 20 32 32 31 31 27 43 27 31 31 43 43 43 43
41 43 31 31 31 35 43 35 23 35 35 35 35 35 39 39 35
35 35 43 43 43 43 20 20 23 43 43 43 39 39 35 35 35
43 43 62 52 52 43 43 39 39 39 43 43 43 31 31 31 43
35 35 39 43 31 31 31 43 39 43 39 39 39 43 39 39 39
43 43 43 41 41 43 41 38 21 21 21 43 43 43 41 41 41
35 35 31 27 27 26 35 35 35 35 35 43 35 35 35 39 43
43 35 35 35 39 43 43 35 35 35 43 43 39 35 31 35 41
43 43 43 43 43 43 35 35 35 43 44 43 43 35 35 35 35
31 35 35 39 41 41 43 43 41 35 43 43 47 43 33 38 23
23 23 38 33 33 43 39 33 33 33 28 28 28 36 18 20 20
41 32 50 38 43 42 52 43 43 41 43 43 57 59 52 52 52
52 52 52 52 57 57 52 43 43 33 32 20 32 32 43 32 28
33 43 44 43 43 35 35 35 35 35 31 31 31 44 42 44 47
57 57 46 46 43 42 42 33 33 28 28 25 32 41 42 42 32
32 28 32 32 39 30 30 17 17 17 25 25 23 28 23 30 30
30 30 30 33 33 33 42 42 34 31 30 28 30 25 25 17 17
17 25 25 20 20 20 28 28 35 32 32 30 30 30 22 24 15
16 16 25 25 32 25 22 24 22 25 17 17 17 29 30 39 36
35 35 30 25 25 33 37 32 28 28 39 34 34 23 23 23 34
34 41 41 37 28 23 23 25 25 12 15 10 10 10 15 13 25
24 28 28 28 23 23 23 22 19 15 15 12 22 16 23 23 29
26 28 28 18 20 23 23 25 32 30 31 28 28 25

>Seg1-Bin1-Rep3_A70_Premixed TRIM QUALITY: 20
23 24 23 21 28 28 32 32 28 28 32 32 33 37 37 37 39
41 41 47 47 50 53 53 57 57 57 57 57 59 59 59 59 39
37 37 25 25 12 12 12 11 9 9 9 13 12 25 32 34 47 37
44 44 50 50 57 57 57 57 59 59 59 57 57 57 57 57 57
57 57 57 57 68 68 68 68 68 68 59 59 46 42 39 43 37
43 44 48 54 54 68 68 50 53 57 57 48 50 59 68 68 68
68 68 68 68 68 68 68 68 68 68 68 68 68 68 68 68 68
68 68 68 68 44 41 27 15 15 12 12 12 12 12 38 38 44
44 23 23 19 24 17 20 20 38 41 68 68 68 68 44 41 18
16 14 14 14 38 38 57 57 57 44 44 38 33 35 35 59 59
68 68 68 68 68 68 68 59 59 57 57 57 59 59 57 57 59
57 57 57 57 57 57 59 59 59 59 59 68 68 68 59 59 59
59 59 59 59 68 59 59 57 57 57 57 57 68 62 62 62 62
62 62 62 62 62 62 62 62 62 62 62 62 62 62 62 62 62
62 62 62 62 62 62 62 62 62 62 62 62 62 62 68 68 62
62 62 62 62 62 62 62 62 62 62 62 62 62 62 52 52 62
62 62 62 62 68 68 68 68 68 62 62 62 62 62 62 62 62
62 62 62 62 62 62 62 62 62 62 62 62 62 62 62 68 62
62 62 62 62 62 62 62 62 62 62 62 62 62 62 62 62 62
62 62 62 62 62 62 62 62 62 62 62 62 62 62 62 62 62
62 62 62 62 62 62 62 62 62 62 62 62 62 62 62 62 62
62 62 62 62 52 52 62 62 62 62 62 62 62 62 62 62 52
52 54 57 57 57 57 57 57 57 59 59 52 52 52 52 59 57
52 52 57 59 59 59 57 57 57 57 57 57 57 57 57 52 57
59 57 52 52 52 57 57 57 57 57 59 59 57 57 57 59 57
57 57 59 57 52 52 57 52 52 43 43 43 43 43 43 43 52
52 57 52 52 52 52 54 52 57 52 48 47 47 43 43 39 43
43 50 50 50 43 43 35 35 37 42 43 48 57 47 48 48 48
47 47 47 47 47 47 47 57 54 54 54 54 54 57 57 57 57
48 48 48 54 48 48 48 48 47 47 47 43 43 46 46 54 48
48 48 48 46 43 39 36 36 36 42 37 30 28 30 32 32 36
43 43 43 43 36 36 36 43 47 37 37 36 37 37 37 41 41
39 37 35 31 31 37 41 41 41 41 41 41 46 46 43 43 40
43 43 43 43 34 34 34 28 22 23 20 20 20 32 29 39 39
36 34 34 28 28 28 23 26 15 17 17 30 30 43 39 36 36
43 43 40 37 37 30 30

>Seg1-Bin2-Rep1_A70_Premixed TRIM QUALITY: 20
25 23 23 16 15 15 19 32 33 33 37 37 37 50 50 53 47
50 50 50 36 36 37 42 57 57 59 57 53 53 53 50 50 39
37 37 37 30 27 19 20 20 32 28 32 37 37 37 39 47 59
48 53 57 57 59 57 57 50 53 53 53 50 50 57 57 57 57
57 57 68 68 68 68 68 68 68 68 68 68 59 57 54 54 54
57 57 57 57 68 68 68 68 68 68 68 68 68 68 68 68 68
68 68 68 68 68 68 68 68 68 68 68 68 68 68 68 68 68
68 68 68 68 68 68 68 68 59 59 47 47 47 57 57 57 57
57 57 54 54 50 50 50 54 54 57 57 68 68 57 59 52 52
52 52 54 59 59 54 54 52 52 52 52 52 52 52 52 57 57
59 57 57 57 59 59 59 57 57 57 57 57 57 57 57 57 52
52 52 52 57 57 57 57 57 57 52 52 57 57 57 57 57 57
57 52 57 57 59 59 59 57 57 57 62 62 62 52 43 43 35
35 35 62 62 43 43 35 35 35 47 47 62 43 43 43 43 43
62 62 62 52 52 52 62 62 62 52 52 52 62 62 62 52 52
52 62 52 52 62 62 52 52 52 52 52 62 62 62 62 52 52
52 62 62 62 62 62 62 62 62 62 52 43 43 43 43 62 62
62 52 52 62 62 62 62 62 62 62 62 62 62 62 62 62 52
52 52 62 62 62 62 62 62 52 52 52 62 52 52 52 62 62
62 62 62 62 62 52 52 52 62 43 43 35 39 39 62 62 62
62 62 62 62 52 52 52 62 52 52 52 52 52 57 57 52 52
52 52 57 57 57 57 57 57 52 52 52 59 59 57 57 57 57
57 45 45 52 57 52 52 52 52 52 57 57 43 39 39 43 59
59 57 57 57 57 57 57 59 57 52 52 59 52 52 52 52 52
52 52 52 52 52 52 52 52 52 54 57 59 57 54 54 50 50
39 39 38 47 43 43 29 42 32 42 42 43 57 59 50 43 43
44 57 48 54 48 48 48 48 48 57 57 57 57 57 48 48 48
48 48 48 48 46 46 48 48 48 48 48 44 59 44 43 43 43
43 43 43 43 43 43 43 43 43 47 43 43 43 46 43 48 48
48 48 48 48 48 48 48 48 48 48 48 48 48 47 59 39 39
39 43 43 47 37 37 37 37 37 37 39 37 31 25 28 39 59
41 41 41 47 47 48 48 48 48 48 48 48 48 48 48 48 48
48 48 48 48 47 57 43 43 43 43 43 48 48 48 48 48 48
54 54 48 57 48 54 54 48 48 43 43 41 37 35 39 39 48
48 59 48 48 48 47 46 43 43 43 43 46 47 39 35 35 35
39 39 48 41 40 47 41 41 37 37 31 36 41 37 37 41 41
41 41 43 43 43 46 57 48 48 48 48 59 57 57 48 48 37
37 23 23 23 28 28 35 47 39 35 35 31 37 30 30 30 22
19 13 13 13 24 28 35 35 35 39 39 48 48 32 32 20 20
20 16 16 24 23 33 33 39 39 35 37 37 14 13 8 8 10
17 20 39 40 40 40 43 40 41 41 41 47 37 35 31 28 37
37 37 37 37 37 37 43 48 48 48 48 43 43 39 36 36 36
39 39 37 37 37 37 37 34 28 31 37 37 32 24 24 31 32
32 25 16 12 12 18 18 25 33 34 17 11 10 15 10 10 11
26 30 35 37 39 39 28 32 20 18 15 26 26 32 27 27 32
25 23 24 15 18 10 15 10 11 15 13 10 15 16 21 16 23
23 28 30 22 18 17 17 19 26 26 33 27 30 37 32 26 31
37 30 34 28 18 21 21 15 14 19 19 22 20 31 37 37 24
24 24 24 30 22 20 22 22 22 26 26

>Seg1-Bin2-Rep2_A70_Premixed TRIM QUALITY: 20
21 22 24 32 20 18 18 19 19 28 32 37 37 41 41 40 48
48 48 37 39 33 34 34 34 34 43 59 59 59 57 48 48 48
48 48 39 37 37 27 27 19 15 16 17 15 16 15 18 15 15
20 32 34 47 41 47 50 57 57 50 57 57 59 59 59 57 57
57 57 48 48 47 47 47 54 59 68 68 68 68 68 59 59 42
37 37 37 37 39 44 57 57 57 57 57 48 57 48 48 48 57
59 68 68 68 68 68 57 57 57 57 57 57 59 59 59 68 68
59 59 57 57 57 57 57 57 57 57 57 48 48 48 59 59 57
57 57 57 57 57 57 57 57 57 57 57 57 57 57 57 57 57
52 52 52 57 57 57 59 59 59 52 52 52 52 52 59 59 57
57 57 59 59 57 57 57 57 57 59 59 57 57 57 57 57 57
57 52 52 52 57 57 52 52 52 57 57 57 57 57 57 57 57
57 57 57 57 59 59 57 57 57 57 57 57 59 59 59 62 62
62 62 62 62 62 62 62 62 62 62 52 52 52 62 62 62 62
52 62 62 62 62 62 62 62 62 62 62 62 62 62 62 62 62
52 52 52 62 62 62 62 62 62 62 62 62 62 62 62 52 52
62 62 62 62 62 62 62 62 62 62 52 52 52 62 62 62 62
62 62 62 62 62 62 62 62 62 62 62 62 62 62 52 52 52
62 62 62 62 62 62 62 62 62 62 62 62 62 62 62 62 52
52 52 52 62 62 62 62 62 62 62 62 62 62 62 62 62 62
62 62 62 62 62 62 62 62 62 62 62 62 62 62 52 52 52
62 62 62 62 62 62 62 62 62 62 62 52 52 52 62 62 62
62 52 52 52 62 62 62 62 62 62 62 62 62 62 62 52 52
52 62 62 62 62 62 62 62 62 62 62 62 62 62 57 57 57
59 59 57 57 57 57 57 57 57 57 57 57 57 57 57 57 57
57 57 57 57 57 57 59 57 57 52 57 52 52 52 57 59 57
57 54 54 57 57 57 59 59 57 57 52 57 52 54 54 52 52
52 52 52 52 52 54 54 52 52 52 52 52 52 57 57 57 57
57 52 52 52 52 52 59 59 50 50 48 48 48 57 57 57 57
57 57 59 57 57 57 57 48 44 44 43 44 57 57 44 43 43
44 44 48 59 59 59 59 57 57 48 48 48 48 57 48 48 48
48 57 57 57 57 48 48 48 48 48 48 57 57 54 54 54 54
48 48 48 48 48 59 59 47 47 39 37 35 39 40 43 43 43
43 43 43 43 48 48 48 48 48 41 41 41 41 30 22 18 11
11 16 19 37 37 41 41 43 39 39 35 35 39 39 43 39 39
39 39 39 39 43 43 43 43 39 39 39 42 43 43 43 39 42
39 39 36 39 39 39 39 37 42 42 42 37 37 43 43 43 43
43 43 43 37 33 30 30 30 30 30 37 33 37 28 28 28 34
34 37 15 13 8 8 8 8 21 25 28 23 18 15 15 21 21 28
39 39 39 37 33 30 18 14 9 9 9 14 13 19 15 14 14 14
14 18 24 24 36 36 32 27 31 35 36 36 23 19 11 6 6 6
11 17 30 37 37 37 37 26 26 28 28 28 24 33 40 39 30
32

>Seg1-Bin2-Rep3_A70_Premixed TRIM QUALITY: 20
23 21 23 25 23 23 19 22 22 28 32 33 33 33 33 33 44
44 53 53 53 53 53 50 53 53 53 53 53 53 53 53 53 53
53 53 53 68 68 54 35 32 20 23 23 32 32 47 47 48 48
57 57 59 68 68 68 68 68 68 68 68 68 68 68 68 68 68
68 68 68 68 68 68 68 68 68 68 68 68 68 68 68 68 68
68 68 57 59 57 57 68 68 68 68 68 68 68 68 68 68 68
68 68 68 68 68 68 68 68 68 68 68 68 68 68 68 68 68
68 68 68 68 68 68 68 68 57 57 43 27 27 12 11 11 12
27 38 57 57 38 27 14 14 14 18 38 43 52 59 59 41 41
20 15 15 18 18 26 38 43 59 59 59 41 38 18 18 18 20
20 43 43 59 59 59 59 57 57 57 57 62 43 43 41 39 43
43 43 52 52 52 52 52 52 52 62 52 52 52 52 52 52 62
52 52 52 43 62 43 52 52 52 52 62 52 52 52 62 62 62
43 43 39 43 43 52 52 52 43 43 43 39 39 43 43 52 52
52 43 43 39 43 43 43 43 43 43 39 43 43 45 52 52 43
43 52 52 43 43 31 31 23 39 27 39 35 39 39 39 39 39
43 43 39 39 43 43 52 52 52 62 47 62 39 39 43 43 43
52 52 52 62 62 62 62 62 62 62 62 62 62 62 62 62 62
62 62 68 68 68 68 68 68 68 62 62 62 62 62 62 62 62
62 62 62 62 62 62 68 68 68 68 68 62 62 62 62 62 62
62 68 68 68 68 62 62 62 68 68 68 68 68 68 68 68 62
62 52 52 52 62 62 68 62 62 62 62 62 62 62 62 68 68
68 62 62 62 62 62 62 62 62 68 68 68 68 68 62 62 62
62 62 62 62 62 62 62 62 62 62 62 62 62 62 62 62 62
62 62 62 62 62 62 62 62 62 62 62 62 62 62 62 62 62
62 62 62 62 62 62 62 62 62 62 62 62 62 62 62 62 62
62 62 62 62 68 68 68 62 62 62 62 62 62 62 68 68 68
62 62 62 62 62 62 62 62 62 62 62 62 62 62 62 62 62
62 62 62 62 62 62 62 62 62 62 62 62 62 62 62 62 62
62 62 68 62 62 62 62 62 62 62 62 62 62 62 62 57 57
59 57 57 57 57 57 57 59 59 59 59 57 57 57 57 52 52
57 57 59 57 57 57 57 57 57 59 57 57 57 57 57 57 57
57 59 59 59 59 59 59 59 59 59 59 59 57 57 54 54 54
57 59 68 68 59 57 57 57 57 57 57 57 57 57 57 57 57
57 57 57 57 57 57 57 59 59 59 59 59 59 57 57 57 57
57 57 59 59 59 59 59 57 57 47 47 47 57 57 57 57 57
57 57 57 57 54 57 57 57 57 57 57 57 57 57 59 57 57
57 54 54 54 54 48 50 54 54 54 54 43 43 41 41 41 42
57 48 48 48 48 48 48 48 48 48 48 40 43 28 35 35 39
43 57 59 47 33 33 28 37 37 37 47 47 41 41 41 41 32
24 24 28 30 30 39 47 41 41 41 41 41 41 41 17 12 8
8 8 19 19 33 32 27 24 20 22 30 37 32 32 32 33 30
30 37 39 50 53 48 32 20 14 14 14 24 30 28 24

>Seg1-Bin3-Rep2_A70_Premixed TRIM QUALITY: 20
25 28 28 29 24 23 19 22 22 29 37 37 37 42 50 37 41
41 47 47 53 53 53 50 50 50 53 57 57 59 59 59 59 59
59 59 53 68 68 48 43 42 39 39 39 46 46 48 48 57 57
68 68 68 68 68 68 68 68 68 68 68 68 68 68 68 68 68
68 68 68 68 68 68 68 68 68 68 68 68 68 68 68 68 68
68 68 68 68 68 68 68 68 68 68 68 51 51 50 68 68 50
68 68 68 68 68 68 68 68 68 68 68 68 68 68 68 68 68
68 68 68 68 68 68 68 68 68 68 68 68 68 68 68 68 68
68 68 68 68 68 68 68 68 68 68 68 68 68 68 68 68 68
68 68 68 68 68 68 68 68 68 68 68 68 68 68 68 68 68
68 68 68 68 68 68 68 68 68 68 68 68 68 68 68 68 68
68 68 68 68 68 68 68 68 68 68 68 68 68 68 68 68 68
68 68 68 68 68 68 68 68 68 68 68 68 68 68 68 68 68
68 68 68 68 68 68 68 68 68 68 68 68 68 68 68 68 68
68 68 68 68 68 68 68 68 68 68 68 68 68 68 68 68 68
68 68 68 68 68 68 68 68 68 68 68 68 68 68 68 68 68
68 68 68 68 68 68 68 68 68 68 68 68 68 68 68 68 68
68 68 68 68 68 68 68 68 68 68 68 68 68 68 68 68 68
68 68 68 68 68 68 68 68 68 68 68 68 68 68 68 68 68
68 68 68 68 68 68 68 68 68 68 68 68 68 68 68 68 68
68 68 68 68 68 68 68 68 68 68 68 68 68 68 68 68 68
68 68 68 68 68 68 68 68 68 68 68 68 68 68 68 68 68
68 68 68 68 68 68 68 68 68 68 68 68 68 68 68 68 68
68 68 68 68 68 68 68 68 68 68 68 68 68 68 68 68 68
68 68 68 68 68 68 68 68 68 68 68 68 68 68 68 68 68
68 68 68 68 68 68 68 68 68 68 68 68 68 68 68 68 68
68 68 68 68 68 68 68 68 68 68 68 68 68 68 68 68 68
68 68 68 68 68 68 68 68 68 68 68 68 68 68 68 68 68
68 68 68 68 68 68 68 68 68 68 68 68 68 68 68 68 68
68 68 68 68 68 68 68 68 68 68 68 68 68 68 68 68 68
68 68 68 68 68 68 68 68 68 68 68 68 68 68 68 68 68
68 68 68 68 68 68 68 68 68 68 68 68 68 68 68 68 68
68 68 68 68 68 68 68 68 68 68 68 68 68 68 68 68 68
68 68 68 68 68 57 57 57 68 68 68 68 68 68 68 68 68
68 68 57 57 57 57 57 59 59 57 57 57 57 50 50 57 57
57 57 59 59 59 59 59 37 37 37 37 37 37 41 41 44 44
59 59 41 47 47 48 48 48 59 59 59 59 57 50 50 50 50
50 50 50 50 50 59 59 57 57 57 59 59 68 68 68 68 68
68 68 54 54 54 54 48 50 50 50 50 50 50 50 50 50 47
50 50 50 50 50 57 48 48 50 50 50 50 59 59 59 59 32
32 28 32 32 33 59 59 59 59 41 37 47 47 50 50 48 57
57 57 57 57 57 57 48 48 48 48 48 48 57 57 57 57 48
48 48 57 57 57 53 34 32 24 19 16 17 30 28 30 28 24
24 28 32 33 33 33 33 47 48 48 48 47 47 37 37 37 37
39 39 29 26 13 12 12 19 19 28 37 34 34 25 25 28 34
32 25 30 30 31 37 25 25 23 20 18 21 27 27 17 12 12
12 13 16 19 25 14 11 8 8 8 17 10 20 20 28 24 28 14
14 14 25 26 37 23 23 15 14 14 14 24 28 28 28 31 30
32 32 35 47 37 37 37 37 37 31 24 28 30 23 20 10 12
17 25

>Seg3-Bin1-Rep2_A70_Premixed TRIM QUALITY: 20
24 23 23 16 15 15 19 32 33 33 37 37 37 50 50 53 36
36 36 50 36 36 37 42 57 57 59 57 53 53 53 50 50 53
68 68 48 34 32 22 22 22 32 32 47 47 47 47 48 59 59
68 68 68 68 68 68 68 68 68 68 68 68 68 68 68 68 68
68 68 68 68 68 68 68 68 68 68 68 68 68 57 57 68 57
57 57 57 68 68 68 68 68 68 68 68 68 68 68 68 68 68
68 68 68 68 68 68 68 68 68 68 68 68 68 68 68 68 68
68 68 68 68 68 68 68 68 68 68 68 68 68 68 68 68 68
68 68 68 68 68 68 68 68 68 68 68 68 68 68 68 68 68
68 68 68 68 68 68 68 68 68 68 68 68 68 68 68 68 68
68 68 68 68 68 68 68 68 68 68 68 68 68 68 68 68 68
68 68 68 68 68 68 68 68 68 68 68 68 68 68 68 68 68
68 68 68 68 68 68 68 68 68 68 68 68 68 68 68 68 68
68 68 68 68 68 68 68 68 68 68 68 68 68 68 68 62 62
62 62 62 62 62 68 68 68 68 68 68 68 68 68 68 68 68
68 68 68 68 68 68 68 68 68 68 68 68 68 68 68 68 68
68 68 68 68 68 68 68 68 68 68 68 68 68 68 68 68 68
68 68 68 68 68 68 68 68 68 68 68 68 68 68 68 68 68
68 68 68 68 68 68 68 68 68 68 68 68 68 68 68 68 68
68 68 68 68 68 68 68 68 68 68 68 68 68 68 68 68 68
68 68 68 68 68 68 68 68 68 68 68 68 68 68 68 68 68
68 68 68 68 68 68 68 68 68 68 68 68 68 68 68 68 68
68 68 68 68 68 68 68 68 68 68 68 68 68 68 68 68 68
68 68 68 68 68 68 68 68 68 68 68 68 68 68 68 68 68
68 68 68 68 68 68 68 68 68 68 68 68 68 68 68 68 68
68 68 68 68 68 68 68 68 68 68 68 68 68 68 68 68 68
68 68 68 68 68 68 68 68 68 68 68 68 68 68 68 68 68
68 68 68 68 68 68 68 68 68 68 68 68 68 68 68 68 68
62 62 62 62 62 68 68 68 68 68 68 68 68 68 68 68 68
68 68 68 68 68 59 59 59 59 59 59 59 59 59 59 59 59
68 68 68 68 68 68 68 68 68 68 59 59 59 59 59 68 68
68 68 68 68 68 68 68 68 68 68 68 68 68 68 68 68 68
68 68 68 68 68 68 68 68 68 68 68 68 68 68 68 68 68
68 68 57 59 57 57 57 57 50 50 50 50 50 57 57 57 57
57 57 57 68 68 68 68 57 57 59 68 57 57 57 57 57 57
57 57 57 57 57 57 57 57 57 57 59 59 59 59 59 68 68
57 57 57 57 57 59 59 59 59 59 59 59 57 57 54 54 48
48 48 48 48 54 54 68 68 59 57 54 54 53 50 50 57 50
50 43 43 43 43 43 43 47 48 57 57 57 59 59 59 59 59
59 47 47 47 41 41 37 41 44 44 41 37 37 23 20 12 12
12 23 27 41 47 30 34 23 23 23 30 31 32 32 22 22 28
34 30 30 25 22 22 27 37 37 37 30 28 28 32 32 37 31
28 28 29 30 31 37 41 37 37 36 27 21 15 15 15 27 24
25 15 13 8 8 8 17 19 39 43 33 26 30 19 20 20 32 32
39 40 40 39 39 37 37 28 28 28 28 28 35 37 37 37 39
35 32 31 28 32 30 23 22 28 29 23 23

>Seg3-Bin2-Rep1_A70_Premixed TRIM QUALITY: 20
27 30 28 37 37 30 28 28 30 32 33 37 37 37 32 30 24
29 22 19 19 28 37 44 47 47 37 37 37 37 39 44 44 36
36 26 29 19 16 16 21 21 28 33 34 47 47 59 59 44 39
39 44 59 44 47 47 50 59 59 59 48 53 57 57 39 44 39
39 39 44 59 59 59 59 59 59 59 59 59 57 57 57 57 54
54 57 68 68 68 68 39 43 28 28 28 43 44 68 68 68 68
68 57 57 57 57 57 57 59 68 68 68 68 68 68 68 68 68
68 68 68 68 68 68 68 68 68 68 68 68 68 68 68 68 68
68 68 68 68 68 68 68 68 68 68 68 68 68 68 68 68 68
68 68 68 68 68 68 68 68 68 68 68 68 68 68 68 68 68
68 68 68 68 68 68 68 68 68 68 68 68 68 68 68 68 68
68 68 68 68 57 57 57 57 57 57 57 68 68 68 68 68 68
68 68 68 68 68 68 68 68 68 68 68 68 68 68 68 68 68
68 68 68 68 68 68 68 68 68 68 68 68 68 68 68 68 68
68 68 68 68 68 68 68 68 68 68 68 68 68 68 68 68 68
68 68 68 68 68 68 68 68 68 68 68 68 68 68 68 68 68
68 68 68 68 68 68 68 68 68 68 68 68 68 68 68 68 68
68 68 68 68 68 68 68 68 68 68 68 68 68 68 68 68 68
68 68 68 68 68 68 68 68 68 68 68 68 68 68 68 68 68
68 68 68 68 68 68 68 68 68 68 68 68 68 68 68 68 68
68 68 68 68 68 68 68 68 68 68 68 68 68 68 68 68 68
68 68 68 68 68 68 68 68 68 68 68 68 68 68 68 68 68
68 68 68 68 68 68 68 68 68 68 68 68 68 68 68 68 68
68 68 68 68 68 68 68 68 68 68 68 68 68 68 68 68 68
68 68 68 68 68 68 68 68 68 68 68 68 68 68 68 68 68
68 68 68 68 68 68 68 68 68 68 68 68 68 68 68 68 68
68 68 68 68 68 68 68 68 68 68 68 68 68 68 68 68 68
68 68 68 68 68 68 68 68 68 68 68 68 68 68 68 68 68
68 68 68 68 68 68 68 68 68 68 68 68 68 68 68 68 59
59 59 59 59 59 59 59 59 57 50 50 50 50 50 57 59 59
59 59 50 50 50 50 42 41 43 44 44 41 41 44 59 44 47
47 50 50 50 59 50 50 50 50 50 53 57 57 59 59 59 57
53 50 50 50 50 57 59 68 68 68 68 68 68 68 68 59 59
59 59 59 57 57 57 57 57 57 57 57 57 59 59 57 48 59
59 59 59 59 59 59 59 59 44 41 41 44 59 44 41 42 50
50 50 48 48 50 57 57 57 59 59 57 57 57 57 48 48 48
57 57 50 57 57 57 57 57 59 59 59 57 57 57 57 57 57
57 57 54 54 54 54 54 54 57 57 57 57 57 57 57 57 48
48 48 59 59 48 59 59 59 59 57 50 47 41 37 37 37 37
41 47 44 44 37 37 37 37 37 37 37 37 37 37 41 44 44
44 44 44 37 32 32 32 28 26 19 23 16 11 11 18 28 37
37 32 31 31 37 37 41 59 59 59 59 48 48 48 34 34 25
25 17 18 20 21 29 25 39 40 34 32 22 22 28 28 34 30
31 31 31 28 28 25 20

>Seg3-Bin2-Rep2_A70_Premixed TRIM QUALITY: 20
32 32 41 41 29 29 28 28 28 28 35 39 39 39 39 35 35
36 40 40 35 37 35 39 39 47 43 46 43 43 43 43 43 43
48 48 54 54 54 48 48 48 48 43 44 43 37 37 43 44 57
57 44 43 43 43 57 44 44 39 39 37 37 37 57 44 48 47
57 47 42 42 37 35 35 47 44 47 43 35 35 41 42 43 43
43 43 43 43 43 37 43 43 47 39 36 28 24 24 27 32 19
22 18 18 21 19 12 12 16 22 28 29 29 29 19 33 29 29
29 33 30 30 30 28 30 30 34 34 37 37 33 37 30 24 24
18 15 15 12 12 14 22 22 14 15 14 15 13 14 18 18 16
16 17 20 23 28 28 28 28 28 28 28 25 25 21 22 11 11
11 17 17 22 28 24 28 25 25 25 30 25 23 23 23 28 25
25 25 30 17 17 17 24 21 25

>Seg3-Bin3-Rep1_A70_Premixed TRIM QUALITY: 20
23 19 23 25 24 23 18 16 16 20 32 33 33 33 33 33 44
44 47 47 50 53 53 53 53 53 53 57 57 59 59 59 59 59
59 59 53 68 68 54 43 43 28 28 28 40 40 48 48 47 48
59 59 59 68 68 68 68 68 68 68 68 68 68 68 68 68 68
68 68 68 68 68 68 68 68 68 68 68 68 68 68 68 68 68
68 68 68 68 68 68 68 68 68 68 68 68 68 68 68 68 68
68 68 68 68 68 68 68 68 68 68 68 68 68 68 68 68 68
68 68 68 68 68 68 68 68 68 68 41 41 13 13 11 11 11
28 18 23 27 44 44 57 57 36 24 16 14 12 12 15 15 20
27 27 34 23 23 20 23 23 44 44 38 38 14 14 14 38 38
57 57 57 59 59 59 57 57 57 57 57 62 62 62 62 62 62
62 62 62 62 62 62 62 62 62 62 62 62 62 62 62 62 62
62 62 62 62 62 62 62 62 62 62 62 62 62 62 62 62 62
62 62 62 62 62 62 62 62 62 62 62 52 52 52 62 62 62
62 52 52 52 62 62 62 62 62 62 62 62 62 62 62 62 62
62 62 62 62 62 62 62 62 62 62 52 52 62 62 62 62 62
62 62 62 62 62 62 62 62 62 62 62 62 62 62 62 62 62
62 62 62 62 62 62 62 62 62 62 62 62 62 62 45 45 45
62 62 62 62 62 62 62 62 62 62 62 62 62 62 62 62 62
62 62 62 62 62 62 62 62 62 62 62 62 62 62 62 62 62
62 62 62 62 62 62 62 62 62 62 62 62 62 62 62 62 62
62 62 62 62 62 62 62 62 62 62 62 62 62 62 62 62 62
62 62 62 62 52 52 52 62 62 62 62 62 62 62 62 52 52
52 62 62 62 52 52 52 62 62 62 62 62 62 62 62 62 62
62 62 62 62 62 62 62 62 62 62 62 62 62 62 62 62 62
62 62 62 57 57 57 57 52 52 57 59 52 52 52 57 52 43
43 43 43 52 59 59 57 57 57 52 52 52 57 52 52 57 57
57 59 59 57 57 57 57 59 59 59 59 52 52 52 57 57 57
57 57 57 57 54 54 57 57 54 54 54 57 57 59 59 59 52
52 52 52 57 57 44 44 29 23 23 38 38 47 50 57 50 43
43 43 57 50 50 50 47 47 47 57 57 48 36 30 28 24 24
37 42 42 43 46 46 47 57 44 48 57 57 57 42 39 35 35
35 37 37 35 35 39 42 48 48 48 48 43 43 43 41 41 48
48 41 46 43 43 39 39 39 30 33 30 36 28 32 32 32 24
32 16 18 15 28

>Seg3-Bin3-Rep2_A70_Premixed TRIM QUALITY: 20
29 37 30 31 37 33 33 33 47 47 50 50 50 42 42 37 37
37 42 57 57 57 57 50 53 50 50 50 39 37 37 34 25 21
11 11 11 23 23 37 37 35 37 47 47 48 48 53 57 57 59
57 57 57 59 59 59 59 47 47 50 50 50 50 50 68 68 68
68 68 68 68 68 68 59 59 57 57 57 57 54 57 57 57 68
68 68 68 57 57 57 57 57 57 59 57 57 68 68 68 68 68
68 68 68 68 68 68 68 68 68 68 68 68 68 68 68 68 68
68 35 35 20 16 15 12 12 12 15 15 38 27 38 13 13 12
24 18 27 23 32 32 28 24 14 16 14 28 27 44 29 29 29
44 44 57 52 52 52 57 52 43 43 52 52 57 59 68 68 68
68 68 68 68 68 68 68 68 68 68 68 68 68 68 68 68 68
68 68 68 68 68 68 68 68 68 68 68 57 57 59 59 59 59
59 68 68 68 68 68 68 68 68 68 68 68 68 68 62 62 62
62 62 62 62 62 62 62 62 62 62 62 62 62 62 62 62 62
62 62 62 62 62 62 62 62 62 62 62 68 68 68 68 68 68
68 68 68 68 68 68 68 68 68 68 68 68 68 68 68 68 68
68 68 68 68 62 62 62 62 52 62 62 62 62 62 62 62 62
62 62 62 62 62 62 62 62 62 62 62 62 68 68 62 62 62
62 62 62 62 62 62 62 62 62 62 62 62 62 62 62 62 62
62 62 62 62 62 62 62 62 62 62 62 62 62 62 62 62 62
62 62 62 62 62 62 62 62 62 62 62 62 62 68 68 68 68
68 62 62 62 62 62 62 62 62 62 62 62 62 62 62 62 62
62 62 52 52 62 62 62 62 62 62 62 62 62 52 52 52 62
62 62 62 62 62 62 62 62 62 62 62 52 62 62 62 62 62
62 57 57 59 57 57 57 57 57 57 57 57 57 57 59 57 52
52 52 57 57 57 52 52 52 59 59 57 59 59 52 45 45 52
52 52 52 52 57 57 57 52 57 52 52 52 57 57 57 57 57
57 54 57 57 57 57 57 52 52 52 57 52 52 52 52 52 52
52 57 52 52 52 52 52 52 52 52 43 43 43 57 50 50 54
50 59 43 43 37 43 43 57 57 59 54 54 54 48 48 44 37
36 28 28 28 36 32 42 35 35 37 42 42 47 47 48 47 47
43 47 47 47 48 48 43 43 43 43 43 43 43 39 47 35 35
35 37 31 34 36 36 37 37 39 42 30 30 24 29 24 28 37
37 37 33 37 28 28 28 31 20 22 22 24 22 33 39 46 37
37 37 27 20 20 30 33 37 39 37 37 37 37 26 26 25 24
24 33 28 32 22 22 22 28 24 24 14 18 18 22 28 31 20

>Seg5-Bin1-Rep1_A70_Premixed TRIM QUALITY: 20
20 19 22 23 23 22 19 22 22 28 31 28 28 37 37 37 41
42 42 33 33 33 36 36 50 50 53 59 57 57 57 53 53 53
50 50 39 37 37 37 29 29 19 18 18 27 29 37 37 40 43
41 59 59 50 53 53 57 57 57 53 57 57 59 59 59 57 57
57 57 57 57 57 68 68 68 68 68 68 68 68 68 68 59 57
57 57 57 57 57 57 54 68 68 68 68 68 68 57 57 57 57
59 68 68 68 68 68 68 68 68 68 68 68 68 68 68 68 68
68 68 68 68 68 68 68 68 34 34 12 12 12 15 18 20 32
43 44 57 38 38 17 17 17 18 30 20 20 20 38 38 57 57
52 32 32 18 18 27 44 44 54 54 52 52 52 52 52 52 52
52 57 57 57 57 57 57 59 57 57 57 57 57 52 52 52 57
57 43 39 39 39 43 43 57 57 57 57 52 52 52 52 57 57
52 52 52 52 52 52 52 59 59 57 52 52 57 62 62 62 52
43 43 35 35 35 62 62 44 43 31 35 35 43 43 52 43 43
39 43 43 52 62 62 52 52 52 52 62 62 62 52 52 62 62
62 52 52 52 62 52 52 43 62 43 43 43 43 43 52 62 62
62 52 52 52 62 62 62 62 62 62 62 62 62 52 62 43 43
43 62 62 62 54 52 62 62 62 52 62 52 52 62 62 62 52
62 52 52 52 52 62 62 62 62 62 52 52 52 62 62 62 62
52 62 62 62 62 62 62 62 52 52 52 62 62 62 45 52 52
62 62 62 62 62 62 62 52 52 52 62 52 52 52 52 52 62
62 52 52 52 52 62 62 62 62 62 52 52 52 52 62 62 62
62 62 62 62 52 52 62 62 52 52 52 62 62 62 62 52 52
52 62 62 62 62 62 62 62 62 62 62 62 62 62 62 62 62
52 62 52 52 52 52 62 62 62 52 52 52 62 62 62 62 52
52 52 52 52 52 52 62 43 43 35 43 39 43 43 52 57 57
57 52 52 52 57 52 52 52 57 57 57 57 57 57 57 57 57
52 52 52 52 52 52 52 52 52 57 57 57 52 52 52 57 52
52 57 57 43 43 43 43 57 57 52 52 52 52 52 52 52 52
52 52 52 52 52 57 52 54 52 57 57 52 52 52 57 57 57
54 54 54 54 50 50 48 48 46 50 43 43 43 43 43 37 35
35 42 47 57 57 57 57 57 57 57 57 57 54 47 47 47 47
43 47 47 48 48 48 48 48 54 57 47 43 39 39 46 46 54
48 57 47 48 43 47 47 48 48 46 46 43 43 43 37 35 30
39 37 43 43 48 28 43 28 23 23 37 37 48 43 43 39 37
33 28 28 31 30 36 37 37 37 36 37 37 39 31 37 41 31
31 28 25 25 32 32 36 36 47 47 48 34 34 23 28 20 21
21 31 31 37 34 34 34 33 33 48 48 43 37 37 37 37 30
30 37 33 25 26 32 36 35 37 35 39 39 43 43 46 46 48
48 48 47 46 39 39 35 35 31 30 31 32 28 23 23 28 34
37 35 35 37 32 30 28 30 32 33 37 23 23 15 15 12 20
16 22 30 37 37 39 39 34 34 28 28 28 34 34 43 37 36
32 32 30 30 30 24 22 24 30 21 22 27 25 30 30 24 21
14 14 14 20

>Seg5-Bin2-Rep2_A70_Premixed TRIM QUALITY: 20
25 28 28 29 23 23 19 22 22 28 32 33 33 33 33 33 44
44 47 47 50 53 53 50 53 53 53 57 57 57 57 53 53 53
50 50 39 37 37 37 30 26 17 15 15 24 27 37 37 41 46
47 59 59 53 53 57 57 57 57 57 57 57 59 59 59 57 57
57 57 57 57 57 68 68 68 68 68 68 68 68 68 68 59 57
57 57 57 59 57 59 57 68 68 68 68 50 51 50 68 68 68
68 68 68 68 68 68 68 68 68 68 68 68 68 68 68 68 68
68 68 68 68 68 68 68 68 59 59 59 59 57 57 57 68 68
68 68 68 68 68 68 57 57 57 57 57 57 59 68 68 68 57
57 57 57 59 59 59 68 57 57 68 68 68 68 68 68 68 68
68 68 68 68 68 68 68 68 68 68 68 68 68 68 68 68 68
68 68 68 68 68 68 68 68 68 68 68 68 68 68 68 68 68
68 68 68 68 68 68 68 68 68 68 68 68 68 68 68 68 68
68 68 68 68 68 68 68 68 68 68 68 68 68 68 68 68 68
68 62 62 62 62 62 62 62 68 68 68 68 68 68 68 68 68
68 68 68 68 68 68 68 68 68 68 68 68 68 68 68 68 68
68 68 68 68 68 68 68 68 68 68 68 68 68 68 68 68 68
68 68 68 68 68 68 68 68 68 68 68 68 68 68 68 68 68
68 68 68 68 68 68 68 68 68 68 68 68 68 68 68 68 68
68 68 68 68 68 68 68 68 68 68 68 68 68 68 68 68 68
68 68 68 68 68 68 68 68 68 68 68 68 68 68 68 68 68
68 68 68 68 68 68 68 68 68 68 68 68 68 68 68 68 68
68 68 68 68 68 68 68 68 68 68 68 68 68 68 68 68 68
68 68 68 68 68 68 68 68 68 68 68 68 68 68 68 68 68
68 68 68 68 68 68 68 68 68 68 68 68 68 68 68 68 68
68 68 68 68 68 68 68 68 68 68 68 68 68 68 68 68 68
68 68 68 68 68 68 68 68 68 68 68 68 68 68 68 68 68
68 68 68 68 68 68 68 68 68 68 68 68 68 68 68 68 68
68 68 68 68 68 68 68 68 68 68 68 68 68 68 68 68 68
68 68 68 68 68 68 68 68 68 68 68 68 68 68 68 68 68
68 68 68 68 68 68 68 68 68 68 68 68 68 68 68 68 68
68 68 68 68 68 68 68 68 68 68 68 68 68 68 68 68 68
68 68 68 68 68 68 68 68 68 68 68 59 59 59 57 57 68
68 68 68 68 68 57 57 57 57 57 57 57 68 68 68 68 68
68 57 57 57 57 57 68 68 68 68 68 68 68 68 68 68 68
68 68 59 59 59 59 59 57 57 57 57 57 57 59 59 59 59
59 59 57 57 54 57 57 57 59 59 59 59 59 59 59 59 57
57 57 50 53 50 50 50 50 57 50 50 59 50 50 50 47 47
44 39 39 37 37 39 39 44 47 59 59 59 59 59 59 59 57
57 57 57 48 57 57 48 48 48 48 42 42 42 41 39 44 41
31 31 37 37 37 47 47 47 47 37 37 37 37 37 37 31 32
32 31 37 44 44 47 47 47 47 59 59 59 59 59 57 57 48
48 48 57 57 57 48 48 48 48 41 41 41 41 40 37 25 15
19 14 16 21 34 34 37 37 37 37 44 41 28 19 23 20 20
20 20 22 28 28 30

>Seg5-Bin2-Rep3_A70_Premixed TRIM QUALITY: 20
25 25 28 29 23 23 19 22 22 28 32 33 33 33 33 33 41
41 47 47 50 50 50 47 47 47 53 57 57 59 57 53 53 53
50 50 39 37 37 37 25 24 12 12 12 23 23 37 37 39 39
40 59 59 50 53 57 59 57 57 57 57 57 59 59 59 53 53
53 53 53 53 50 68 68 68 68 68 68 68 68 68 68 59 57
54 57 57 54 57 57 57 68 68 68 68 57 57 57 57 57 57
59 68 68 68 68 68 68 68 68 68 68 68 68 68 68 68 68
68 68 68 68 68 68 68 68 34 34 14 14 13 34 13 13 13
18 38 44 38 38 15 13 12 11 11 13 13 28 38 68 38 38
14 14 12 34 15 20 20 41 41 68 68 44 44 23 23 23 23
23 44 44 68 68 68 68 68 68 68 68 68 68 68 68 68 68
68 68 68 68 68 68 68 68 68 68 68 68 68 68 68 68 68
68 68 68 68 68 68 68 68 68 68 68 68 68 68 68 68 68
68 68 68 68 68 68 68 68 68 68 68 68 68 68 68 68 68
68 62 62 68 62 62 62 62 68 68 68 68 68 68 68 68 68
68 68 68 68 68 68 68 68 68 68 68 68 68 68 68 68 68
68 68 68 68 68 68 68 68 68 68 68 68 68 68 68 68 68
68 68 68 68 68 68 68 68 68 68 68 68 68 68 68 68 68
68 68 68 68 68 68 68 68 68 68 68 68 68 68 68 68 68
68 68 68 68 68 68 68 68 68 68 68 68 68 68 68 68 68
68 68 68 68 68 68 68 68 68 68 68 68 68 68 68 68 68
68 68 68 68 68 68 68 68 68 68 68 68 68 68 68 68 68
68 68 68 68 68 68 68 68 68 68 68 68 68 68 68 68 68
68 68 68 68 68 68 68 68 68 68 68 68 68 68 68 68 68
68 68 68 68 68 68 68 68 68 68 68 68 68 68 68 68 68
68 68 68 68 68 68 68 68 68 57 57 57 57 57 57 57 57
57 57 59 59 68 68 68 68 68 68 68 68 68 68 68 68 68
68 68 68 68 68 68 68 68 68 68 68 68 68 68 68 68 68
68 68 68 68 68 68 68 68 68 68 68 68 68 68 59 59 59
59 59 59 59 68 68 68 68 59 59 68 68 68 68 68 68 68
68 68 68 68 68 68 68 57 57 57 57 57 57 57 57 57 57
68 68 68 57 57 57 57 57 57 57 57 57 57 57 57 57 59
68 68 68 68 59 57 57 57 57 57 54 54 48 47 47 50 50
50 50 57 59 59 57 57 68 68 68 57 57 57 57 57 57 57
57 57 48 48 57 57 57 59 59 59 59 59 59 59 59 59 59
37 33 33 32 32 28 28 37 44 44 47 47 41 44 39 32 28
28 32 27 33 33 33 33 33 59 59 59 59 59 59 59 37 37
28 21 18 19 22 21 31 41 44 59 44 37 37 44 44 44 47
47 44 21 18 17 15 16 10 11 11 11 11 19 23 36 36 57
59 47 38 36 36 33 25 25 11 11 12 27 18 22 19 23 28
24 32 37 37 37 37 37 47 47 47 47 39 39 39 44 37 37
35 36 41 43 32 32 28 26 26 34 34 48 39 39 31 30 24
34 24 28 22

>Seg5-Bin3-Rep2_A70_Premixed TRIM QUALITY: 20
22 37 32 32 32 37 37 33 33 33 32 37 31 24 29 25 22
22 28 43 44 59 47 42 42 50 50 50 37 37 37 37 25 24
12 12 12 24 24 37 37 36 36 39 47 59 44 32 35 44 44
37 37 42 50 50 50 50 53 53 57 57 36 36 32 32 32 42
59 59 59 57 57 57 57 57 48 54 54 48 48 48 48 54 68
68 68 68 50 50 47 47 47 50 59 68 68 68 68 68 68 68
68 68 68 68 68 68 68 68 68 68 68 68 68 68 68 68 68
68 44 44 20 20 20 20 20 32 41 59 68 44 44 27 23 23
28 32 35 50 50 68 68 57 57 52 42 42 38 38 39 39 39
59 59 44 44 27 27 27 43 44 52 54 54 59 59 68 68 68
68 68 68 68 68 68 68 68 68 59 68 68 68 68 68 68 68
68 68 68 68 68 68 68 68 68 68 68 68 68 68 68 68 68
68 68 68 68 68 68 68 68 68 68 68 59 59 59 59 59 68
62 68 68 68 62 62 62 62 62 62 62 62 62 62 62 62 62
68 68 68 68 68 68 68 68 62 62 62 62 62 62 62 68 62
62 62 62 62 62 62 68 68 68 68 68 68 68 68 68 68 68
68 68 68 68 68 68 68 68 68 68 68 68 68 68 68 68 68
68 68 68 68 68 68 68 68 62 62 62 68 68 68 68 68 68
68 68 68 68 68 68 68 68 68 68 68 68 68 68 68 68 68
68 68 68 68 68 68 68 68 68 68 68 68 68 68 68 68 68
68 68 68 68 68 68 57 59 59 59 68 57 57 68 68 68 68
59 68 68 68 68 68 68 68 68 68 57 57 57 68 68 68 68
68 68 68 68 68 68 68 68 68 59 57 57 68 68 68 68 68
68 68 68 68 68 68 68 68 68 68 68 59 59 59 57 57 68
68 68 68 68 68 68 68 68 68 57 57 57 57 57 57 57 57
59 59 59 59 59 59 59 59 59 59 59 59 59 59 59 68 59
59 59 68 68 68 68 59 59 59 59 59 59 59 57 68 68 57
57 57 57 57 57 59 59 68 68 54 54 54 54 54 54 54 54
57 57 57 59 57 54 54 59 59 68 68 68 68 57 57 57 57
57 57 57 57 57 57 50 50 50 57 57 57 59 59 59 59 48
48 47 47 33 33 33 32 30 28 37 43 59 59 59 59 59 59
59 59 48 48 57 57 57 57 59 59 59 59 59 48 48 48 48
40 41 41 47 37 32 32 28 28 32 37 44 47 47 47 47 48
48 47 33 28 25 22 22 21 25 31 41 43 41 39 40 42 42
42 47 47 47 59 37 30 29 29 29 37 43 43 41 26 18 10
10 10 10 19 25 32 34 39 34 34 39 37 37 37 37 37 37
40 46 46 41 39 37 37 20 20 22 22 22 30 34 41 41 43
43 43 43 47 41 40 39 39 39 39 34 18 21 11 11 11 17
26 36 39 39 41 48 42 47 36 36 28 28 28 20 18 19 18
23 30 37 39 39 39 39 23 25 14 14 15 23 25 37 37 37
39 43 41 41 37 33 23 19 15 10 9 12 19 20 21 14 12
12 18 34 30 25 28 28 28 21 21 28 28 34 20 20 18 24
22 22 24 19 19 27

>Seg5-Bin3-Rep3_A70_Premixed TRIM QUALITY: 20
21 22 27 22 19 22 22 25 25 30 31 37 37 37 39 40 39
37 36 37 37 37 39 39 39 43 40 40 43 43 48 48 47 46
37 37 37 37 27 25 12 12 16 9 11 11 12 12 12 17 12
24 28 37 40 47 47 48 48 48 48 43 43 43 48 48 57 57
57 48 48 48 57 57 59 59 59 59 59 48 48 30 21 10 9
9 9 12 24 29 43 43 54 54 42 46 39 41 41 48 59 57
57 48 48 48 47 47 57 57 57 54 54 57 57 57 57 57 57
54 57 57 57 57 57 57 59 59 34 32 18 17 17 18 32 34
57 38 41 14 14 14 18 21 43 44 59 54 54 44 38 18 13
13 15 18 20 27 44 44 57 57 38 38 15 15 12 12 12 21
21 44 44 59 59 59 59 59 59 57 57 57 57 57 57 57 52
52 57 43 43 43 52 57 57 57 52 52 52 52 57 57 57 57
52 52 52 57 57 59 57 57 57 57 57 57 57 57 57 57 57
43 52 52 52 52 52 43 43 41 41 43 43 52 52 52 52 52
52 62 62 43 39 35 39 39 43 62 62 52 52 52 52 62 52
52 43 62 43 52 52 62 52 52 52 52 52 52 62 62 62 52
52 52 52 52 52 52 52 43 43 35 35 43 47 43 52 52 57
57 43 39 39 31 31 31 35 39 42 36 43 39 31 31 42 43
42 39 35 35 42 43 52 52 43 43 39 39 43 43 43 44 35
33 33 39 43 35 43 35 38 38 43 43 43 52 50 43 52 52
52 52 52 52 52 52 43 43 43 32 28 23 18 18 12 12 12
18 18 27 32 32 44 28 33 31 42 35 35 42 42 43 43 42
42 37 37 42 42 42 35 33 33 33 42 42 42 33 33 28 32
31 28 28 27 36 30 32 32 42 42 37 37 37 37 37 37 39
30 30 25 25 28 32 20 25 25 37 36 37 33 40 33 33 30
29 37 33 30 28 28 23 19 19 13 13 17 24 25 33 30 30
32 32 37 30 24 24 22 22 25 23 28 24 26 23 21 20 16
18 18 30 30 28 28 25 32 32 25 19 19 22 21 21 21 24
28 28 28 24 24 23 19 19 20 23 24 37 26 26 14 13 13
11 24 24 33 20 17 17 13 18 19 22 17 19 27 30 28 17
17 13 13 10 10 10 10 10 12 15 15 20 15 15 14 14 15
19 24 25 33 33 32 28 22 22 22 21 26 17 17 17 24 27
32 42 30 21 22

