>LC1_A70_Premixed TRIM QUALITY: 20
31 28 29 29 23 23 21 22 22 28 32 37 37 37 37 37 37
41 47 36 36 36 50 36 36 50 50 57 57 57 57 50 50 50
53 50 57 68 68 57 48 43 43 41 41 46 46 54 54 59 59
59 68 68 68 68 68 68 68 68 68 68 68 57 57 57 57 57
57 68 68 68 68 68 68 68 68 59 59 59 59 59 59 59 68
68 68 68 68 68 68 68 68 68 68 68 57 57 57 57 57 57
57 68 68 68 59 59 57 57 57 57 57 57 57 57 59 57 57
52 59 57 57 57 59 52 52 52 59 59 59 57 57 57 59 54
54 54 59 59 52 52 52 50 50 43 43 42 43 43 41 50 44
43 33 32 32 43 43 47 43 37 20 20 20 16 21 28 33 33
42 42 42 42 43 41 39 36 36 19 19 18 29 27 42 32 31
20 18 18 19 27 23 23 23 23 23 20 21 21 23 28 28 24
24 20 20 31 31 28 23 20 24 20 24 28 25 24 15 12 12
12 22 22

>LC2_A70_Premixed TRIM QUALITY: 20
24 19 23 23 23 23 19 22 22 28 32 33 33 37 37 37 50
50 50 47 50 53 53 50 50 50 50 57 57 59 57 53 53 53
53 53 53 68 68 54 48 48 42 41 41 46 46 54 54 59 59
68 68 68 68 68 68 68 68 68 68 68 68 59 59 59 57 57
57 57 68 68 68 68 68 68 68 68 68 68 68 68 68 68 68
68 68 68 68 68 68 68 68 68 68 68 57 68 68 68 68 68
68 68 68 68 68 68 68 68 68 68 68 68 68 68 68 68 68
68 68 68 68 59 59 59 59 68 68 68 68 68 68 68 68 68
68 68 68 57 59 57 57 57 59 59 68 68 59 59 59 59 57
57 57 57 57 57 52 52 57 57 57 57 57 57 59 59 59 59
57 57 59 59 52 52 52 59 59 59 59 59 59 57 57 57 57
54 54 57 57 52 52 52 52 57 57 52 48 48 50 57 59 59
59 57 57 54 54 54 59 57 57 57 57 57 43 46 46 47 47
57 59 57 48 47 44 37 36 28 28 32 42 43 42 37 27 18
14 21 21 41 41 47 46 43 43 43 42 39 39 36 32 30 30
32 41 41 32 30 25 21 20

>Seg5-1_A70_Premixed TRIM QUALITY: 20
22 29 37 31 31 30 23 23 21 22 22 28 32 33 33 33 33
33 44 44 47 50 57 53 53 50 50 50 53 53 53 53 53 57
59 59 59 59 50 54 54 54 48 48 54 47 48 48 54 50 50
57 57 57 68 68 68 68 68 68 68 68 68 68 68 68 68 68
68 68 68 68 68 68 68 68 68 68 68 68 68 68 68 68 68
68 68 68 68 68 68 68 68 68 68 68 68 68 57 68 68 68
68 68 68 68 68 68 68 68 68 68 68 68 68 68 68 68 68
68 68 68 68 68 68 68 68 68 68 68 68 68 68 68 68 68
68 68 68 68 68 68 68 68 68 68 68 68 68 68 68 68 68
68 68 68 68 68 68 68 68 68 68 68 68 68 68 68 68 68
68 68 68 68 68 68 68 68 68 68 68 68 68 68 68 68 68
68 68 68 68 68 68 68 68 68 68 68 68 68 68 68 68 68
68 68 68 68 68 68 68 68 68 68 68 68 68 68 68 68 68
68 68 68 68 68 68 68 68 68 68 68 68 68 68 68 68 68
68 68 68 68 68 68 68 68 68 68 68 68 68 68 68 68 68
68 68 68 68 68 68 68 68 68 68 68 68 68 68 68 68 68
68 68 68 68 68 68 68 68 68 68 68 68 68 68 68 68 68
68 68 68 68 68 68 68 68 68 68 68 68 68 68 68 68 68
68 68 68 68 68 68 68 68 68 68 68 68 68 68 68 68 68
68 68 68 68 68 68 68 68 68 68 68 68 68 68 68 68 68
68 68 68 68 68 68 68 68 68 68 68 68 68 68 68 68 68
68 68 68 68 68 68 68 68 68 68 68 68 68 68 68 68 68
68 68 68 68 68 68 68 68 68 68 68 68 68 68 68 68 68
68 68 68 68 68 68 68 68 68 68 68 68 68 68 68 68 68
68 68 68 68 68 68 68 68 68 68 68 68 68 68 68 68 68
68 68 68 68 68 68 68 68 68 68 68 68 68 68 68 68 68
68 68 68 68 68 68 68 68 68 68 68 62 68 62 62 62 62
62 68 68 68 68 68 68 68 68 68 68 68 68 68 68 68 68
68 68 68 68 68 68 68 68 68 68 68 68 68 68 68 68 68
68 68 68 68 68 68 68 68 68 68 68 68 68 68 68 68 68
68 68 68 68 68 68 68 68 62 62 62 62 62 62 68 68 68
68 68 68 68 68 68 68 68 68 68 68 68 68 59 59 59 59
57 57 68 68 68 68 68 68 68 68 68 68 68 68 68 68 68
68 68 68 68 68 68 68 68 68 57 57 57 57 57 59 59 68
68 68 68 68 68 68 57 57 59 57 57 57 68 68 57 57 57
57 57 57 59 59 59 68 68 68 68 68 68 68 68 57 57 59
59 68 68 68 68 68 68 59 59 59 59 59 57 57 68 68 68
68 68 68 68 68 68 68 68 68 68 68 68 68 68 68 68 59
59 59 59 59 59 59 59 59 59 59 59 57 57 57 57 57 57
59 68 59 57 57 57 57 57 57 59 59 59 59 59 59 59 68
59 59 59 59 59 57 57 57 57 57 57 59 59 59 57 50 50
47 47 41 50 47 47 42 39 39 39 39 34 37 43 59 59 59
44 41 39 44 44 44 47 47 59 59 59 50 50 50 57 57 57
47 47 47 41 41 39 47 59 47 44 44 44 35 35 37 37 37
37 37 35 32 32 29 30 37 43 39 37 34 34 22 22 23 34
28 37 37 44 44 37 32 32 25 26 15 16 20 22 22 27 29
31 29 41 37 37 37 35 41 41 32 29 37 37 37 31 31 37
37 37 32 31 37 31 37 41 37 30 28 27 25

>Seg5-2_A70_Premixed TRIM QUALITY: 20
23 23 23 23 18 16 16 19 32 33 33 37 37 37 50 50 50
47 50 53 53 50 50 50 50 53 53 53 53 53 53 53 50 50
57 57 57 57 54 54 54 48 48 48 54 54 54 59 59 68 68
68 68 68 68 68 68 68 68 68 68 57 57 57 57 68 68 68
68 68 68 68 68 68 68 68 68 68 68 68 68 68 68 68 68
68 68 68 68 68 68 68 68 68 57 57 57 57 57 57 59 68
68 68 68 68 68 68 68 68 68 68 68 68 68 68 68 68 68
68 68 68 68 68 68 68 68 68 68 68 68 68 68 68 68 68
68 68 68 68 68 68 68 68 68 68 68 68 68 68 68 68 68
68 68 68 68 68 68 68 68 68 68 68 68 68 68 68 68 68
68 68 68 68 68 68 68 68 68 68 68 68 68 68 68 68 68
68 68 68 68 68 68 68 68 68 68 68 68 68 68 68 68 68
68 68 68 68 68 68 68 68 68 68 68 68 68 68 68 68 68
68 68 68 68 68 68 68 68 68 68 68 68 68 68 68 68 68
68 68 68 68 68 68 68 68 68 68 68 68 68 68 68 68 68
68 68 68 68 68 68 68 68 68 68 68 68 68 68 68 68 68
68 68 68 68 68 68 68 68 68 68 68 68 68 68 68 68 68
68 68 68 68 68 68 68 68 68 68 68 68 68 68 68 68 68
68 68 68 68 68 68 68 68 68 68 68 68 68 68 68 68 68
68 68 68 68 68 68 68 68 68 68 68 68 68 68 68 68 68
68 68 68 68 68 68 68 68 68 68 68 68 68 68 68 68 68
68 68 68 68 68 68 68 68 68 68 68 68 68 68 68 68 68
68 68 68 68 68 68 68 68 68 68 68 68 68 68 68 68 68
68 68 68 68 68 68 68 68 68 68 68 68 68 68 68 68 68
68 68 68 68 68 68 68 68 68 68 68 68 68 68 68 68 68
68 68 68 68 68 68 68 68 68 68 68 68 68 68 68 68 68
68 68 68 68 68 68 68 68 68 68 68 68 68 68 68 68 68
68 68 68 68 68 68 68 68 68 68 68 68 68 68 68 68 62
62 62 62 62 68 68 68 68 68 68 68 68 68 68 68 68 68
68 68 68 68 68 68 68 68 68 68 68 68 68 68 68 68 68
68 68 68 68 68 68 68 68 68 68 68 62 62 62 68 68 68
68 68 68 68 68 68 68 68 68 68 68 68 68 68 68 68 68
68 68 68 68 68 68 68 68 68 68 68 68 68 68 68 68 68
68 68 68 68 68 68 68 68 68 68 68 68 68 68 68 68 68
68 68 68 68 68 68 68 68 68 68 68 68 68 68 68 68 68
57 57 57 57 57 57 68 68 68 68 68 68 68 68 68 68 68
68 68 57 57 57 57 59 59 59 68 68 68 68 68 68 68 68
68 68 68 68 68 68 68 68 68 68 68 68 68 68 68 68 68
68 68 68 68 68 68 68 68 68 68 68 68 68 68 68 68 68
68 68 57 57 57 57 57 57 59 59 59 59 68 68 57 57 57
57 68 68 68 68 68 68 68 68 68 68 68 57 59 59 68 68
68 68 68 57 57 57 57 57 50 50 50 50 50 50 59 57 48
48 53 53 50 47 41 41 39 37 37 41 39 39 38 32 36 43
41 44 47 47 50 59 59 59 59 50 57 57 57 57 57 59 59
59 57 57 50 47 47 41 50 50 50 59 59 47 44 44 41 41
44 44 44 39 28 28 30 32 33 41 59 59 50 50 50 42 41
39 44 39 32 28 25 30 37 37 41 41 41 41 47 39 37 29
29 29 31 34 34 41 37 41 41 41 44 41 37 37 41 39 39
34 34 28 28 32 32 31 37 37 36 41 37 37 36 47 39 37
29 31 32 37 37 39 34 28 28 28 26 31 39 41 31 31 28
28 22 28 19 28 28 34 28 37 30 25 19 19 23 25 30 37
37 32 37 37 37 37 25 27 11 16 9 9 9 13 17 27 29 27
32 30 31 30 30 25 27 21 19 20 20 24 12 16 22 23 23
22

>Seg6-1_A70_Premixed TRIM QUALITY: 20
24 28 28 29 23 23 21 24 24 30 39 39 41 42 50 50 50
50 50 47 50 53 53 50 50 50 50 57 57 57 57 53 53 53
50 50 57 68 57 54 48 48 41 39 39 42 42 47 47 46 48
57 57 59 68 68 68 68 68 68 68 68 68 57 57 57 57 57
57 57 68 68 68 68 68 68 68 68 68 68 59 59 59 59 57
57 57 68 68 68 68 68 68 68 68 68 57 57 57 57 57 57
68 68 68 68 68 68 68 68 57 57 57 57 59 57 68 68 68
68 68 68 68 68 68 68 68 68 57 57 57 57 57 59 59 59
59 59 68 59 59 57 59 59 68 59 68 68 59 59 59 59 59
59 59 59 57 57 57 57 57 57 57 57 57 57 57 57 59 59
59 59 59 57 57 57 57 57 57 57 57 57 57 57 59 59 59
59 52 52 43 43 52 52 59 52 52 52 52 43 42 44 43 33
33 27 38 27 33 43 44 44 59 43 41 41 43 43 27 27 27
43 43 44 43 43 41 37 37 43 43 47 57 57 34 32 18 16
21 14 13 24 20 31 35 42 24 24 11 11 11 24 24 36 35
28 28 23 23 19 30 27 32 30 37 28 37 23 21

