>LC1_A70_Premixed PHD_FILE: LC1_A70_Premixed.phd.1
13 13 12 12 9 9 9 9 12 12 12 10 10 10 13 10 19 11 13
8 8 8 12 22 34 23 15 10 9 9 10 14 14 19 14 31 28 29
29 23 23 21 22 22 28 32 37 37 37 37 37 37 41 47 36
36 36 50 36 36 50 50 57 57 57 57 50 50 50 53 50 57
68 68 57 48 43 43 41 41 46 46 54 54 59 59 59 68 68
68 68 68 68 68 68 68 68 68 57 57 57 57 57 57 68 68
68 68 68 68 68 68 59 59 59 59 59 59 59 68 68 68 68
68 68 68 68 68 68 68 68 57 57 57 57 57 57 57 68 68
68 59 59 57 57 57 57 57 57 57 57 59 57 57 52 59 57
57 57 59 52 52 52 59 59 59 57 57 57 59 54 54 54 59
59 52 52 52 50 50 43 43 42 43 43 41 50 44 43 33 32
32 43 43 47 43 37 20 20 20 16 21 28 33 33 42 42 42
42 43 41 39 36 36 19 19 18 29 27 42 32 31 20 18 18
19 27 23 23 23 23 23 20 21 21 23 28 28 24 24 20 20
31 31 28 23 20 24 20 24 28 25 24 15 12 12 12 22 22
13 12 11 10 13 13 14 14 20 20 18 19 12 10 10 10 10
12 12 14 11 11 10 9 8 8 8 8 8 10 12 12 11 15 11 10
9 10 10 13 11 12 11 10 9 9 9 13 9 12 12 12 11 11 12
12 12 13 13 13 15 12 12 10 8 10 8 8 8 8 9 9 10 10 8
8 8 12 12 9 13 14 24 24 20 15 15 14 14 14 16 15 12
12 12 15 15 20 19 18 15 18 18 20 26 24 18 16 16 12
11 15 15 13 12 11 12 11 11 11 15 24 26 24 15 15 15
15 12 12 11 11 11 11 18 12 9 8 8 8 8 8 10 19 23 12
10 9 9 9 9 10 10 10 15 17 16 14 14 14 10 13 11 11 11
12 12 12 11 11 11 11 16 11 11 11 11 11 11 11 13 12
12 12 11 11 11 11 11 11 15 12 12 11 11 11 11 12 12
13 15 16 15 15 10 11 9 9 9 9 9 12 17 12 12 12 12 12
12 12 8 10 8 8 8 8 11 9 8 8 8 8 8 9 8 8 8 8 7 7 9 9
8 6 6 6 8 8 9 8 8 8 8 8 8 10 10 10 13 10 10 10 10 10
10 10 10 10 10 10 10 10 10 10 10 8 8 8 8 8 8 8 8 10
8 9 9 11 15 11 12 11 19 13 13 10 10 10 10 10 8 8 8
8 8 8 6 6 10 12 13 12 14 15 13 10 6 6 6 8 6 8 8 9 10
10 10 13 11 10 10 10 8 8 8 8 8 8 6 8 6 6 8 8 10 9 8
7 8 8 7 6 8 8 8 6 6 8 6 9 9 10 10 10 10 10 11 11 11
13 12 19 13 8 8 8 8 8 8 8 8 11 12 11 11 10 8 8 8 8
10 10 6 6 8 8 8 8 8 8 8 8 8 9 9 9 9 8 10 8 8 8 8 8
8 8 8 8 8 8 11 11 10 10 12 12 8 8 6 6 6 6 6 6 8 8 6
6 6 6 6 6 8 8 10 8 11 11 9 8 8 10 10 12 13 13 13 13
12 10 12 10 8 8 8 9 11 8 10 10 10 10 13 9 9 9 9 8 8
6 6 8 8 6 6 7 7 8 8 9 9 16 8 6 6 6 6 6 9 9 9 9 10 10
13 14 19 24 18 13 9 9 9 9 10 8 8 6 6 6 6 6 6 8 8 8
10 12 10 8 8 6 8 6 6 6 6 9 9 9 9 9 9 11 11 10 8 8 6
6 6 6 6 8 8 8 8 9 6 6 6 6 8 8 10 8 9 8 8 8 8 8 8 8
6 8 8 10 9 9 9 10 10 10 8 8 6 6 8 8 8 8 8 11 9 9 8
8 8 10 8 8 6 7 7 10 8 8 8 9 8 8 8 8 8 8 10 8 8 8 8
10 10 10 8 8 8 8 8 8 8 6 6 6 6 8 13 10 10 6 8 6 6 6
8 8 9 8 8 8 6 6 6 8 8 6 6 8 8 9 9 8 8 8 8 8 8 6 8 6
6 6 8 8 8 8 6 6 6 6 8 7 8 10 10 6 6 6 6 8 10 9 9 9
10 10 8 8 8 8 8 8 10 8 8 8 8 8 8 8 14 10 9 6 6 8 8
8 8 10 10 10 10 8 8 10 8 8 6 6 6 6 8 8 8 8 8 8 8 8
9 11 11 15 10 10 10 10 9 6 6 6 6 7 6 6 6 6 6 6 6 9
10 9 10 11 10 8 8 8 10 13 9 9 9 9 8 8 6 6 8 8 10 13
13 19 10 9 8 8 6 6 13 8 8 8 6 6 8 8 8 6 6 8 10 6 6
6 6 8 6 6 6 6 6 7 11 10 9 9 9 9 10 10 10 10 11 11 11
9 13 8 8 8 8 13 9 12 10 10 10 10 9 9 10 10 7 7 9 9
10 10 10 8 8 7 7 6 8 6 8 8 8 10 8 8 8 8 6 6 8 8 13
13 14 11 11 11 11 16 17 11 10 8 8 6 6 8 8 8 9 7 8 21
10 10 9 12 12 9 8 8 8 8 8 8 8 8 8 8 10 15 13 11 10
10 11 8 8 6 6 10 8 8 6 6 8 8 8 12 11 11 10 10 9 9 6
6 6 6 10 10 12 10 8 8 6 8 8 8 9 9 9 9 11 12 8 8 6 6
8 10 10 15 15 11 8 8 8 8 13 9 9 11 14 9 11 9 15 11
8 8 8 8 10 10 10 9 11 11 11 11 11 11 15 15 11 11 9
9 7 7 8 8 6 6 7 6 8 8 8 6 6 8 6 6 8 8 9 9 10 9 9 8
8 8 8 8 8 13 9 8 9 9 9 9 9 9 9 9 9 13 9 9 8 8 8 8 8
8 8 8 8 8 8 8 8 6 8 8 10 11 11 8 6 7 6 8 8 6 
>LC2_A70_Premixed PHD_FILE: LC2_A70_Premixed.phd.1
9 9 9 7 7 7 6 6 6 6 7 8 13 13 13 12 8 8 8 15 10 12
12 22 32 27 15 12 9 9 12 12 12 14 14 24 19 23 23 23
23 19 22 22 28 32 33 33 37 37 37 50 50 50 47 50 53
53 50 50 50 50 57 57 59 57 53 53 53 53 53 53 68 68
54 48 48 42 41 41 46 46 54 54 59 59 68 68 68 68 68
68 68 68 68 68 68 68 59 59 59 57 57 57 57 68 68 68
68 68 68 68 68 68 68 68 68 68 68 68 68 68 68 68 68
68 68 68 68 68 68 57 68 68 68 68 68 68 68 68 68 68
68 68 68 68 68 68 68 68 68 68 68 68 68 68 68 68 59
59 59 59 68 68 68 68 68 68 68 68 68 68 68 68 57 59
57 57 57 59 59 68 68 59 59 59 59 57 57 57 57 57 57
52 52 57 57 57 57 57 57 59 59 59 59 57 57 59 59 52
52 52 59 59 59 59 59 59 57 57 57 57 54 54 57 57 52
52 52 52 57 57 52 48 48 50 57 59 59 59 57 57 54 54
54 59 57 57 57 57 57 43 46 46 47 47 57 59 57 48 47
44 37 36 28 28 32 42 43 42 37 27 18 14 21 21 41 41
47 46 43 43 43 42 39 39 36 32 30 30 32 41 41 32 30
25 21 20 18 16 15 16 11 11 11 12 15 24 17 10 10 10
10 22 12 12 12 12 15 13 17 10 10 10 10 10 10 15 10
9 9 12 13 13 11 16 15 14 14 13 13 11 11 11 11 11 11
11 11 12 11 11 15 21 24 14 10 8 8 8 8 8 10 12 15 12
12 12 16 9 9 9 11 11 11 11 11 12 12 13 18 18 15 12
11 11 12 17 12 12 11 11 9 9 9 9 10 10 8 7 6 6 8 8 8
8 8 8 8 10 8 8 8 8 10 10 15 15 15 10 10 10 10 10 10
12 12 16 12 11 11 11 21 19 11 9 9 10 10 6 6 8 8 8 8
7 6 8 6 10 8 8 8 6 6 6 8 9 10 9 9 10 10 10 8 6 6 6
6 8 8 11 13 8 8 6 6 8 8 11 16 10 8 8 8 8 8 14 15 8
8 6 6 8 8 10 10 10 8 8 8 8 8 8 12 22 22 11 11 11 12
12 11 12 12 12 9 11 11 15 15 11 11 11 9 8 6 6 6 8 8
8 10 8 8 8 8 8 6 6 6 8 8 8 12 18 15 10 10 10 8 8 11
12 10 12 12 11 7 7 7 8 8 9 10 13 14 8 8 8 8 8 10 6
6 6 6 8 8 9 8 8 8 8 10 8 8 6 6 6 6 7 10 9 9 9 9 12
12 8 8 6 6 8 7 8 8 8 10 8 8 7 7 7 8 11 11 11 10 10
10 9 9 10 9 10 11 11 10 9 8 8 8 8 7 6 9 9 8 8 8 8 13
8 8 8 8 10 9 7 7 9 12 12 8 12 7 6 8 8 10 10 9 8 7 7
8 8 9 10 9 9 9 9 9 10 10 20 19 16 10 8 8 8 7 7 7 12
12 12 12 7 6 6 6 8 6 6 8 6 6 6 8 7 7 7 7 8 8 7 7 7
7 7 7 9 8 8 8 8 8 8 8 11 8 8 8 8 9 6 6 6 6 8 6 9 9
8 6 6 6 8 10 24 12 12 10 10 10 10 8 8 7 7 8 8 8 6 6
6 6 6 6 6 8 8 8 7 7 7 8 8 8 7 7 9 9 7 8 8 8 8 6 8 8
8 6 9 9 12 10 8 7 7 7 7 9 9 6 8 6 6 6 6 6 6 6 11 8
9 9 9 11 12 11 10 10 9 8 8 8 8 6 6 8 6 6 6 6 8 8 8
8 8 8 8 8 9 11 18 10 9 9 9 9 9 8 11 10 10 6 6 6 6 9
9 9 10 9 13 10 10 10 9 6 7 6 8 8 10 12 14 9 8 6 6 6
6 6 6 6 6 6 8 8 8 7 7 8 8 10 10 8 8 8 6 6 6 6 6 8 6
8 6 6 6 8 8 8 6 6 6 6 6 10 10 11 8 8 8 8 9 9 9 9 9
8 8 8 8 8 8 8 8 8 8 8 6 6 6 8 6 9 6 6 6 6 8 6 11 8
8 6 6 6 8 6 6 8 6 8 8 6 6 6 6 8 8 8 8 8 8 6 6 6 6 8
8 8 8 8 8 9 9 10 10 10 12 11 11 11 8 8 6 6 6 6 6 13
11 8 8 8 8 9 8 8 8 8 8 6 6 6 9 6 6 7 6 8 8 8 6 6 6
6 6 6 8 8 8 8 8 8 8 9 9 11 11 10 10 9 9 9 9 9 9 9 8
8 6 6 8 8 8 3 0 3 9 9 9 9 12 8 7 6 6 6 8 8 6 6 6 8
8 10 9 9 9 9 9 9 8 8 8 8 8 8 7 8 8 8 10 8 8 8 8 8 9
6 7 6 6 8 8 10 10 10 8 8 8 8 8 8 10 11 11 9 8 8 8 8
8 8 8 6 7 7 7 8 8 8 13 13 9 9 8 8 8 6 6 6 3 0 3 17
19 8 8 8 6 6 6 6 8 8 8 8 8 6 6 8 8 9 9 10 11 8 13 8
6 6 6 6 8 8 6 6 8 8 18 10 9 8 8 8 8 8 9 10 12 10 8
8 8 8 8 8 8 8 8 8 8 8 8 6 6 8 8 13 13 8 16 6 6 3 0
3 8 8 8 6 8 8 10 10 10 10 10 10 9 9 9 9 8 8 9 8 8 8
8 8 10 10 6 6 6 6 8 8 8 9 9 9 9 9 9 9 9 9 10 10 8 8
8 8 8 8 8 8 8 8 8 8 8 8 9 13 10 10 10 10 8 8 8 8 8
8 27 27 14 12 11 12 11 9 11 8 8 8 8 8 8 8 11 8 8 8
8 8 8 8 
>Seg5-1_A70_Premixed PHD_FILE: Seg5-1_A70_Premixed.phd.1
15 15 16 16 10 10 10 10 12 12 10 10 10 10 10 10 8 8
8 19 10 11 11 22 30 28 15 14 10 10 12 14 14 22 29 37
31 31 30 23 23 21 22 22 28 32 33 33 33 33 33 44 44
47 50 57 53 53 50 50 50 53 53 53 53 53 57 59 59 59
59 50 54 54 54 48 48 54 47 48 48 54 50 50 57 57 57
68 68 68 68 68 68 68 68 68 68 68 68 68 68 68 68 68
68 68 68 68 68 68 68 68 68 68 68 68 68 68 68 68 68
68 68 68 68 68 68 68 68 68 68 57 68 68 68 68 68 68
68 68 68 68 68 68 68 68 68 68 68 68 68 68 68 68 68
68 68 68 68 68 68 68 68 68 68 68 68 68 68 68 68 68
68 68 68 68 68 68 68 68 68 68 68 68 68 68 68 68 68
68 68 68 68 68 68 68 68 68 68 68 68 68 68 68 68 68
68 68 68 68 68 68 68 68 68 68 68 68 68 68 68 68 68
68 68 68 68 68 68 68 68 68 68 68 68 68 68 68 68 68
68 68 68 68 68 68 68 68 68 68 68 68 68 68 68 68 68
68 68 68 68 68 68 68 68 68 68 68 68 68 68 68 68 68
68 68 68 68 68 68 68 68 68 68 68 68 68 68 68 68 68
68 68 68 68 68 68 68 68 68 68 68 68 68 68 68 68 68
68 68 68 68 68 68 68 68 68 68 68 68 68 68 68 68 68
68 68 68 68 68 68 68 68 68 68 68 68 68 68 68 68 68
68 68 68 68 68 68 68 68 68 68 68 68 68 68 68 68 68
68 68 68 68 68 68 68 68 68 68 68 68 68 68 68 68 68
68 68 68 68 68 68 68 68 68 68 68 68 68 68 68 68 68
68 68 68 68 68 68 68 68 68 68 68 68 68 68 68 68 68
68 68 68 68 68 68 68 68 68 68 68 68 68 68 68 68 68
68 68 68 68 68 68 68 68 68 68 68 68 68 68 68 68 68
68 68 68 68 68 68 68 68 68 68 68 68 68 68 68 68 68
68 68 68 68 68 68 68 68 68 68 68 68 68 68 68 68 68
68 68 68 68 68 68 68 68 62 68 62 62 62 62 62 68 68
68 68 68 68 68 68 68 68 68 68 68 68 68 68 68 68 68
68 68 68 68 68 68 68 68 68 68 68 68 68 68 68 68 68
68 68 68 68 68 68 68 68 68 68 68 68 68 68 68 68 68
68 68 68 68 68 62 62 62 62 62 62 68 68 68 68 68 68
68 68 68 68 68 68 68 68 68 68 59 59 59 59 57 57 68
68 68 68 68 68 68 68 68 68 68 68 68 68 68 68 68 68
68 68 68 68 68 68 57 57 57 57 57 59 59 68 68 68 68
68 68 68 57 57 59 57 57 57 68 68 57 57 57 57 57 57
59 59 59 68 68 68 68 68 68 68 68 57 57 59 59 68 68
68 68 68 68 59 59 59 59 59 57 57 68 68 68 68 68 68
68 68 68 68 68 68 68 68 68 68 68 68 68 59 59 59 59
59 59 59 59 59 59 59 59 57 57 57 57 57 57 59 68 59
57 57 57 57 57 57 59 59 59 59 59 59 59 68 59 59 59
59 59 57 57 57 57 57 57 59 59 59 57 50 50 47 47 41
50 47 47 42 39 39 39 39 34 37 43 59 59 59 44 41 39
44 44 44 47 47 59 59 59 50 50 50 57 57 57 47 47 47
41 41 39 47 59 47 44 44 44 35 35 37 37 37 37 37 35
32 32 29 30 37 43 39 37 34 34 22 22 23 34 28 37 37
44 44 37 32 32 25 26 15 16 20 22 22 27 29 31 29 41
37 37 37 35 41 41 32 29 37 37 37 31 31 37 37 37 32
31 37 31 37 41 37 30 28 27 25 19 15 12 11 11 17 12
13 11 13 13 15 17 15 20 18 18 24 24 21 13 10 14 15
16 15 18 9 7 7 7 7 8 19 37 13 11 11 11 12 9 9 15 10
12 14 14 24 22 22 20 26 19 23 22 18 23 15 11 17 17
16 16 14 23 24 28 22 18 20 18 18 19 19 22 23 28 24
19 19 22 24 19 25 18 19 16 15 15 15 19 15 15 12 12
15 9 9 9 8 8 8 8 8 8 9 10 10 9 9 8 8 8 8 8 8 10 9 9
8 8 8 8 10 10 10 12 12 6 6 6 6 6 6 8 8 8 8 8 15 14
13 10 10 10 10 10 13 8 8 9 8 8 8 10 10 8 9 9 11 14
11 10 10 8 8 8 8 8 8 13 8 12 13 12 8 8 8 9 8 8 6 6
8 6 6 6 8 8 11 10 9 8 8 8 8 8 8 9 9 9 8 8 8 6 8 8 8
10 8 10 10 10 9 9 9 8 8 8 8 9 9 10 15 19 10 10 10 11
11 10 12 12 11 9 9 9 8 8 8 9 9 10 12 14 10 9 9 9 8
8 9 8 9 8 8 10 8 8 6 6 6 6 6 6 6 6 8 6 6 6 6 6 6 8
7 6 6 6 6 8 6 6 6 8 7 9 9 9 9 9 9 8 7 7 6 6 6 6 8 8
8 9 11 11 9 6 6 6 6 7 8 9 9 9 9 9 9 9 9 7 7 8 8 8 8
9 9 9 9 9 11 8 8 8 8 10 6 7 7 7 6 8 8 8 8 6 6 9 9 9
9 9 10 9 9 9 9 6 6 6 8 6 6 9 9 9 9 9 9 9 11 11 11 11
11 11 12 16 11 11 11 11 11 9 9 9 9 8 8 8 6 6 7 7 7
6 6 6 7 13 8 8 8 8 9 9 6 10 8 8 8 6 6 6 6 8 8 11 11
7 7 7 7 8 8 8 13 8 8 8 8 8 11 10 8 7 7 6 8 8 13 15
9 11 11 17 15 11 10 10 8 6 6 6 6 6 6 6 6 6 6 6 6 6
8 9 9 9 9 9 7 8 6 6 6 6 7 7 6 8 11 12 18 18 15 9 6
6 6 6 8 6 8 8 8 8 8 8 8 6 6 6 6 6 7 8 8 8 8 11 12 9
8 8 8 8 8 8 9 17 11 9 9 7 6 6 6 8 6 6 6 6 6 6 8 8 8
8 8 8 9 9 9 9 
>Seg5-2_A70_Premixed PHD_FILE: Seg5-2_A70_Premixed.phd.1
7 7 7 6 6 6 6 6 8 8 8 10 15 15 12 10 6 6 8 19 10 12
12 22 30 25 15 12 9 9 13 10 10 12 14 19 19 23 23 23
23 18 16 16 19 32 33 33 37 37 37 50 50 50 47 50 53
53 50 50 50 50 53 53 53 53 53 53 53 50 50 57 57 57
57 54 54 54 48 48 48 54 54 54 59 59 68 68 68 68 68
68 68 68 68 68 68 68 57 57 57 57 68 68 68 68 68 68
68 68 68 68 68 68 68 68 68 68 68 68 68 68 68 68 68
68 68 68 68 68 68 57 57 57 57 57 57 59 68 68 68 68
68 68 68 68 68 68 68 68 68 68 68 68 68 68 68 68 68
68 68 68 68 68 68 68 68 68 68 68 68 68 68 68 68 68
68 68 68 68 68 68 68 68 68 68 68 68 68 68 68 68 68
68 68 68 68 68 68 68 68 68 68 68 68 68 68 68 68 68
68 68 68 68 68 68 68 68 68 68 68 68 68 68 68 68 68
68 68 68 68 68 68 68 68 68 68 68 68 68 68 68 68 68
68 68 68 68 68 68 68 68 68 68 68 68 68 68 68 68 68
68 68 68 68 68 68 68 68 68 68 68 68 68 68 68 68 68
68 68 68 68 68 68 68 68 68 68 68 68 68 68 68 68 68
68 68 68 68 68 68 68 68 68 68 68 68 68 68 68 68 68
68 68 68 68 68 68 68 68 68 68 68 68 68 68 68 68 68
68 68 68 68 68 68 68 68 68 68 68 68 68 68 68 68 68
68 68 68 68 68 68 68 68 68 68 68 68 68 68 68 68 68
68 68 68 68 68 68 68 68 68 68 68 68 68 68 68 68 68
68 68 68 68 68 68 68 68 68 68 68 68 68 68 68 68 68
68 68 68 68 68 68 68 68 68 68 68 68 68 68 68 68 68
68 68 68 68 68 68 68 68 68 68 68 68 68 68 68 68 68
68 68 68 68 68 68 68 68 68 68 68 68 68 68 68 68 68
68 68 68 68 68 68 68 68 68 68 68 68 68 68 68 68 68
68 68 68 68 68 68 68 68 68 68 68 68 68 68 68 68 68
68 68 68 68 68 68 68 68 68 68 68 68 68 68 68 68 68
68 68 68 68 68 68 68 68 68 68 68 68 68 62 62 62 62
62 68 68 68 68 68 68 68 68 68 68 68 68 68 68 68 68
68 68 68 68 68 68 68 68 68 68 68 68 68 68 68 68 68
68 68 68 68 68 68 68 68 62 62 62 68 68 68 68 68 68
68 68 68 68 68 68 68 68 68 68 68 68 68 68 68 68 68
68 68 68 68 68 68 68 68 68 68 68 68 68 68 68 68 68
68 68 68 68 68 68 68 68 68 68 68 68 68 68 68 68 68
68 68 68 68 68 68 68 68 68 68 68 68 68 68 57 57 57
57 57 57 68 68 68 68 68 68 68 68 68 68 68 68 68 57
57 57 57 59 59 59 68 68 68 68 68 68 68 68 68 68 68
68 68 68 68 68 68 68 68 68 68 68 68 68 68 68 68 68
68 68 68 68 68 68 68 68 68 68 68 68 68 68 68 68 57
57 57 57 57 57 59 59 59 59 68 68 57 57 57 57 68 68
68 68 68 68 68 68 68 68 68 57 59 59 68 68 68 68 68
57 57 57 57 57 50 50 50 50 50 50 59 57 48 48 53 53
50 47 41 41 39 37 37 41 39 39 38 32 36 43 41 44 47
47 50 59 59 59 59 50 57 57 57 57 57 59 59 59 57 57
50 47 47 41 50 50 50 59 59 47 44 44 41 41 44 44 44
39 28 28 30 32 33 41 59 59 50 50 50 42 41 39 44 39
32 28 25 30 37 37 41 41 41 41 47 39 37 29 29 29 31
34 34 41 37 41 41 41 44 41 37 37 41 39 39 34 34 28
28 32 32 31 37 37 36 41 37 37 36 47 39 37 29 31 32
37 37 39 34 28 28 28 26 31 39 41 31 31 28 28 22 28
19 28 28 34 28 37 30 25 19 19 23 25 30 37 37 32 37
37 37 37 25 27 11 16 9 9 9 13 17 27 29 27 32 30 31
30 30 25 27 21 19 20 20 24 12 16 22 23 23 22 12 18
15 16 10 9 9 9 9 13 9 11 12 20 18 18 9 9 9 10 15 17
37 26 24 17 17 15 17 15 22 12 11 13 10 12 14 28 22
14 15 11 8 8 8 8 8 8 9 13 14 13 13 10 9 9 20 17 28
24 21 18 22 16 18 15 22 9 15 10 10 10 10 11 14 16 14
20 25 22 17 11 13 8 9 9 8 8 10 10 10 13 12 12 8 8 8
8 10 13 13 11 11 9 10 8 9 10 10 8 8 8 8 8 8 10 12 8
8 9 9 9 9 9 10 10 11 10 10 8 8 8 8 8 8 7 11 9 11 11
11 10 9 9 9 13 10 11 9 9 8 9 9 9 8 8 6 6 6 8 7 8 8
8 8 8 13 12 10 8 8 8 8 8 8 8 8 6 8 6 8 8 6 6 6 6 6
6 11 11 8 8 8 8 8 8 9 9 9 9 9 9 9 9 9 10 10 10 10 10
11 11 9 9 8 10 8 8 8 8 8 8 8 8 7 9 9 11 11 11 12 12
11 11 10 10 10 10 12 11 11 9 9 9 9 8 8 11 10 12 11
10 8 8 8 8 8 8 8 8 9 13 11 11 11 8 8 9 8 8 8 10 10
9 8 8 8 10 10 20 29 32 17 16 9 9 9 9 9 10 12 14 10
10 10 10 15 14 11 10 10 9 9 7 8 8 9 9 9 11 12 10 10
8 8 8 8 7 7 6 6 6 6 6 6 6 8 7 7 9 16 17 11 13 13 10
8 8 8 6 6 6 8 8 8 11 11 12 11 6 6 6 6 6 6 8 9 9 9 11
11 14 12 14 8 8 8 8 8 8 10 10 11 12 12 14 17 14 10
8 6 6 6 6 6 8 8 8 8 10 10 15 16 17 18 19 14 9 7 7 7
7 7 
>Seg6-1_A70_Premixed PHD_FILE: Seg6-1_A70_Premixed.phd.1
10 10 11 11 11 8 7 7 7 10 9 8 8 8 8 8 8 7 8 10 13 15
21 30 37 25 14 12 9 8 8 10 10 12 11 24 28 28 29 23
23 21 24 24 30 39 39 41 42 50 50 50 50 50 47 50 53
53 50 50 50 50 57 57 57 57 53 53 53 50 50 57 68 57
54 48 48 41 39 39 42 42 47 47 46 48 57 57 59 68 68
68 68 68 68 68 68 68 57 57 57 57 57 57 57 68 68 68
68 68 68 68 68 68 68 59 59 59 59 57 57 57 68 68 68
68 68 68 68 68 68 57 57 57 57 57 57 68 68 68 68 68
68 68 68 57 57 57 57 59 57 68 68 68 68 68 68 68 68
68 68 68 68 57 57 57 57 57 59 59 59 59 59 68 59 59
57 59 59 68 59 68 68 59 59 59 59 59 59 59 59 57 57
57 57 57 57 57 57 57 57 57 57 59 59 59 59 59 57 57
57 57 57 57 57 57 57 57 57 59 59 59 59 52 52 43 43
52 52 59 52 52 52 52 43 42 44 43 33 33 27 38 27 33
43 44 44 59 43 41 41 43 43 27 27 27 43 43 44 43 43
41 37 37 43 43 47 57 57 34 32 18 16 21 14 13 24 20
31 35 42 24 24 11 11 11 24 24 36 35 28 28 23 23 19
30 27 32 30 37 28 37 23 21 12 12 12 12 13 13 17 20
24 30 23 28 21 14 14 19 21 13 22 18 16 13 9 8 8 8 8
8 9 9 9 10 10 10 13 13 11 11 11 15 12 8 8 6 6 8 8 13
8 15 12 11 10 10 9 9 9 12 12 12 18 24 21 13 12 12 12
12 12 12 11 11 8 8 8 8 8 8 13 10 12 12 16 11 11 12
18 17 30 24 22 16 12 11 11 9 9 9 10 10 10 10 10 8 8
8 8 8 6 6 6 6 11 12 12 15 9 8 8 8 8 8 8 8 8 8 8 10
12 15 10 9 9 9 9 8 8 8 8 8 8 10 10 11 13 11 11 9 9
9 9 8 8 8 11 10 8 8 10 6 8 8 8 8 8 8 8 10 8 8 8 15
10 10 9 9 9 9 9 8 9 9 12 12 10 15 10 10 10 10 13 12
12 8 8 8 8 8 8 10 10 10 8 8 8 8 8 8 13 15 12 8 8 7
6 8 8 7 6 8 6 9 8 8 8 8 10 8 10 10 10 8 8 8 8 8 8 8
8 13 10 9 9 10 11 11 14 11 11 10 8 8 8 8 8 8 9 12 12
12 26 21 19 10 10 9 8 8 8 8 8 8 8 10 9 9 7 7 7 9 9
10 9 9 9 8 8 8 6 6 6 8 8 8 8 8 8 11 15 13 8 8 6 6 6
6 9 10 9 9 10 10 10 11 10 9 9 9 9 8 9 9 9 9 10 10 10
10 10 8 9 10 10 8 8 10 9 9 13 11 16 6 6 6 6 6 6 8 8
8 6 6 6 8 8 8 8 11 13 7 7 6 6 6 8 8 8 9 9 10 10 9 9
10 11 11 9 9 9 9 17 11 9 10 9 9 10 15 13 9 9 8 8 8
8 6 6 8 6 6 6 6 6 6 8 8 8 8 6 6 6 6 6 8 8 8 6 6 6 6
7 8 8 8 8 6 8 8 7 7 8 8 8 11 8 8 8 8 8 8 6 6 6 7 6
6 9 9 9 8 7 8 8 8 8 11 13 19 19 12 12 12 13 15 8 8
8 8 8 8 9 9 8 9 9 8 6 6 7 8 8 8 13 8 9 8 8 6 6 6 6
8 11 8 10 10 10 10 10 9 9 7 10 6 6 6 6 6 6 6 6 6 6
7 7 7 8 8 8 6 6 6 7 7 6 6 6 6 6 8 10 9 8 8 8 8 8 8
8 9 9 9 9 9 10 7 7 7 8 7 6 6 6 6 8 10 10 6 6 8 8 8
9 8 6 6 6 6 10 8 8 8 9 8 8 9 8 8 8 8 8 8 8 8 8 6 6
6 6 6 6 9 9 11 10 10 10 10 8 6 7 8 8 8 8 7 9 9 9 12
8 10 7 7 6 6 6 8 8 9 8 8 6 7 8 8 8 8 7 6 8 8 8 8 8
15 9 9 9 9 7 7 7 7 8 8 11 9 8 8 8 8 8 8 8 8 7 9 7 8
8 8 9 9 12 9 9 10 10 8 8 8 7 8 9 8 8 8 8 8 8 10 10
9 7 13 7 7 6 6 6 7 9 8 10 8 8 6 8 10 8 8 7 7 9 9 9
9 9 9 9 9 9 9 7 9 10 8 6 6 8 8 6 6 8 6 9 9 11 11 10
10 10 9 14 10 9 9 8 6 6 6 6 6 6 8 8 6 6 6 6 8 8 10
8 10 10 11 11 10 10 10 9 8 7 7 7 6 6 6 6 6 6 6 6 6
10 10 10 9 9 11 10 11 6 6 6 6 8 11 6 6 6 6 6 6 8 8
8 8 8 8 6 6 6 7 10 8 9 11 11 11 16 12 8 10 6 6 6 6
8 8 8 7 7 6 8 8 8 8 8 9 10 9 8 8 6 6 6 8 6 9 9 23 28
25 17 8 8 6 6 6 6 6 6 6 8 3 0 3 9 9 8 8 6 6 6 6 9 11
10 15 15 11 10 10 10 13 11 6 6 6 8 8 10 11 11 8 8 8
8 8 8 6 6 6 8 8 8 16 21 21 11 8 8 6 6 6 8 8 6 6 10
6 8 8 8 8 7 7 7 9 9 10 15 10 15 9 11 11 11 11 12 11
8 7 6 6 6 6 6 6 8 8 9 9 9 9 9 11 10 9 9 9 10 11 10
10 10 10 10 15 12 11 11 11 8 8 8 8 8 8 8 9 9 9 10 8
8 6 6 6 6 8 8 8 
>Seg6-2_A70_Premixed PHD_FILE: Seg6-2_A70_Premixed.phd.1
18 18 16 17 21 9 9 9 7 7 6 9 9 9 9 8 8 8 8 8 11 9 9
9 12 9 13 8 10 10 8 8 10 8 9 9 12 10 9 10 10 9 9 9
10 10 13 15 19 17 19 16 12 12 12 12 11 11 13 10 10
10 10 12 13 14 12 15 12 12 12 13 13 13 9 10 10 10 10
9 11 11 13 13 16 18 18 18 12 12 12 12 12 12 30 24 16
15 15 15 13 13 13 13 15 15 15 16 20 15 15 15 18 13
18 13 13 13 18 28 14 13 13 13 13 14 27 24 18 14 14
14 21 18 19 16 24 24 24 19 23 23 32 28 44 28 24 13
13 11 16 11 14 13 15 13 13 13 18 18 14 13 13 13 13
13 15 15 16 16 18 19 23 38 28 14 14 14 14 14 14 21
18 23 23 18 24 13 13 13 15 15 15 22 13 13 13 15 24
14 14 14 14 14 14 14 14 22 14 13 13 13 13 14 16 16
15 13 12 12 11 12 12 18 18 12 12 11 15 15 12 12 14
16 15 15 12 12 11 15 18 16 16 20 27 27 23 38 17 14
13 15 15 16 15 15 15 12 12 12 12 12 34 14 17 17 18
24 24 32 32 24 19 18 20 19 19 15 14 12 12 12 12 12
12 12 17 19 18 24 20 20 20 21 18 13 12 12 12 12 12
12 12 19 12 12 12 12 12 12 12 13 13 12 12 11 12 11
12 12 15 13 13 12 12 12 19 12 12 16 12 12 15 19 19
18 28 13 13 13 13 13 18 18 20 28 15 15 12 12 12 14
14 15 15 25 14 14 14 12 12 12 12 14 14 15 15 15 12
13 12 10 10 13 10 10 10 11 15 19 15 18 12 12 12 16
15 16 16 15 20 11 11 11 22 22 24 12 12 12 12 12 12
12 12 12 12 12 16 16 14 14 14 15 18 17 15 15 15 15
11 12 10 10 13 13 14 13 15 15 8 10 6 6 8 8 10 10 15
15 19 15 19 19 19 21 17 15 15 12 12 12 16 12 15 12
12 12 12 12 12 12 11 12 11 11 11 11 11 11 12 15 15
12 15 11 11 11 18 18 12 12 11 16 16 21 19 17 14 12
12 12 12 13 11 11 12 12 13 24 29 23 22 11 10 11 12
17 19 15 15 13 11 11 12 13 13 13 13 9 10 8 8 8 10 10
10 10 9 9 9 9 9 10 12 10 10 10 10 10 10 11 11 12 10
10 10 10 10 10 10 10 10 10 13 10 10 10 24 19 12 12
15 12 12 10 10 10 10 10 10 10 16 16 16 13 12 13 11
11 13 21 17 8 8 8 8 8 8 9 10 10 10 9 9 14 10 9 9 10
10 10 10 10 12 12 13 13 18 19 19 24 28 28 28 18 11
8 8 8 11 10 10 10 12 10 10 10 11 11 15 18 21 16 16
16 23 16 19 22 24 24 23 27 14 14 14 14 14 14 13 16
9 9 9 9 9 9 12 16 21 18 10 10 10 10 10 8 8 8 8 8 11
11 11 11 16 15 17 17 14 15 15 10 10 10 15 17 18 12
12 8 8 8 8 9 10 10 10 15 24 12 13 10 10 10 11 10 10
10 10 10 10 10 10 10 10 10 10 10 10 10 10 10 9 10 10
9 9 8 8 7 7 10 8 11 8 8 8 8 8 8 9 10 10 13 12 10 11
13 13 13 15 13 13 13 15 22 21 26 13 10 10 10 10 10
10 10 9 8 8 8 8 8 10 10 10 10 8 8 8 8 10 15 13 12 12
10 10 9 9 9 12 15 15 10 10 12 12 12 9 9 9 10 10 8 8
8 8 8 10 9 8 8 8 8 8 8 11 12 14 10 15 15 17 13 10 11
11 11 12 12 14 12 10 9 9 8 10 10 8 8 8 10 12 10 12
12 11 11 11 14 11 9 9 9 9 9 10 12 12 9 9 9 23 11 11
10 9 10 12 9 10 11 12 12 15 12 12 12 18 22 19 12 11
10 10 10 11 10 9 9 9 9 9 10 11 11 11 10 10 10 10 9
7 9 10 10 10 10 18 19 19 18 13 15 11 11 11 12 10 10
8 8 8 8 8 8 9 9 9 10 10 9 11 11 11 11 11 15 12 12 12
9 10 9 9 9 12 16 10 9 9 9 9 9 9 8 8 8 8 8 8 8 8 8 10
10 9 9 9 9 10 9 9 7 7 7 7 11 10 11 11 11 12 12 12 12
12 13 18 8 6 6 7 6 11 8 8 10 11 11 11 11 12 11 10 10
10 10 10 11 13 11 10 9 9 9 9 9 10 11 11 9 9 9 9 10
10 8 8 8 14 9 8 12 11 11 10 10 9 9 9 9 12 12 10 10
6 6 6 6 8 8 8 8 8 8 9 9 8 8 8 7 9 9 9 9 9 9 9 9 12
9 9 9 9 9 9 9 10 10 10 10 12 12 10 10 10 10 10 11 17
11 11 10 10 9 10 10 10 8 8 10 11 14 11 15 8 8 8 8 8
8 9 9 9 10 10 10 10 9 9 9 12 11 10 10 10 6 6 6 7 6
6 10 10 10 9 10 10 10 7 7 7 7 7 7 9 9 12 9 9 9 8 8
6 6 6 6 6 6 11 9 8 9 8 8 8 8 8 8 8 8 8 8 8 10 9 9 9
6 8 6 6 8 8 9 9 8 8 10 10 14 11 10 8 8 8 8 10 10 10
9 10 13 18 18 16 12 10 10 10 8 8 8 8 8 8 10 13 20 39
9 9 8 8 8 8 11 8 9 9 9 9 10 15 11 11 11 11 17 11 11
10 9 10 10 10 11 8 8 8 8 8 8 10 10 11 11 11 
