>3-1_A70_Premixed PHD_FILE: 3-1_A70_Premixed.phd.1
6 6 6 6 10 10 10 10 10 9 9 9 8 6 6 6 6 6 3 0 3 8 6
6 6 6 7 3 0 0 0 0 0 0 0 3 10 8 8 8 8 8 8 8 8 8 8 8
8 8 8 10 10 11 10 10 8 8 8 6 8 8 12 11 11 6 6 6 6 6
6 7 6 6 6 6 6 6 6 6 8 8 8 6 8 6 6 6 6 6 8 8 8 8 8 8
10 6 6 7 7 7 6 8 9 9 6 6 6 6 6 6 6 8 6 6 7 6 8 6 9
9 9 8 6 6 6 6 6 6 3 0 3 6 6 3 0 3 15 7 7 6 6 6 7 7
6 6 3 0 3 6 6 6 6 11 11 8 8 6 6 6 6 6 7 9 7 7 6 6 6
6 3 0 3 6 6 6 6 6 6 6 6 6 6 8 8 6 6 6 6 3 0 3 10 8
8 8 8 8 10 10 11 8 8 8 3 0 3 10 15 8 8 8 8 8 8 8 10
10 10 14 9 9 8 7 9 9 10 10 8 8 8 8 8 8 8 8 8 7 8 7
7 7 9 9 9 9 10 9 8 8 6 6 8 6 8 13 6 6 6 6 8 8 8 8 8
8 10 10 9 9 10 9 9 12 13 10 8 8 8 6 6 6 10 14 30 19
19 6 6 6 6 6 6 6 7 8 6 8 10 12 12 10 8 8 7 6 6 6 6
10 20 10 10 8 8 8 8 14 9 9 8 8 8 8 8 8 8 8 8 24 8 9
7 7 6 6 6 10 10 14 18 20 15 12 8 9 9 9 9 9 9 10 8 8
8 8 6 6 6 6 8 8 3 0 3 6 6 3 0 3 6 6 10 10 8 8 8 8 8
6 6 6 6 10 8 6 8 6 6 8 6 8 8 8 6 6 3 0 3 3 0 3 10 10
8 8 8 8 8 8 6 6 6 8 10 10 10 11 9 8 11 10 8 8 8 8 8
11 11 8 8 8 8 8 8 8 8 8 8 8 8 6 6 6 6 8 8 9 8 10 6
6 6 6 6 6 8 6 6 6 6 8 10 13 11 8 8 10 10 8 8 8 10 8
9 9 7 6 6 6 6 6 6 6 6 8 6 8 8 8 8 6 6 6 6 8 8 8 8 8
8 8 10 15 15 13 7 7 7 7 10 8 8 8 8 8 8 8 8 8 8 8 6
7 7 7 8 6 8 8 10 6 6 6 6 9 9 6 6 6 6 8 6 8 8 8 8 6
8 6 8 8 8 8 11 12 14 8 8 8 8 8 8 8 6 6 6 6 7 11 18
13 12 6 6 8 10 6 6 7 6 6 6 8 6 7 7 9 7 7 8 6 6 6 6
10 11 6 6 6 6 8 6 6 6 6 8 6 7 7 7 7 6 6 6 7 12 13 7
6 6 6 7 7 8 8 8 12 8 8 8 9 9 11 11 6 6 6 8 14 13 15
11 10 9 9 9 9 11 11 10 9 12 9 9 9 9 10 7 6 8 8 11 13
10 8 8 6 6 6 7 8 8 8 8 9 9 8 8 8 6 6 6 7 6 7 6 7 7
8 7 7 7 7 11 11 12 10 10 12 12 9 9 10 10 8 8 10 15
17 10 11 11 8 8 8 8 9 9 12 10 10 9 9 12 10 10 11 9
9 9 9 9 9 12 12 12 12 9 7 8 7 9 10 9 13 12 12 11 16
13 10 12 9 9 10 8 11 11 12 10 12 12 12 12 11 12 8 10
8 8 8 7 7 9 9 10 10 8 8 10 8 9 10 10 14 9 8 8 8 8 6
6 6 6 7 13 8 8 8 8 6 6 6 10 8 6 6 8 8 6 6 6 8 6 12
14 8 8 8 8 11 13 8 8 8 8 8 8 10 9 17 15 6 6 6 6 11
10 10 9 9 10 7 9 8 8 6 6 6 6 8 6 7 8 10 10 10 10 10
11 8 6 6 8 6 8 8 10 6 6 8 8 8 8 8 8 8 8 8 8 10 11 13
8 8 8 6 6 6 9 12 11 10 7 7 8 8 8 10 8 10 8 8 8 13 15
11 8 6 6 8 6 8 8 9 10 10 8 8 6 6 8 6 8 8 10 8 8 8 8
10 8 9 10 8 12 7 7 7 6 8 8 8 8 7 8 8 8 8 6 6 7 7 8
9 12 12 13 10 10 12 8 8 8 6 6 9 7 11 7 7 10 9 9 13
13 9 9 10 8 10 8 8 10 10 10 6 6 8 8 8 8 8 8 8 10 9
9 9 9 10 10 10 10 8 8 8 8 8 8 8 8 8 12 10 9 7 6 8 6
6 8 8 8 8 6 6 8 6 6 8 6 6 8 8 8 8 6 6 8 10 13 12 10
7 6 10 6 8 8 10 9 19 12 8 7 7 8 8 11 10 8 6 6 10 6
8 12 12 9 8 8 8 8 9 9 10 10 8 8 6 6 8 10 10 8 6 6 7
8 6 6 10 10 10 8 8 9 13 15 10 8 8 8 8 8 11 11 13 13
13 11 10 10 8 10 8 10 8 10 8 8 8 8 10 10 8 8 8 8 8
8 8 9 8 9 12 8 7 6 8 6 8 9 9 8 8 8 8 8 8 10 6 6 6 6
8 8 8 8 8 8 8 10 10 10 10 10 10 10 10 9 9 10 10 6 6
8 8 18 18 15 15 9 7 7 7 6 8 8 10 10 8 8 8 8 8 10 10
10 9 9 8 10 8 8 8 8 8 10 10 10 8 6 6 8 8 9 8 8 8 8
10 6 8 6 6 6 6 9 8 10 10 10 8 8 8 6 6 8 8 12 12 10
10 10 9 11 12 8 8 8 7 8 8 6 6 8 8 10 10 10 12 10 9
9 10 9 8 8 8 8 8 8 6 6 8 8 10 9 9 8 10 8 10 8 10 10
10 10 10 7 8 8 8 8 8 10 10 12 9 9 10 13 8 7 7 7 7 7
10 8 8 8 8 8 9 9 8 8 8 8 8 8 13 14 10 8 8 8 8 8 8 12
10 9 10 10 10 12 12 11 11 12 7 8 8 8 10 8 8 6 6 10
7 7 8 8 8 8 6 6 6 8 8 9 10 10 18 19 20 17 11 6 6 6
6 8 8 8 9 8 8 8 8 8 8 6 6 8 8 9 9 11 12 8 8 6 6 8 8
8 8 8 8 8 8 10 8 8 8 10 9 9 9 9 9 10 16 12 9 9 9 8
13 8 8 10 8 11 10 11 11 8 8 6 6 8 8 10 10 10 8 10 10
8 8 8 8 8 8 8 10 8 8 8 8 8 10 9 9 9 9 11 8 10 8 6 8
6 6 12 10 10 9 9 10 12 12 11 8 8 8 8 8 8 8 11 11 11
10 10 11 11 11 11 10 8 8 8 8 8 8 8 8 8 8 8 8 8 8 8
8 8 10 12 10 8 6 6 8 6 6 6 6 8 8 8 8 10 8 8 8 8 8 8
8 8 8 8 7 6 8 6 6 8 8 8 8 9 10 10 9 9 8 6 6 6 8 8 8
8 8 8 8 8 6 6 8 8 8 8 6 6 8 8 9 10 10 10 15 16 18 9
9 9 9 10 10 12 12 8 8 7 7 8 7 7 10 10 10 10 8 9 8 8
8 8 6 6 8 8 8 8 8 8 9 9 8 8 8 8 8 8 12 12 8 8 8 8 8
8 8 8 8 8 8 9 9 9 8 9 9 9 8 8 8 8 8 8 8 8 8 8 10 10
14 14 13 10 9 8 8 8 8 8 8 8 10 11 10 10 10 10 12 10
9 8 8 8 8 8 8 8 8 8 8 8 8 8 10 10 11 11 11 15 15 10
12 9 7 8 8 8 8 8 8 8 7 7 8 8 8 8 8 8 8 8 10 8 8 6 6
8 8 8 8 8 10 10 10 10 10 10 8 9 9 10 10 10 10 10 10
8 8 6 6 8 8 8 8 10 8 8 8 8 6 6 8 8 8 8 8 8 9 9 10 10
8 8 8 8 8 8 8 8 8 8 8 6 6 6 6 6 8 9 14 10 8 8 6 6 8
8 8 8 8 8 10 10 8 8 8 8 6 6 6 6 8 8 8 8 8 8 8 8 8 6
7 8 6 6 6 6 6 7 8 8 8 6 6 6 6 8 8 15 12 8 6 6 6 8 8
6 6 6 8 8 9 9 10 11 11 10 10 10 10 8 8 6 6 8 8 8 6
6 8 8 8 8 6 6 8 8 9 9 9 9 8 8 8 8 8 8 8 10 8 8 8 10
10 6 6 6 6 6 6 8 10 8 8 8 8 8 8 8 14 8 8 6 6 8 8 10
10 8 8 7 6 10 8 8 6 6 8 8 6 6 8 8 6 7 8 8 11 11 12
12 10 10 10 8 8 8 8 8 8 8 8 6 6 8 8 8 8 6 8 6 6 8 8
12 12 10 8 8 6 6 8 8 8 8 8 8 8 8 7 7 7 8 10 16 16 15
13 8 8 8 8 8 8 8 11 6 6 6 6 6 6 6 6 6 6 6 8 10 12 13
10 8 8 8 10 8 8 10 11 13 13 12 10 8 8 8 8 8 8 8 8 8
6 8 7 6 8 8 8 8 8 10 6 6 8 8 8 10 8 8 8 10 8 6 6 6
8 8 9 8 8 8 8 8 8 10 8 6 6 8 8 9 9 9 9 
>3-2_A70_Premixed PHD_FILE: 3-2_A70_Premixed.phd.1
12 12 12 12 13 11 9 9 10 11 18 12 10 10 10 10 10 6
8 7 7 7 8 8 6 7 13 12 12 10 10 6 6 8 10 12 9 8 8 8
8 8 12 14 12 8 7 7 8 10 10 10 10 13 10 10 10 10 11
11 11 10 8 8 8 8 8 8 10 8 8 6 6 6 10 17 13 9 9 12 9
10 10 11 12 19 15 13 8 8 8 8 10 10 13 12 10 10 10 10
12 10 8 8 8 8 10 19 24 22 15 13 13 13 13 20 11 11 11
13 15 18 16 16 16 16 18 19 17 17 17 19 17 12 9 9 11
18 15 23 23 25 24 18 12 12 12 15 15 18 13 14 14 15
13 10 10 12 15 21 30 24 23 19 13 8 8 8 8 10 10 15 12
9 7 10 8 9 9 15 16 28 25 28 13 13 14 14 14 15 15 12
15 12 12 15 25 24 19 19 12 15 12 11 11 12 16 21 28
28 28 25 19 19 12 12 12 18 18 23 36 26 22 15 12 10
8 8 8 12 9 10 11 10 12 8 8 8 8 8 8 9 21 18 14 15 13
19 17 11 11 11 11 15 13 18 17 13 13 8 8 8 8 8 10 15
13 13 13 19 18 10 8 8 8 8 8 8 10 11 12 15 15 13 14
13 19 13 14 14 12 12 12 15 20 18 18 16 16 15 13 13
18 15 20 24 21 16 12 11 11 11 12 12 13 14 15 15 19
14 10 10 10 10 12 10 10 11 16 10 11 10 10 8 8 8 8 8
10 16 18 21 8 8 8 8 8 8 11 11 11 12 11 12 12 13 13
12 18 12 12 12 12 10 10 13 12 12 21 14 14 10 12 8 8
8 8 8 8 8 10 10 10 12 11 11 11 10 8 8 8 10 10 16 23
22 18 10 10 11 15 10 14 9 10 10 10 10 13 10 10 12 12
11 8 8 8 8 8 9 15 10 8 8 8 8 8 8 8 8 9 9 10 11 10 11
8 8 8 8 8 9 8 8 8 8 8 9 10 13 13 18 13 25 19 19 13
12 12 11 11 10 11 11 11 16 19 19 22 19 12 8 8 6 6 8
8 14 12 12 11 8 8 8 8 8 10 13 12 12 15 15 17 15 20
20 20 19 18 13 13 13 12 12 12 12 12 17 13 13 10 10
10 9 9 9 10 11 14 12 15 12 11 11 11 11 12 21 12 15
12 12 12 13 15 15 11 12 8 8 8 8 8 9 11 11 12 15 13
13 12 12 12 11 11 15 15 15 12 12 10 10 10 13 8 8 8
8 8 8 8 8 9 10 12 8 8 8 8 10 11 10 10 8 8 8 8 8 8 10
11 11 11 8 8 8 10 8 8 9 10 10 10 10 10 11 12 12 12
11 11 11 15 15 13 21 11 9 9 9 9 10 11 11 10 11 10 11
10 9 9 9 9 9 10 17 9 8 8 8 8 8 9 10 10 9 9 10 13 17
11 13 12 11 11 10 9 9 10 8 8 8 8 8 10 10 8 8 8 8 8
8 10 8 8 8 8 8 8 12 10 10 10 10 10 10 9 8 8 8 8 8 8
10 11 12 11 8 8 8 8 8 8 8 8 8 6 6 8 8 8 8 8 8 10 7
6 8 8 12 11 11 8 8 12 8 10 10 10 10 8 8 6 6 6 8 10
10 10 10 8 8 8 8 8 8 12 11 8 8 10 8 10 10 14 21 19
15 10 8 8 8 10 8 11 11 17 19 11 10 9 10 9 10 9 9 9
8 10 6 9 8 8 8 8 10 10 12 12 11 12 12 10 10 10 10 9
8 10 9 9 8 8 8 8 8 8 8 8 12 9 9 9 10 9 11 12 11 11
8 8 6 6 8 8 9 9 8 8 8 8 8 8 8 8 10 9 9 9 10 8 8 8 8
10 10 10 14 14 12 12 8 8 8 8 8 8 9 9 9 9 12 12 10 10
9 9 9 8 8 10 10 10 10 12 12 12 11 11 11 12 15 12 8
8 8 6 8 8 10 10 10 10 8 8 12 11 8 8 6 6 8 8 8 8 8 11
11 11 11 12 11 11 11 8 8 8 8 8 10 11 10 7 7 8 8 11
9 9 9 8 8 8 6 6 6 6 8 8 8 8 15 9 10 8 10 8 8 8 8 8
8 10 12 12 8 8 8 8 8 8 8 8 8 6 6 8 8 8 8 8 8 8 9 10
10 10 10 10 10 10 11 11 11 11 11 11 11 11 11 11 6 6
6 6 8 8 10 8 8 8 8 8 8 8 8 10 11 17 11 9 9 10 8 8 6
8 8 8 6 6 8 8 8 8 8 8 8 11 10 8 8 8 8 8 8 10 10 12
14 10 8 6 6 8 8 8 8 8 8 8 10 9 9 9 9 10 10 12 11 10
10 10 8 8 8 8 8 8 9 8 8 8 8 8 8 8 6 6 8 8 8 8 8 8 9
6 6 6 6 8 8 10 10 8 8 6 6 8 8 8 8 8 8 8 8 6 6 6 6 8
8 8 10 10 8 8 8 8 8 8 8 10 13 11 9 9 10 8 8 8 9 9 9
11 10 9 9 8 10 6 6 8 8 10 10 10 12 11 10 10 10 8 8
6 6 8 8 9 10 10 10 8 8 8 8 10 10 17 14 11 11 11 16
11 9 8 8 8 8 6 8 8 8 8 8 6 7 8 8 8 10 11 9 9 9 15 12
8 8 6 6 8 6 6 6 8 8 9 8 8 6 6 8 8 12 8 10 10 10 12
10 8 8 8 11 10 12 11 8 8 6 6 8 8 8 8 8 8 
>3-3_A70_Premixed PHD_FILE: 3-3_A70_Premixed.phd.1
12 12 10 10 12 11 10 9 6 6 6 6 8 8 8 8 8 8 8 6 6 6
7 8 8 13 13 12 11 8 8 8 8 12 12 13 13 12 13 13 10 8
8 6 6 8 10 11 8 8 10 10 11 11 11 12 12 18 18 15 9 9
9 8 8 9 9 9 9 18 16 28 15 10 10 7 9 10 6 10 9 17 16
20 16 12 11 11 6 10 8 7 11 10 11 11 12 13 11 10 13
13 13 12 11 8 10 8 8 7 9 11 11 12 12 11 11 11 11 17
11 12 12 10 10 10 9 9 9 10 10 8 8 8 8 8 11 12 12 13
9 9 8 8 8 8 8 8 8 9 15 13 10 11 11 13 11 11 11 15 15
18 15 14 14 10 10 10 10 10 11 18 18 15 15 12 15 11
13 12 18 15 19 15 12 10 10 10 10 8 10 8 8 8 10 12 18
18 14 15 12 12 12 11 10 13 12 14 14 15 15 19 15 15
14 15 11 8 8 8 8 8 8 8 8 8 10 12 21 14 10 10 8 8 8
8 8 8 8 9 9 12 12 18 15 12 12 12 12 12 11 11 11 10
10 10 10 10 9 10 10 10 10 10 11 11 11 12 11 9 9 9 10
9 9 13 10 10 10 10 11 11 10 10 15 15 12 11 13 12 9
8 8 8 8 8 9 10 9 8 8 10 10 10 10 10 10 12 12 8 8 9
9 9 8 9 9 9 9 9 10 10 10 12 12 11 11 10 10 8 8 8 8
8 8 11 11 12 12 12 12 18 12 12 11 8 8 8 8 8 8 8 8 8
8 8 8 8 8 9 9 11 11 8 8 8 8 10 10 12 10 10 12 12 12
12 9 10 8 8 6 6 8 8 9 11 14 12 12 8 8 8 8 8 8 8 8 8
8 6 8 6 6 8 8 6 6 8 8 8 8 8 8 8 9 13 16 16 10 8 8 8
10 8 8 8 8 8 8 8 8 8 10 11 13 10 9 10 10 9 9 10 9 9
9 9 9 9 13 16 18 18 8 10 12 11 11 11 10 10 10 10 12
19 13 12 8 8 6 6 6 6 9 9 9 8 10 10 10 10 10 12 12 12
11 8 8 8 8 8 8 8 8 10 10 10 10 10 11 11 12 12 12 15
8 8 8 8 8 10 11 11 11 11 12 12 11 10 10 9 9 9 9 13
8 8 8 10 10 10 8 11 11 8 8 8 8 8 8 8 9 8 8 8 8 8 8
8 11 10 8 8 8 8 8 8 8 8 8 8 8 10 10 10 10 8 8 8 8 9
10 8 8 10 10 10 10 11 11 10 8 8 8 8 8 8 8 8 8 8 10
8 8 6 6 8 8 8 9 10 8 8 8 8 8 8 8 8 8 8 8 10 10 12 11
16 15 10 8 8 8 8 8 10 11 8 8 8 8 6 6 8 8 11 10 10 10
10 10 11 9 9 8 8 8 8 8 8 8 10 10 10 11 11 8 8 8 8 8
8 8 8 8 8 9 8 8 8 8 8 8 8 8 8 8 8 8 9 11 12 11 12 11
9 8 8 8 8 8 10 11 8 8 8 8 8 10 8 8 8 8 8 8 8 8 8 8
8 8 8 6 6 6 6 8 8 8 8 10 8 8 6 6 8 8 9 10 10 10 10
10 10 10 10 10 8 8 8 8 8 8 8 9 12 13 9 9 9 8 8 8 8
8 6 6 8 8 12 8 8 6 6 8 8 11 15 15 12 12 12 11 11 11
10 10 9 10 10 10 10 8 8 8 8 8 8 9 10 12 8 8 8 10 10
8 8 8 6 6 8 8 10 10 10 11 11 11 12 11 11 8 8 8 8 8
8 8 9 9 8 8 10 8 8 10 8 8 8 8 8 8 8 10 10 10 10 10
10 11 12 11 11 11 10 8 8 6 6 8 8 8 8 10 10 9 8 8 8
8 8 8 8 8 8 8 8 8 8 8 8 8 9 11 18 13 15 11 11 11 11
11 11 10 10 11 9 12 9 8 8 8 8 8 8 8 8 11 11 12 8 8
8 8 8 8 8 8 8 8 8 8 8 8 8 8 8 8 8 8 10 8 8 6 6 8 8
10 10 10 8 8 8 8 10 8 8 8 9 8 10 10 10 10 8 8 9 8 8
6 6 8 8 9 9 8 8 8 8 8 8 10 10 8 8 8 8 8 8 6 6 8 8 10
10 11 10 9 9 9 9 9 12 12 12 10 10 10 8 8 6 6 6 6 8
8 8 8 8 8 8 8 8 8 8 8 8 8 8 8 9 8 8 8 8 8 8 8 6 6 8
8 10 8 8 8 8 8 8 8 8 8 8 8 10 15 10 8 8 6 6 8 8 6 6
8 8 11 8 8 6 6 8 8 8 8 8 8 6 6 6 6 8 8 10 10 8 8 6
6 8 8 9 9 11 11 11 11 11 10 10 9 9 9 9 8 8 8 6 8 8
8 6 6 8 8 12 12 8 8 8 8 8 8 10 9 9 8 8 8 8 8 8 8 8
8 8 8 10 11 10 8 9 8 10 10 10 8 6 6 8 8 10 9 9 10 10
13 10 8 8 8 8 8 8 11 11 10 10 10 11 10 9 9 10 10 10
8 8 8 8 8 8 8 8 8 8 8 8 8 8 15 15 12 12 11 8 8 6 6
8 8 8 8 8 8 6 6 8 8 10 10 10 8 10 10 12 10 9 9 9 8
8 11 8 8 8 8 8 8 8 8 11 9 8 8 8 8 8 11 8 8 6 6 8 8
10 18 11 8 8 8 8 8 6 6 8 8 11 9 8 8 8 6 6 8 8 10 10
8 8 11 11 11 11 9 9 9 9 9 9 9 9 9 9 8 8 8 8 8 8 8 8
8 8 8 9 8 8 11 9 9 9 9 10 10 12 13 13 12 12 9 9 9 9
9 9 11 11 11 11 11 10 9 8 8 8 8 6 6 8 8 8 10 8 10 8
8 8 8 9 9 10 10 11 8 8 8 8 8 8 8 8 8 8 8 8 8 8 8 10
10 9 10 8 7 8 8 9 9 8 8 8 8 8 8 8 10 10 10 8 8 8 8
8 8 8 8 8 8 10 8 8 8 8 8 8 8 10 8 10 10 10 8 8 8 8
8 6 6 8 8 8 8 8 3 0 3 8 8 7 9 9 7 8 8 8 8 8 8 8 8 8
8 8 8 6 6 8 8 10 11 11 8 8 8 8 8 8 8 
>3-4_A70_Premixed PHD_FILE: 3-4_A70_Premixed.phd.1
0 3 6 6 10 6 6 6 6 8 8 8 8 8 8 8 8 8 9 3 0 0 0 0 3
6 6 6 6 8 9 9 9 8 8 8 8 8 8 8 8 8 8 8 8 6 6 8 6 10
10 10 8 8 6 6 6 10 10 6 6 6 7 9 9 21 8 8 8 8 8 8 6
6 6 6 8 8 9 9 8 10 8 8 9 9 8 8 6 6 6 10 8 9 12 12 8
8 7 7 11 10 10 12 8 8 8 9 10 9 8 8 8 8 8 8 10 11 10
10 11 8 7 7 6 7 6 6 7 7 8 10 10 8 8 7 7 7 8 9 9 9 9
9 10 11 11 10 10 10 13 10 9 8 10 8 6 6 6 6 8 8 8 8
8 8 8 6 8 7 6 8 8 10 8 8 6 6 6 6 8 8 8 15 12 7 8 8
8 12 9 7 7 8 3 0 3 10 10 10 10 8 7 7 7 8 8 10 17 15
11 9 7 6 8 8 8 8 8 8 10 8 8 8 6 6 6 6 6 6 8 8 8 8 6
6 6 6 6 6 6 6 6 10 8 10 10 8 6 8 6 6 6 8 8 8 6 6 6
6 8 8 11 11 13 12 13 8 8 8 8 8 6 8 6 6 6 6 8 8 6 6
6 6 7 7 7 7 7 8 10 11 8 8 6 6 8 6 6 8 8 9 10 9 8 8
8 8 8 8 8 8 8 8 8 8 8 11 10 10 10 10 10 10 8 10 8 8
8 8 8 8 8 8 6 6 6 8 10 10 8 8 8 8 8 8 8 6 8 7 6 8 8
8 8 8 8 8 8 8 9 8 8 8 10 8 10 10 8 8 6 6 6 7 8 8 6
6 6 6 8 8 6 6 6 6 8 8 6 6 8 6 6 6 6 8 8 8 6 7 8 8 10
8 8 8 8 8 8 8 10 8 9 9 9 10 9 9 9 10 10 10 12 10 10
8 8 8 8 8 8 8 8 8 8 10 10 8 8 8 8 6 6 6 6 8 7 7 8 8
10 8 8 8 3 0 3 8 8 8 8 8 8 8 6 7 8 8 8 8 8 8 6 6 6
8 8 6 6 8 10 9 9 10 9 6 8 6 9 9 10 9 7 6 8 6 8 7 7
10 10 8 8 6 6 8 8 8 10 8 8 8 8 8 10 8 7 6 8 8 8 8 10
6 6 8 8 8 8 10 10 7 6 6 6 8 8 8 8 8 8 8 8 9 8 8 8 8
6 8 6 6 6 6 8 10 8 8 8 8 6 6 8 8 8 10 8 12 11 8 6 6
6 10 10 8 8 8 8 8 8 8 8 8 8 8 8 10 10 9 8 8 8 8 8 8
8 8 8 6 6 8 12 7 6 8 8 6 6 6 6 6 6 8 8 12 10 8 8 8
8 8 8 8 8 8 8 8 9 10 10 8 8 9 8 8 6 7 7 7 7 8 8 6 6
6 6 8 8 8 9 9 9 10 11 8 8 8 10 8 9 8 8 8 8 8 8 8 8
8 8 10 10 10 10 10 10 8 8 6 6 8 6 8 8 8 8 12 7 7 6
6 8 8 8 8 10 9 10 10 9 8 6 7 6 6 8 8 6 6 6 6 8 6 6
6 7 9 9 10 8 8 8 8 8 6 6 6 6 8 10 13 6 6 6 8 8 8 6
6 6 8 6 6 8 8 8 8 8 8 8 8 8 8 6 6 8 8 8 8 8 9 9 9 9
9 9 9 10 11 12 10 10 10 10 10 10 8 8 6 6 8 8 8 8 8
10 8 8 7 7 7 7 8 8 9 10 15 13 10 9 8 8 8 8 8 8 10 10
10 10 8 8 8 8 8 8 8 8 6 6 6 6 8 11 11 10 10 10 10 10
8 8 6 6 8 8 8 10 8 8 8 8 8 6 6 6 6 8 8 8 8 8 8 8 8
8 8 8 8 8 8 8 6 6 6 6 8 6 6 6 8 10 6 6 8 6 6 8 8 8
8 6 6 10 8 8 8 10 8 8 8 10 8 8 8 8 8 8 10 8 8 8 8 8
8 8 8 8 8 8 8 8 11 10 10 8 8 8 6 6 8 8 8 8 8 8 10 11
8 8 8 6 8 6 7 7 8 8 8 10 10 10 8 8 7 6 7 10 8 10 12
12 13 8 8 8 8 10 10 8 10 10 8 7 7 8 8 10 10 10 11 10
10 10 8 8 8 8 10 8 8 8 8 8 8 6 6 8 8 11 8 8 6 6 8 8
8 8 8 8 8 8 11 15 13 14 10 10 8 8 8 10 10 10 8 8 8
8 9 9 10 10 11 10 10 10 8 8 8 8 8 8 10 8 8 8 8 8 8
8 10 8 8 8 8 8 8 10 9 9 9 9 9 8 8 10 8 8 10 8 8 8 8
10 12 12 12 9 8 8 8 10 10 8 8 8 8 8 10 10 13 13 10
10 7 6 6 6 6 8 6 6 8 8 8 6 6 8 6 8 10 8 9 11 8 8 8
8 8 8 10 13 8 8 8 8 8 8 8 8 8 8 8 9 9 9 10 9 9 8 8
8 8 8 8 9 8 8 8 8 6 6 8 8 8 6 7 8 8 8 8 8 8 8 8 8 9
11 8 8 8 8 8 10 9 9 10 10 10 10 10 12 9 9 10 11 11
11 10 10 10 8 8 8 8 8 10 8 8 8 8 6 6 8 8 8 8 10 10
9 9 10 10 12 11 8 10 6 9 10 8 8 8 6 6 8 8 8 8 8 9 9
9 9 6 6 6 6 8 8 8 8 8 8 8 9 9 9 10 8 8 6 6 8 8 8 8
8 12 8 8 8 8 8 8 10 8 10 10 10 8 8 8 8 8 8 8 8 8 8
10 12 7 7 8 8 9 9 8 8 8 8 10 10 10 8 8 8 6 6 6 8 8
6 6 8 6 9 9 9 9 8 8 8 8 8 8 8 10 10 12 10 8 8 8 8 8
12 8 8 8 8 8 8 8 8 8 8 8 6 6 10 8 6 6 6 6 8 8 6 6 8
10 11 8 8 8 8 8 8 8 8 8 8 10 10 8 8 9 8 10 8 8 8 6
6 8 8 8 8 8 8 8 8 8 10 10 8 8 8 8 8 8 8 8 8 8 6 6 8
8 10 11 10 8 8 8 8 8 8 8 8 8 6 8 8 8 10 8 8 8 12 11
11 9 8 3 0 3 8 9 9 8 8 8 8 6 6 8 8 6 6 6 6 8 10 11
8 8 6 6 8 8 10 12 10 8 8 8 12 8 8 8 8 9 8 8 7 6 6 6
6 8 8 10 10 10 15 12 10 8 7 7 8 8 6 6 6 6 8 10 7 6
8 8 10 6 6 8 8 8 10 10 12 8 8 8 8 8 8 8 11 11 10 10
10 10 10 10 8 8 8 8 8 8 8 10 10 8 8 8 8 8 8 6 7 10
8 13 11 10 13 10 10 10 8 8 6 6 6 6 8 6 6 8 8 8 8 8
8 6 8 8 8 8 8 8 8 8 8 8 8 7 11 11 11 11 11 11 11 13
16 17 15 8 8 8 8 6 6 8 6 6 8 8 8 10 8 8 8 8 8 8 8 8
8 8 6 6 6 6 8 8 8 8 8 8 8 8 8 8 8 8 8 8 6 6 8 6 8 8
8 9 10 8 8 6 6 8 6 8 8 8 8 6 6 10 7 8 8 8 8 8 8 8 8
10 9 8 8 8 8 8 8 8 8 8 8 8 8 8 10 10 10 11 11 11 11
11 8 8 8 8 10 8 6 8 6 6 8 8 8 8 8 8 8 8 7 9 10 11 6
6 8 8 6 6 8 6 6 8 8 12 10 8 8 8 8 8 8 8 8 8 8 8 8 10
9 9 9 8 10 9 6 8 8 8 8 8 8 8 8 8 8 8 8 8 8 8 8 8 8
8 8 8 8 8 10 8 8 8 8 8 8 8 8 8 8 8 8 8 8 8 8 8 9 10
10 10 8 8 6 7 8 9 6 8 8 11 11 11 12 13 8 8 6 6 6 6
10 10 8 8 8 8 7 7 8 10 8 8 8 8 8 8 8 13 8 8 8 8 8 6
6 8 8 11 11 10 11 11 11 8 8 10 10 11 10 9 9 10 10 11
10 11 8 8 6 7 8 10 8 8 8 6 6 8 8 8 8 8 8 8 10 10 10
6 6 8 8 8 9 10 11 8 8 8 8 8 8 11 8 10 9 10 10 8 9 8
8 6 6 6 6 6 8 8 10 8 8 8 6 10 6 6 8 8 6 6 6 6 8 8 8
8 11 11 11 12 8 8 10 10 10 8 8 10 9 10 8 8 8 8 8 8
10 8 8 8 6 6 8 8 8 8 8 6 8 3 0 3 8 8 8 10 10 12 8 8
11 8 8 8 8 8 8 6 6 8 8 6 6 8 6 9 8 8 8 8 8 8 8 11 21
22 12 10 10 7 6 8 8 8 8 8 8 8 6 6 8 6 6 8 6 6 8 6 6
8 8 8 8 8 8 8 8 8 8 8 8 8 8 9 9 9 9 8 8 8 8 8 8 8 10
10 6 6 6 6 6 8 8 13 10 10 8 8 8 8 8 10 12 13 7 7 7
7 8 8 8 8 8 8 8 8 8 9 10 10 10 10 10 
>3-5_A70_Premixed PHD_FILE: 3-5_A70_Premixed.phd.1
8 8 8 8 8 8 8 8 8 8 9 8 8 8 8 8 8 8 8 8 6 6 6 6 6 6
6 6 6 6 6 7 6 6 8 6 12 12 10 6 6 6 6 6 6 6 6 6 7 8
8 8 8 11 11 10 10 8 8 6 6 8 8 10 8 8 8 8 8 9 11 15
10 8 10 7 7 7 6 6 9 12 9 10 10 15 12 8 8 8 10 10 6
6 6 6 8 8 11 10 10 13 10 10 10 15 9 9 9 10 10 8 8 8
8 8 8 8 6 6 6 8 8 11 11 13 10 10 9 13 10 10 8 10 10
11 13 17 10 10 10 13 9 9 12 12 12 9 9 9 9 8 10 8 8
7 7 7 7 12 13 11 8 8 8 10 8 8 8 8 8 8 8 8 8 8 6 6 10
10 13 19 12 15 14 10 10 10 10 8 10 9 9 12 10 10 10
18 19 22 22 22 17 15 10 8 8 8 8 8 8 8 9 13 8 6 6 10
8 8 10 8 8 8 13 8 9 9 9 9 9 10 12 11 12 12 12 11 11
9 7 10 6 6 8 10 13 10 10 10 10 10 9 9 12 12 23 10 10
7 7 8 8 7 6 8 8 8 8 8 8 8 8 10 10 10 9 9 10 8 8 6 8
6 9 11 12 10 6 6 8 10 8 8 8 8 8 10 9 9 9 10 9 10 13
8 8 6 6 8 10 10 10 10 8 8 8 8 11 8 8 8 8 8 8 8 8 10
10 6 6 6 6 16 18 10 10 10 10 10 15 13 14 13 12 10 8
10 8 8 8 8 11 8 10 7 9 10 12 8 8 8 8 8 8 8 10 16 14
16 16 8 8 8 8 8 8 8 10 8 11 8 8 6 9 11 12 28 12 12
9 9 12 10 9 9 8 8 6 7 8 10 10 7 7 10 6 6 8 11 14 19
8 8 6 6 7 8 13 21 24 22 11 10 9 9 10 9 9 12 15 10 9
9 11 11 20 15 28 8 8 6 6 6 6 8 10 10 7 9 14 12 13 10
15 9 9 9 12 10 10 9 9 8 10 8 8 8 8 12 10 10 11 15 8
8 6 6 8 8 11 10 8 8 8 10 8 11 8 8 8 8 8 9 12 19 14
6 6 8 8 8 6 6 8 8 9 11 10 13 9 9 10 8 8 8 8 8 8 10
8 8 8 8 7 7 10 10 14 11 11 10 8 8 8 6 6 6 10 8 8 8
11 10 10 11 10 13 10 8 8 8 7 7 10 15 10 12 9 9 10 15
13 13 11 11 10 12 12 16 14 9 9 10 15 8 8 6 6 6 6 12
12 12 9 9 7 7 10 10 10 10 6 6 8 8 10 13 7 6 8 8 6 6
6 6 8 8 8 10 8 10 14 21 19 16 16 18 21 19 13 10 10
8 8 8 8 10 8 9 9 10 10 8 8 6 6 8 8 8 8 10 10 8 6 6
6 6 9 8 8 8 10 11 13 10 11 8 7 7 8 10 7 7 8 8 12 8
8 8 8 8 8 8 12 8 8 8 12 8 9 12 10 10 8 8 8 10 10 11
11 16 10 10 10 13 13 13 9 11 8 8 8 8 10 13 9 9 8 8
7 7 8 8 10 10 10 10 10 6 6 6 6 8 8 7 6 8 6 8 8 11 11
9 9 8 8 8 8 10 8 9 9 8 8 6 6 6 8 9 9 9 10 11 11 13
11 10 10 8 8 8 8 8 8 8 10 8 8 8 10 10 8 8 8 8 8 8 8
8 13 13 17 15 10 10 11 13 8 8 8 8 13 12 10 8 8 8 8
12 10 10 13 10 10 10 8 8 8 8 8 8 10 10 11 10 12 11
9 9 10 10 10 9 9 9 8 8 8 8 8 8 9 9 8 8 6 6 8 10 8 9
8 10 8 8 8 6 6 6 6 8 10 13 18 10 8 8 8 8 8 8 7 11 7
7 6 6 8 8 8 10 9 13 8 8 7 7 12 8 7 7 8 10 12 8 8 6
6 8 8 10 6 6 6 6 6 8 15 16 19 11 8 8 11 8 8 10 10 10
11 11 6 8 6 6 6 6 8 8 8 8 8 8 8 8 8 8 8 8 8 7 9 8 8
9 8 8 6 6 6 6 8 8 11 11 8 8 8 8 8 8 8 8 8 10 9 9 10
10 10 14 12 12 15 14 17 15 13 8 8 8 8 10 8 6 6 6 6
7 6 8 8 8 8 8 8 6 6 8 8 8 8 8 8 10 13 10 8 8 8 8 6
6 6 6 8 13 11 10 8 8 8 8 8 8 8 8 11 10 12 10 8 8 6
6 8 6 9 10 16 10 12 8 7 6 7 8 8 14 15 11 9 8 8 8 6
6 6 6 12 10 13 11 10 10 8 10 10 6 6 6 8 8 8 6 6 8 8
10 10 10 10 10 11 9 9 9 12 8 8 6 6 8 6 8 8 8 9 10 10
8 8 7 7 8 6 7 8 8 10 15 15 22 18 18 16 12 10 10 8 8
8 8 8 8 6 6 6 8 6 6 6 10 10 10 8 8 6 6 12 13 6 6 8
8 8 11 22 10 8 8 8 8 6 6 8 6 11 15 16 18 19 16 8 8
8 8 8 9 11 12 10 8 6 6 8 8 8 6 6 8 8 15 8 8 8 8 8 8
6 6 10 8 9 10 13 11 13 11 14 8 8 8 6 6 8 9 11 8 10
8 8 8 8 8 8 8 10 8 8 8 8 8 8 8 9 10 8 8 8 8 6 6 6 8
6 11 8 8 6 6 6 8 8 8 8 8 8 10 11 8 8 11 10 10 8 8 8
6 6 6 7 10 10 10 8 8 8 10 8 8 6 6 6 8 9 10 9 10 10
10 6 6 6 6 8 8 8 8 10 8 8 8 10 8 8 8 10 8 8 8 11 11
14 13 13 11 10 10 10 16 14 18 15 13 11 11 8 8 7 6 8
8 9 11 13 15 15 11 8 8 7 7 8 8 11 8 8 6 6 8 8 9 10
10 13 10 10 7 9 9 9 10 10 10 8 8 8 8 6 6 8 8 6 7 10
10 11 10 10 10 10 12 11 9 9 9 11 11 11 10 8 8 8 10
10 8 8 8 10 8 8 6 6 6 7 7 9 12 8 11 11 11 10 10 10
9 9 9 10 10 10 13 10 10 10 10 10 11 13 10 10 8 8 8
8 8 6 8 6 7 8 8 11 8 6 8 8 8 6 6 11 8 7 7 8 10 8 8
8 8 8 8 8 6 6 9 9 9 9 9 10 10 9 9 8 12 8 9 9 9 9 10
9 9 9 11 10 10 10 10 10 10 10 8 8 8 6 6 6 6 6 10 10
12 10 8 8 8 8 8 8 11 12 12 12 11 8 8 8 6 8 6 6 6 8
8 6 6 6 6 10 8 8 8 8 8 8 8 8 8 8 8 8 8 8 8 6 6 8 8
6 6 6 6 6 6 6 6 8 8 6 6 8 8 10 8 8 9 6 8 8 8 8 8 10
10 6 8 7 9 8 12 8 8 8 8 8 8 8 7 9 11 10 10 10 10 10
11 13 11 11 8 8 6 6 6 6 8 8 11 12 11 11 11 11 9 9 9
8 8 8 8 8 8 10 8 8 8 8 10 8 9 9 9 9 10 9 9 9 9 9 9
11 11 10 10 8 8 8 8 8 8 10 10 8 8 8 8 8 8 10 10 8 6
6 8 8 8 10 9 6 10 8 8 8 6 6 8 8 9 9 9 9 8 8 6 6 8 8
8 8 8 8 10 8 13 8 8 8 8 11 10 8 8 8 6 6 6 6 8 8 8 9
11 11 11 12 3 0 
>3-6_A70_Premixed PHD_FILE: 3-6_A70_Premixed.phd.1
8 8 8 8 8 9 9 6 6 6 6 6 6 8 10 10 10 10 6 6 6 6 8 6
10 10 12 12 12 10 12 18 10 8 8 8 8 10 29 26 37 26 18
11 11 11 12 17 26 24 24 24 28 28 32 24 20 15 10 10
10 13 17 22 31 28 28 23 18 19 22 22 28 31 28 21 16
18 14 17 16 13 18 19 15 15 14 18 28 28 30 24 25 14
14 14 15 18 24 32 25 19 19 18 18 20 23 30 28 25 25
25 30 30 30 30 30 32 28 30 30 28 31 23 23 20 31 20
25 30 28 25 25 32 26 28 24 20 20 30 26 25 25 25 32
32 37 35 35 35 37 28 23 22 16 21 15 12 17 27 22 29
29 43 41 41 41 27 20 16 21 14 16 16 27 27 27 23 38
43 43 43 43 28 23 20 24 20 27 29 43 28 32 31 33 33
35 31 36 36 32 29 23 23 17 17 17 27 27 19 17 17 18
24 24 39 39 39 29 33 33 33 24 18 16 24 32 36 36 35
35 42 35 35 35 35 35 35 35 35 35 31 35 35 31 31 35
35 35 31 35 35 43 39 31 31 26 35 35 24 12 9 9 9 14
20 39 39 26 26 12 12 18 26 27 31 35 35 20 23 23 23
26 23 23 23 20 20 35 35 35 35 39 31 27 26 23 21 23
21 19 19 32 39 39 43 31 26 23 39 23 31 31 35 39 43
39 31 27 43 27 31 23 35 21 23 23 35 27 31 39 39 19
19 19 27 27 35 27 16 14 14 16 39 43 31 26 26 43 39
39 39 39 27 27 23 35 23 26 26 35 27 23 16 16 23 23
26 24 23 15 12 10 9 9 9 9 14 29 27 23 26 35 27 31 31
43 35 31 31 35 43 43 43 43 35 35 35 35 35 35 35 39
39 39 30 38 14 14 12 24 12 12 12 12 12 14 16 18 23
20 27 20 20 20 34 34 26 26 22 26 13 14 14 28 24 23
20 18 18 19 19 24 19 15 13 14 18 21 21 18 20 23 27
20 20 20 21 26 30 21 21 14 14 14 24 32 26 32 18 18
18 28 32 32 36 23 23 27 38 20 23 20 20 18 18 18 11
11 11 15 12 13 12 10 15 15 20 26 21 18 15 15 12 12
12 24 24 27 20 20 20 32 27 18 18 11 11 11 15 19 24
30 30 37 28 28 23 23 19 23 15 15 12 12 12 18 15 15
12 12 12 12 19 19 25 25 17 17 17 22 29 21 20 14 16
13 12 20 20 24 28 28 28 20 12 8 8 8 10 13 18 14 14
23 10 8 6 6 8 10 10 13 11 11 11 11 11 12 12 9 9 11
10 10 10 12 10 13 19 21 21 28 28 28 20 20 15 19 14
15 19 19 22 17 14 10 10 10 10 11 13 15 19 19 15 19
24 19 23 19 21 14 10 10 9 9 10 13 13 15 16 18 20 20
18 28 28 28 23 23 14 19 16 12 12 13 10 6 6 6 8 8 10
13 14 15 15 28 23 24 24 28 28 28 18 17 10 8 8 8 10
8 10 8 8 8 8 9 9 11 11 15 12 12 13 13 18 19 18 15 18
20 20 20 13 13 10 11 11 12 16 16 20 19 19 15 10 10
19 19 16 13 13 8 8 8 8 10 8 8 10 10 8 8 8 8 10 10 8
8 8 8 9 14 14 10 10 10 15 13 15 15 19 10 9 9 8 8 10
10 10 10 12 12 12 10 10 11 11 13 10 10 10 9 9 9 15
15 15 8 8 8 10 10 10 18 18 21 15 12 12 12 11 11 11
11 9 9 10 11 11 12 12 11 19 10 8 8 8 8 8 8 9 13 10
10 11 11 13 13 15 13 13 10 10 9 8 11 8 8 8 15 14 12
9 9 10 10 8 8 10 10 10 14 9 9 9 9 15 10 10 10 10 12
12 10 10 8 10 9 15 12 14 14 14 12 11 11 11 12 19 21
16 13 10 10 8 6 6 6 6 10 6 6 8 8 8 9 10 13 13 19 14
10 10 8 8 8 8 8 10 10 9 8 13 8 8 8 8 8 8 9 9 8 11 11
11 13 12 12 10 8 8 8 8 8 8 15 12 9 9 9 9 9 9 10 9 9
10 10 9 8 10 8 8 8 10 8 8 8 8 10 10 13 13 14 14 13
13 9 9 9 8 8 8 11 10 9 11 9 11 6 8 6 6 8 8 8 8 8 8
8 8 10 15 17 14 12 10 10 10 11 11 13 11 10 10 10 10
9 9 10 11 8 8 8 8 8 10 19 12 11 11 11 12 15 11 10 8
8 10 10 10 12 10 12 10 8 8 8 8 8 8 8 8 8 8 8 10 10
11 8 9 8 8 8 8 8 8 11 11 11 12 15 12 13 8 8 8 8 8 8
8 6 6 10 10 15 10 8 8 11 10 8 10 9 8 8 8 8 8 8 8 8
8 8 8 8 8 8 8 8 6 6 6 8 8 8 6 6 8 6 11 6 6 10 10 6
6 8 10 8 8 8 10 9 9 9 11 11 10 11 10 10 11 8 8 8 10
10 8 8 8 6 6 6 8 8 10 10 13 13 11 11 10 10 9 8 8 8
8 8 8 8 8 8 8 12 8 6 6 8 8 10 10 10 8 8 8 8 8 8 8 8
8 8 12 12 12 11 11 12 13 13 11 12 10 10 10 10 9 9 12
12 12 8 8 8 8 8 6 6 6 6 10 10 10 11 11 10 11 10 10
10 12 16 11 10 15 11 13 13 13 11 11 11 10 10 8 8 8
8 8 8 8 8 10 10 8 8 6 7 8 8 8 8 8 8 8 8 10 13 10 10
11 13 10 10 6 6 8 8 6 6 8 8 15 12 7 7 8 8 8 8 10 10
9 9 10 13 10 9 8 8 8 8 8 8 10 11 8 8 6 6 8 8 8 6 6
6 6 8 8 11 11 11 11 11 10 10 9 9 9 9 9 9 9 9 9 10 13
13 13 13 10 10 8 8 8 8 8 8 6 6 8 6 
>4-1_A70_Premixed PHD_FILE: 4-1_A70_Premixed.phd.1
12 12 12 17 11 11 11 11 12 12 12 11 10 9 9 9 9 9 12
17 9 9 9 10 10 23 19 13 10 8 8 14 12 14 14 16 26 21
23 24 23 23 18 17 17 22 30 30 30 33 33 33 50 50 50
50 57 50 50 50 50 50 50 53 53 50 50 57 59 59 59 59
53 68 68 68 53 50 48 48 48 54 57 57 57 59 59 68 68
68 68 68 68 68 68 68 68 68 68 68 68 68 68 68 68 68
68 68 68 68 68 68 68 68 68 68 68 68 68 68 68 68 68
68 68 68 68 68 68 68 68 68 68 68 68 68 68 68 68 68
68 68 68 68 68 68 68 68 68 68 68 68 68 68 68 68 68
68 68 68 68 68 68 68 68 68 68 68 68 68 68 68 68 68
68 68 68 68 68 68 68 68 68 68 68 68 68 68 68 68 68
68 68 68 68 68 68 68 68 68 68 68 68 68 68 68 68 68
68 68 68 68 68 68 68 68 68 68 68 68 68 68 68 68 68
68 68 68 68 68 68 68 68 68 68 68 68 68 68 68 68 68
68 68 68 68 68 68 62 62 68 68 68 68 68 68 68 68 68
68 68 68 68 68 68 68 68 68 68 68 68 68 68 68 68 62
62 62 62 62 62 62 68 68 68 68 68 68 68 68 68 68 68
68 68 68 68 68 68 68 68 68 68 68 68 68 68 68 68 68
68 68 68 68 68 68 68 68 68 68 68 68 68 68 62 62 62
62 62 62 62 68 68 68 68 68 68 68 68 68 68 68 62 62
68 68 68 62 62 62 62 62 62 62 62 68 68 68 68 68 68
68 68 68 68 68 68 68 68 62 62 62 62 62 62 62 68 68
68 68 68 68 68 68 68 68 68 68 62 68 62 62 62 62 62
62 62 62 62 68 68 68 62 62 62 62 62 62 62 68 68 68
62 62 62 62 62 62 62 62 68 68 68 68 62 62 62 62 62
62 62 68 68 68 68 62 62 68 68 68 68 68 68 62 62 68
68 62 62 62 62 62 62 62 62 62 62 62 68 68 68 68 59
59 57 57 57 59 57 57 57 59 59 68 68 68 68 59 59 59
59 59 59 59 57 57 57 59 59 59 68 59 59 59 57 57 57
59 59 59 59 57 57 57 57 57 57 57 57 57 59 59 59 57
57 54 57 57 59 59 59 57 57 57 54 54 52 59 52 52 52
52 52 52 57 54 54 52 57 57 57 59 50 57 50 50 48 57
57 57 57 57 57 59 47 43 43 47 57 42 42 37 42 42 44
44 48 57 57 57 57 57 59 57 57 54 48 57 57 57 54 57
47 44 43 43 43 47 47 57 46 43 43 43 43 43 48 48 48
48 48 48 42 42 43 43 43 43 43 42 42 42 42 34 34 37
37 32 39 39 43 46 43 43 39 39 39 39 39 40 39 37 41
35 31 31 31 31 40 59 47 41 27 22 18 16 11 12 16 22
22 23 28 24 24 28 34 34 48 48 37 41 40 39 39 37 32
27 29 32 26 26 18 18 19 30 14 14 12 25 16 20 19 28
25 28 25 31 26 19 12 11 11 11 22 13 16 16 32 32 41
41 39 34 29 33 30 30 25 29 34 28 19 15 10 8 8 8 10
15 23 39 32 28 28 8 8 8 8 9 15 25 24 24 19 26 19 17
17 20 21 14 14 14 19 26 23 15 10 8 8 8 8 8 10 13 14
14 14 13 16 12 10 8 10 8 8 8 8 9 18 22 24 13 13 12
12 14 14 24 16 16 14 14 13 15 12 12 13 19 18 18 10
10 10 8 10 8 8 8 8 8 9 9 9 9 9 12 9 9 9 15 16 16 16
10 12 8 10 8 8 8 8 6 6 7 10 9 9 10 10 11 14 15 18 12
8 8 8 9 9 9 8 8 8 8 8 8 10 6 8 8 8 8 9 15 15 9 9 9
14 18 9 9 9 9 6 6 6 6 10 6 8 8 6 6 6 8 8 8 8 8 8 8
8 8 10 6 6 6 8 6 8 8 8 8 8 9 10 9 10 6 6 6 6 6 10 8
9 9 10 13 13 13 8 6 6 6 6 6 7 8 8 8 8 8 8 10 9 7 7
7 7 8 8 8 6 8 6 6 8 6 8 8 8 8 6 7 6 6 6 6 8 8 8 8 9
13 8 8 8 8 8 8 8 8 6 6 6 6 7 8 10 10 10 9 9 10 8 8
6 7 6 6 8 8 6 8 6 6 6 6 6 8 9 9 9 10 9 10 11 9 9 22
17 11 11 12 10 9 6 10 6 6 8 7 8 8 8 7 7 7 7 9 10 9
11 8 8 6 6 6 8 8 7 7 7 7 7 7 7 9 9 9 18 11 9 9 10 10
10 10 10 10 10 10 12 16 11 11 11 12 11 8 8 8 8 8 8
10 8 6 6 6 6 6 8 8 8 8 8 10 10 8 8 6 6 6 8 9 9 9 9
10 10 11 9 9 13 8 8 6 6 6 6 8 8 8 8 8 8 8 9 9 9 9 12
10 10 10 10 8 6 6 6 8 8 8 6 6 6 6 8 6 7 7 6 8 8 9 7
6 6 6 6 6 8 9 7 7 6 8 6 6 6 8 8 8 8 8 8 8 8 8 11 11
11 12 10 8 6 6 8 6 8 8 6 6 8 8 8 9 10 10 10 10 9 10
8 8 8 6 6 6 6 6 6 8 8 6 6 6 6 6 6 9 9 9 9 9 8 10 7
6 6 6 8 8 6 6 6 6 9 6 6 6 8 7 7 6 7 6 6 8 8 8 8 8 8
8 7 9 9 9 8 8 9 9 9 8 8 8 8 8 8 8 12 8 8 8 8 8 8 8
8 10 10 10 10 10 10 8 8 7 7 8 6 6 6 6 7 10 6 6 8 6
10 10 10 9 8 8 8 6 6 8 6 6 6 6 8 10 8 8 8 8 11 11 8
8 6 6 6 6 8 8 9 8 8 8 8 8 8 8 8 11 9 9 10 9 11 9 8
8 6 6 8 8 11 10 8 12 8 8 8 9 10 6 6 6 6 6 6 9 8 8 6
6 6 11 8 6 6 6 6 6 8 9 9 9 9 9 10 8 9 8 8 8 8 8 8 6
6 7 6 8 6 6 8 8 10 11 10 10 10 8 6 6 6 6 8 8 8 8 8
8 8 8 8 6 6 6 6 6 6 
>4-2_A70_Premixed PHD_FILE: 4-2_A70_Premixed.phd.1
8 8 8 8 8 8 8 6 6 6 6 6 6 7 8 12 15 10 8 9 6 6 6 9
9 9 9 9 9 9 10 11 13 12 11 11 9 9 9 9 12 12 24 22 33
28 18 14 10 10 8 8 12 22 23 28 24 24 20 18 18 21 18
14 11 16 11 11 11 12 15 15 14 11 12 11 19 10 10 6 6
8 8 15 19 19 21 23 23 23 23 20 20 19 14 10 10 9 9 11
8 8 8 8 8 8 12 12 15 15 26 26 20 18 15 15 13 9 9 12
10 9 10 11 18 11 11 11 12 18 15 12 11 11 11 12 18 19
13 13 14 12 12 11 12 11 16 11 16 16 11 12 11 18 16
16 18 20 12 10 9 9 10 8 8 8 11 8 8 8 21 15 12 12 12
13 16 19 20 26 20 15 10 9 9 9 9 9 10 15 11 14 14 13
10 8 8 8 8 8 9 12 11 11 12 11 11 11 12 12 11 11 15
11 12 12 18 18 12 12 12 12 12 12 12 12 13 13 10 10
15 13 10 10 12 11 12 12 12 12 13 8 8 8 6 8 8 9 9 9
8 10 10 10 8 8 9 8 8 8 8 8 10 10 10 11 11 11 11 12
13 12 11 11 11 11 11 18 10 10 10 10 10 11 12 12 12
12 12 13 12 12 11 9 9 9 8 8 10 14 14 11 15 15 15 11
13 14 14 13 11 12 12 11 11 11 11 11 10 11 11 11 11
10 11 10 10 13 13 8 8 9 15 10 10 10 9 9 10 9 9 9 9
10 10 10 9 9 9 9 10 12 9 10 9 10 10 10 10 12 12 12
12 11 11 11 9 9 8 8 8 8 8 8 8 8 8 12 13 15 9 8 8 10
8 8 13 12 21 19 15 10 10 10 10 9 10 10 10 6 6 8 8 8
9 9 9 11 11 15 10 8 8 8 6 6 8 8 15 12 14 13 11 11 9
8 8 8 8 8 11 11 11 11 11 13 10 10 10 10 9 9 10 12 9
10 8 8 8 8 10 10 8 8 6 6 8 8 10 10 10 10 11 11 11 11
13 18 11 10 10 12 10 10 12 10 8 8 11 13 12 11 11 8
8 6 6 6 6 10 12 15 13 12 8 8 8 8 8 10 8 8 8 8 8 8 8
8 16 12 12 11 15 11 9 8 8 8 8 8 8 8 8 9 10 13 13 10
10 13 10 10 10 10 10 13 18 16 16 12 11 11 11 11 11
11 11 11 11 10 10 10 9 8 8 8 8 8 8 6 6 8 6 6 8 8 9
10 10 10 10 8 8 8 8 8 8 8 8 8 8 8 10 8 6 8 8 8 8 8
11 11 8 8 8 9 9 9 10 10 8 8 8 8 6 6 8 8 8 8 11 15 9
10 10 10 10 8 10 11 8 9 9 9 9 9 9 8 8 8 8 8 8 10 10
8 8 8 8 8 6 6 8 8 12 10 10 10 8 8 8 8 8 8 8 8 8 10
6 6 8 8 8 8 10 10 10 9 9 11 8 8 6 6 8 6 6 8 8 8 8 8
8 8 8 8 8 8 8 8 9 9 9 10 8 9 9 10 9 9 11 11 8 8 8 8
16 12 13 16 10 10 9 9 9 10 8 8 8 8 8 8 11 11 11 10
8 8 8 8 8 8 10 10 10 8 8 8 8 8 8 8 8 8 10 10 10 10
10 11 9 6 8 8 10 10 8 8 6 6 8 8 9 10 10 10 10 10 10
12 11 8 8 9 9 9 9 11 11 11 11 11 11 11 8 8 8 8 8 8
12 10 10 10 10 11 11 11 11 12 12 12 10 10 10 10 10
10 8 8 8 8 8 8 9 11 8 8 8 8 8 8 8 8 6 8 8 9 9 9 9 9
8 8 8 8 8 8 8 8 8 8 8 8 9 12 11 8 8 6 6 8 8 8 10 10
11 8 8 8 8 8 6 6 8 8 10 10 10 8 8 10 8 8 8 8 8 8 8
6 7 8 10 8 8 8 10 11 8 8 8 8 8 6 6 8 6 6 8 8 10 8 10
8 8 8 8 9 9 10 9 9 9 10 10 8 9 9 9 9 10 12 8 8 6 6
8 8 8 8 8 8 8 8 8 8 8 8 8 10 8 8 8 8 9 8 9 8 8 8 8
8 8 13 15 13 12 12 11 11 8 8 6 6 8 8 6 8 8 11 10 9
9 8 8 8 8 8 8 10 8 8 8 6 8 8 9 9 8 8 6 6 8 8 8 8 8
8 8 10 10 10 10 8 8 8 8 10 10 10 10 8 8 6 6 8 8 8 8
8 10 10 15 12 15 11 11 11 11 11 11 11 11 11 10 10 9
9 9 10 13 13 12 11 11 11 8 8 6 6 8 8 8 6 6 8 8 9 11
11 11 13 18 13 8 8 8 6 6 8 8 8 8 8 8 10 10 8 8 8 8
8 8 8 8 8 8 8 8 9 10 8 8 6 6 8 8 10 11 11 12 12 12
10 8 8 8 8 8 8 8 8 10 8 8 6 6 8 8 6 6 8 8 11 8 8 8
8 8 10 9 10 10 9 9 10 10 10 10 10 10 8 8 8 8 8 8 8
8 8 13 15 12 12 11 11 11 12 12 9 9 8 8 8 8 8 8 8 8
8 8 8 10 10 10 8 8 8 8 8 8 6 6 8 8 10 10 10 10 8 8
8 8 8 8 8 6 7 10 8 10 10 10 10 8 8 10 8 8 9 12 10 10
9 9 8 8 8 8 10 8 8 8 8 9 10 9 9 9 8 8 8 8 6 6 8 8 10
10 11 11 10 8 8 7 6 8 8 8 8 8 8 8 10 10 8 8 10 9 9
10 11 11 17 21 12 8 8 8 8 10 8 10 8 8 8 10 9 9 9 10
10 12 11 11 11 8 8 6 6 8 8 9 10 10 10 9 8 8 8 8 8 8
8 8 8 8 8 8 10 8 8 9 9 8 8 8 8 8 8 7 6 8 8 9 9 14 11
10 8 8 10 8 8 8 8 9 8 8 8 8 8 8 8 8 8 8 8 10 10 8 8
8 8 8 8 10 13 10 10 9 9 9 9 10 8 8 6 6 8 6 6 8 8 8
8 8 8 8 8 8 8 8 8 8 9 8 8 6 6 6 8 8 6 6 8 8 8 10 10
10 8 8 6 7 10 12 24 8 8 6 6 8 8 11 10 8 6 6 8 8 8 8
8 8 8 6 
>4-3_A70_Premixed PHD_FILE: 4-3_A70_Premixed.phd.1
8 8 8 8 10 8 8 8 8 10 8 10 10 10 13 15 12 12 12 12
12 10 10 6 6 6 6 6 6 6 9 9 9 8 8 6 6 6 6 6 6 8 8 8
8 8 8 8 8 8 9 9 9 9 16 15 18 14 11 11 12 11 8 8 8 8
8 8 12 10 8 10 8 8 8 10 13 13 13 13 11 11 11 6 10 7
7 8 8 11 10 9 9 9 11 8 6 6 6 8 6 6 6 6 8 8 10 8 8 8
8 13 16 13 7 6 6 6 10 7 8 8 10 8 12 11 8 8 6 7 8 8
10 10 10 10 10 11 17 12 10 10 8 8 8 11 10 10 8 8 8
12 11 15 19 10 9 8 8 6 6 8 8 10 8 8 8 6 8 10 8 8 8
11 10 8 8 8 10 8 10 10 8 8 8 8 11 11 8 10 7 8 6 6 8
8 10 10 10 19 15 11 12 9 7 10 6 6 6 6 6 8 8 8 8 8 10
8 8 8 8 9 9 8 8 8 8 10 10 9 12 10 13 10 10 8 8 8 11
16 20 17 13 8 8 8 8 8 8 10 8 8 6 7 10 10 6 6 8 8 8
6 6 8 10 7 7 8 10 10 8 6 6 10 6 8 8 10 8 8 8 6 8 6
6 8 8 11 10 10 10 10 9 10 11 6 6 8 8 12 8 8 6 6 8 6
6 7 7 8 8 7 9 8 8 8 8 6 6 10 10 7 6 8 8 13 8 8 8 8
8 6 9 9 11 9 9 8 10 10 8 8 8 8 12 6 6 8 8 8 8 8 6 6
8 14 12 15 9 9 10 10 9 7 10 8 8 8 8 8 8 8 8 6 6 8 12
10 11 10 10 8 6 6 8 8 8 8 8 8 10 8 8 8 8 8 8 7 7 10
10 10 9 9 9 7 8 8 12 8 10 8 8 8 8 9 9 8 8 8 8 8 8 8
8 8 8 6 6 8 8 11 10 10 11 10 10 9 6 8 8 8 6 8 8 8 8
8 8 8 8 8 8 8 8 8 8 8 8 8 8 10 10 8 8 8 8 10 13 7 6
8 8 12 11 8 8 8 8 8 8 8 6 6 6 6 8 6 6 8 8 8 11 6 6
8 8 6 7 8 8 8 8 8 8 8 8 11 11 11 8 10 10 11 8 8 8 8
8 8 8 8 8 8 13 20 13 8 6 6 8 8 11 11 16 12 16 11 12
11 8 8 6 6 10 8 8 8 10 8 8 10 10 8 10 10 8 8 8 8 8
8 9 9 9 9 10 10 12 10 10 9 7 8 6 6 8 8 16 12 12 8 8
8 8 21 10 11 11 10 8 8 7 6 8 8 8 10 8 8 8 11 8 8 8
8 8 8 8 10 13 12 12 9 9 10 10 15 13 11 8 8 6 6 8 8
8 8 8 8 8 10 10 10 13 8 8 8 8 8 8 8 8 8 8 18 11 10
10 10 10 10 11 10 10 10 10 10 8 8 8 8 10 10 10 10 10
8 8 8 8 10 8 10 10 10 10 10 8 8 8 8 6 7 10 10 16 12
9 11 11 10 10 10 10 10 10 10 8 8 8 6 6 8 8 7 6 8 8
10 10 10 8 6 6 8 8 12 10 7 6 6 8 8 6 6 6 8 6 6 8 6
9 11 11 11 9 9 10 10 8 6 6 6 10 8 8 8 8 8 8 10 10 10
10 6 8 6 7 10 10 7 7 8 10 8 10 10 10 12 8 8 8 8 8 8
9 9 9 8 10 6 6 8 8 9 10 8 8 6 6 8 8 8 10 10 12 10 8
8 8 8 10 10 8 8 8 15 12 6 6 6 8 10 10 8 8 8 8 8 8 8
8 8 8 9 10 10 19 13 10 10 8 7 7 8 6 6 8 6 9 8 9 9 12
10 10 10 10 10 10 10 9 9 10 8 8 8 8 6 6 6 6 8 6 8 6
6 8 8 8 8 8 8 8 8 11 11 11 11 11 11 12 12 12 11 10
10 11 8 8 8 8 8 8 8 8 8 8 8 8 8 8 8 8 13 12 8 8 8 8
8 8 8 9 9 9 11 10 8 10 8 8 8 8 11 9 9 9 9 9 8 12 10
10 10 10 10 11 8 8 8 8 8 8 6 6 8 8 8 8 8 14 13 13 11
11 11 16 18 19 10 10 8 8 8 8 8 8 8 8 8 8 8 8 8 14 8
8 8 8 8 8 8 8 8 8 8 8 8 8 8 8 8 8 8 8 10 10 12 12 15
13 13 10 10 8 8 10 11 10 8 8 8 8 8 8 6 6 10 6 9 9 8
8 6 6 8 6 8 8 8 8 8 8 8 8 8 8 8 8 8 8 11 11 11 8 8
10 8 8 8 9 9 8 8 8 8 8 9 11 11 8 8 6 6 8 6 8 8 8 10
9 9 10 10 10 10 9 9 10 8 8 8 8 8 8 8 8 8 6 6 6 6 11
8 8 8 8 8 8 10 9 8 8 8 8 8 8 10 8 8 8 8 8 8 8 8 8 8
8 6 6 8 8 12 8 8 6 6 8 8 6 6 8 8 9 9 10 10 9 10 10
9 10 10 10 8 8 6 6 8 6 11 10 10 10 10 8 8 8 8 11 9
10 10 8 8 8 8 6 8 8 10 8 8 8 8 8 8 8 8 8 8 12 8 10
10 10 11 13 10 9 8 8 8 8 13 10 9 9 9 9 9 9 10 11 12
12 11 11 11 13 10 10 8 8 6 6 8 8 8 9 9 8 8 8 8 8 8
8 9 9 9 10 8 8 8 8 8 8 8 7 6 8 8 8 7 6 6 8 8 8 8 8
6 7 8 8 8 8 8 9 9 14 21 15 10 10 10 10 8 8 6 6 8 8
6 6 8 8 8 8 8 8 12 12 12 8 8 8 8 10 8 8 8 8 8 6 6 8
6 6 8 6 6 10 8 8 8 9 11 9 10 9 9 9 10 8 8 8 8 10 8
8 8 8 8 8 8 6 6 6 8 8 10 8 8 6 6 8 8 9 9 15 12 12 14
9 9 9 9 8 8 6 6 8 8 8 8 8 8 8 6 6 8 8 9 9 9 10 8 9
6 10 8 6 6 6 6 8 8 8 8 8 8 8 6 6 8 8 9 9 10 9 9 9 10
10 8 8 8 8 8 8 8 8 8 8 6 6 8 8 6 6 8 6 6 8 8 8 9 8
8 6 6 12 8 8 8 8 8 8 10 9 9 10 9 9 10 11 11 13 13 11
11 9 9 10 10 10 10 11 11 11 11 11 8 8 6 6 8 8 8 6 6
8 8 9 9 9 8 8 8 8 8 8 6 6 10 8 9 6 6 7 6 8 8 8 8 8
8 8 8 9 6 6 6 6 8 8 8 8 8 10 10 13 13 13 11 10 9 8
8 6 6 8 8 6 6 10 10 9 9 8 8 8 8 8 8 8 6 6 6 8 8 10
8 8 10 10 8 8 8 8 9 8 8 6 6 8 6 8 8 8 10 8 8 10 10
10 8 8 8 8 8 8 8 8 8 8 10 8 8 8 8 8 8 8 8 8 8 8 8 8
6 6 8 8 11 10 10 10 10 8 10 10 10 10 12 8 8 8 10 6
9 10 10 8 8 8 10 8 8 8 8 8 9 9 9 10 10 16 16 12 10
10 8 8 8 11 10 8 8 6 6 6 8 7 6 8 6 6 8 8 10 8 8 6 6
6 6 8 8 8 8 8 8 8 8 8 8 7 6 8 8 8 8 6 6 8 8 8 8 8 8
7 7 6 6 8 8 8 10 8 8 6 6 8 8 9 9 11 11 13 11 8 8 8
8 8 8 8 8 9 6 6 6 7 8 8 6 6 8 8 10 8 8 8 8 10 9 9 8
8 6 6 8 8 8 8 8 6 6 6 8 10 11 10 8 8 8 8 8 8 8 8 10
10 11 11 11 8 8 6 6 6 6 
>4-4_A70_Premixed PHD_FILE: 4-4_A70_Premixed.phd.1
9 9 9 9 9 9 9 9 8 8 8 8 8 8 8 8 8 8 10 7 7 7 8 17 9
7 7 7 7 6 6 6 6 7 6 7 8 10 8 8 8 8 6 6 6 6 6 6 8 8
8 6 6 6 10 10 10 11 11 11 11 13 16 8 8 6 7 7 8 10 8
10 6 6 8 8 8 8 8 8 11 8 6 6 8 8 8 8 8 8 8 6 6 8 8 10
8 8 8 8 10 15 11 12 12 8 8 8 8 10 8 8 8 8 8 7 7 7 8
9 9 16 7 9 9 9 7 7 8 8 8 8 8 8 8 6 8 6 6 8 8 10 10
10 3 0 3 17 15 18 19 19 13 21 10 12 8 10 10 8 10 10
8 8 8 8 8 6 6 10 8 8 8 6 6 13 8 8 6 6 8 8 8 8 8 8 8
6 6 6 6 8 8 12 10 10 10 10 10 10 8 8 7 7 8 7 7 8 11
13 17 10 10 10 12 15 10 10 10 13 13 10 10 10 9 9 6
8 6 8 10 8 8 8 8 8 10 8 8 12 8 9 12 12 13 10 8 10 8
11 8 8 8 8 8 10 7 7 12 7 9 10 12 8 9 8 8 9 9 11 14
19 8 8 8 8 8 10 8 8 8 8 8 6 8 6 6 6 8 6 7 8 8 8 8 9
9 8 8 8 8 8 8 13 9 9 9 10 8 8 8 8 6 6 6 7 12 10 13
12 12 12 12 11 11 16 10 10 8 8 6 6 6 7 7 7 8 8 8 11
10 10 8 6 8 6 6 8 13 7 6 6 6 8 8 7 6 8 8 10 13 18 14
13 11 11 8 8 8 8 8 8 10 10 9 7 10 8 8 8 8 8 9 10 10
10 10 10 10 21 15 10 10 10 10 13 10 10 8 8 10 10 10
6 6 7 6 8 8 8 8 10 8 8 8 10 8 8 8 8 8 8 8 8 8 6 8 7
7 12 12 10 10 8 8 8 8 8 6 8 6 6 8 8 8 9 9 9 10 10 10
9 6 6 6 6 10 10 8 8 8 8 8 6 6 8 8 10 9 10 11 9 8 8
8 8 8 6 6 8 8 8 8 6 6 8 6 9 9 8 8 8 8 8 8 8 8 8 8 6
8 6 6 8 8 10 8 8 8 8 8 8 7 7 10 6 6 6 6 8 11 8 10 10
12 9 7 10 6 9 7 8 8 8 7 9 10 10 9 8 10 8 8 8 8 8 9
9 9 9 13 10 10 10 8 8 6 6 8 8 8 8 8 8 6 6 8 8 10 8
8 8 8 8 8 8 8 8 8 10 10 8 8 8 6 6 6 6 8 8 9 9 6 8 6
6 8 6 6 6 6 9 10 8 8 8 8 8 8 8 10 10 12 11 11 10 11
10 9 8 10 8 8 8 6 6 10 10 10 9 9 10 10 6 8 8 8 8 8
8 6 6 6 6 8 8 8 6 6 8 8 8 12 11 10 8 8 8 6 6 8 8 8
10 10 15 10 10 10 10 10 8 8 8 8 9 8 11 12 12 8 8 6
6 8 8 11 12 11 8 8 6 7 10 11 10 11 11 13 13 8 8 8 8
8 8 8 8 8 8 8 8 6 6 8 8 8 8 8 8 11 19 16 8 8 7 8 7
6 6 8 9 8 8 8 8 8 8 8 8 6 6 8 6 6 8 8 8 8 8 8 8 8 8
8 8 8 8 10 10 9 7 8 8 8 8 10 8 7 6 8 6 6 6 6 8 6 10
10 10 10 8 12 10 8 8 8 8 8 8 8 8 8 8 8 6 6 8 6 9 10
12 12 12 10 10 10 8 8 8 10 10 10 10 9 8 10 8 8 8 8
8 8 8 8 8 10 8 8 8 10 8 8 8 8 8 8 10 10 10 11 10 10
9 9 9 10 10 13 9 9 9 10 10 10 11 11 11 8 8 8 8 8 8
9 12 11 11 11 11 11 15 13 18 13 13 13 13 13 8 10 8
8 8 8 11 11 8 8 6 6 8 8 8 8 8 8 8 8 6 6 8 8 11 15 15
12 12 11 8 8 10 8 8 8 11 11 11 12 12 13 12 11 8 8 6
7 10 8 8 8 7 6 6 6 8 8 6 6 8 8 6 6 8 8 8 8 8 8 8 8
10 10 10 8 10 6 6 8 8 6 7 8 8 8 8 10 8 8 8 8 8 8 8
8 8 6 8 6 6 8 8 8 8 8 8 9 9 8 8 8 8 8 10 11 8 8 8 6
6 6 8 8 8 10 8 11 9 9 9 9 10 10 14 12 13 11 13 11 11
8 8 8 8 8 8 8 8 8 10 10 10 10 8 8 8 8 8 8 8 8 8 10
6 7 7 7 8 8 8 8 8 8 8 8 10 8 8 6 6 8 8 8 8 8 8 8 6
6 8 8 11 15 10 10 10 10 8 8 8 8 8 10 10 10 12 15 12
12 12 11 11 11 9 10 10 10 10 10 8 8 8 8 8 8 8 9 10
10 11 9 9 12 10 10 8 8 9 10 9 8 8 8 8 8 8 11 13 15
15 15 13 11 11 11 8 10 8 8 8 8 10 11 11 11 12 8 8 8
8 8 8 10 10 10 11 9 9 8 8 8 8 11 11 11 11 11 11 8 8
10 8 8 8 8 8 8 10 8 8 8 8 8 8 8 8 8 8 8 8 8 8 8 8 8
8 10 11 11 11 13 11 11 11 11 11 15 11 12 12 8 8 8 8
8 8 12 12 12 12 8 8 7 7 8 8 8 8 10 12 15 13 9 9 9 9
9 9 9 9 9 9 10 8 8 6 6 6 6 9 11 11 11 11 11 13 12 9
8 8 8 8 8 8 10 9 13 10 10 10 8 6 6 6 6 6 6 8 8 13 16
13 10 8 6 6 8 8 8 10 11 11 11 11 11 11 11 11 8 8 6
6 8 8 8 6 6 8 8 8 10 8 8 6 6 8 8 11 9 9 9 13 13 8 8
8 8 8 8 8 8 8 8 8 8 8 8 10 10 9 9 8 8 9 8 8 8 8 8 8
8 8 10 10 8 10 8 13 8 8 6 6 8 8 8 8 8 10 8 11 11 10
8 8 8 8 8 9 8 6 6 6 6 6 6 6 8 8 8 8 8 6 6 8 8 10 10
10 10 10 6 6 8 8 8 8 8 8 8 8 8 8 8 8 6 8 11 6 6 8 8
10 13 12 12 8 8 8 8 8 8 8 13 11 12 10 13 10 10 8 10
8 8 8 8 10 9 10 10 10 10 10 11 11 8 8 7 6 8 8 8 8 8
8 6 6 6 6 6 8 8 9 11 11 8 8 8 8 8 8 9 9 10 10 8 8 8
8 8 8 6 6 8 8 8 8 8 8 8 12 11 8 8 11 8 8 8 12 10 10
9 7 8 8 8 7 6 8 8 10 13 10 10 13 8 8 8 8 8 8 10 10
10 8 11 12 10 8 6 6 6 8 8 8 8 8 13 12 12 11 6 8 6 6
8 8 8 8 8 8 6 6 6 10 6 6 8 8 8 8 8 8 6 6 8 8 8 11 11
11 11 11 11 11 10 10 9 9 9 9 8 8 6 6 8 8 10 8 8 8 8
6 6 8 8 8 8 8 8 8 8 8 6 6 6 8 8 8 8 8 8 9 8 8 8 8 8
8 11 11 10 8 8 8 8 8 8 8 6 6 8 6 6 8 8 9 8 8 8 8 8
8 8 8 8 8 8 8 8 8 
>4-5_A70_Premixed PHD_FILE: 4-5_A70_Premixed.phd.1
8 8 8 8 10 9 10 10 10 12 12 9 9 8 8 8 8 6 6 8 8 8 8
10 9 8 13 10 12 11 13 9 9 9 9 10 16 16 23 12 12 12
15 9 9 9 9 10 8 9 10 9 10 10 15 15 13 8 8 8 8 8 6 6
8 8 9 7 10 8 19 13 9 9 12 3 3 3 13 13 11 13 16 11 15
11 11 12 3 0 3 7 7 10 10 16 19 19 26 16 16 9 9 9 9
9 9 9 9 10 13 13 13 13 13 9 9 9 10 10 10 10 10 18 11
11 11 11 11 11 15 15 15 15 12 12 11 11 12 10 9 9 9
9 9 15 21 16 14 8 8 10 8 8 6 6 8 8 10 9 11 13 13 24
18 17 14 15 18 14 17 15 15 12 12 12 16 12 17 30 29
21 21 12 12 11 15 12 19 12 11 11 11 12 12 10 12 10
10 10 10 10 11 11 11 11 14 16 15 15 11 11 12 12 13
15 12 15 14 15 15 22 15 10 10 8 8 8 8 8 8 12 15 13
14 14 18 21 19 19 13 13 18 18 19 19 19 15 16 9 8 8
8 8 8 8 8 8 10 15 15 18 15 15 15 14 14 15 17 18 13
10 10 10 12 12 12 13 12 12 11 11 12 12 12 15 12 10
10 8 8 8 8 6 6 8 8 10 9 9 9 9 10 18 18 15 12 12 10
10 9 9 9 10 16 18 15 11 11 12 12 13 15 15 12 12 11
17 11 14 12 12 12 12 12 18 12 12 11 10 10 10 10 10
21 12 12 11 11 11 11 15 15 13 9 12 13 10 10 10 12 15
12 12 11 11 8 8 8 8 8 8 8 8 8 8 9 11 11 11 12 11 11
16 11 13 15 11 11 11 11 11 21 17 9 9 9 9 9 10 10 10
12 12 15 12 15 13 18 13 13 12 11 11 11 11 11 12 11
11 11 12 13 11 10 10 10 10 9 9 9 9 9 10 12 11 10 10
10 10 10 11 11 10 10 10 8 8 6 6 8 8 9 10 13 15 15 16
15 15 13 11 11 11 10 8 8 8 8 8 8 11 12 11 11 11 12
12 11 11 11 11 11 11 8 8 8 9 9 10 13 13 10 10 8 8 9
10 9 9 11 8 8 6 6 8 8 10 11 19 16 16 16 12 10 10 10
10 10 10 10 12 12 10 9 10 9 9 9 9 9 9 9 9 8 8 8 6 8
6 6 8 8 11 11 11 11 10 9 8 8 7 6 10 8 8 6 6 8 8 9 9
10 10 16 15 15 8 8 6 6 8 8 8 8 8 8 9 9 9 10 11 11 11
10 10 8 8 10 8 8 8 8 10 13 10 10 13 9 8 8 8 8 10 9
13 12 14 12 10 8 8 8 8 6 6 8 8 8 8 8 8 8 10 10 10 10
12 12 12 12 15 12 11 12 11 11 12 12 15 8 9 8 8 8 10
8 8 8 8 8 8 8 8 8 8 8 13 12 13 8 8 6 6 8 8 11 11 11
12 12 12 9 8 8 8 8 10 8 8 8 8 8 8 6 6 8 8 8 8 9 8 8
8 8 8 8 9 9 9 10 13 10 9 9 9 9 9 10 10 9 8 8 8 8 8
8 9 10 8 8 8 8 8 8 10 8 9 9 8 8 10 10 10 9 9 9 8 8
8 8 8 8 11 10 10 13 13 10 10 10 10 9 8 8 8 8 8 8 12
12 9 9 9 9 8 9 8 8 8 8 8 10 10 10 10 8 8 8 8 8 10 12
11 11 10 10 10 8 8 8 10 8 8 8 8 8 12 10 10 10 10 6
6 6 6 8 8 8 8 10 10 10 10 11 12 9 10 9 9 8 8 6 6 8
8 8 8 8 8 8 8 9 7 12 7 7 8 8 12 9 10 10 10 10 9 9 9
10 10 10 12 20 15 10 9 8 8 8 10 9 8 8 10 10 10 10 10
8 8 10 8 8 6 6 8 8 9 9 9 10 10 10 15 19 16 17 8 8 8
8 8 6 6 8 8 8 8 8 8 8 8 8 8 11 10 10 8 8 7 6 8 8 9
10 10 10 9 9 9 9 9 8 10 9 9 8 8 8 8 8 8 6 7 8 8 10
8 10 9 9 9 8 8 8 8 8 8 8 8 6 8 6 6 8 8 8 8 8 8 11 12
12 11 8 8 6 6 8 8 8 8 8 9 10 10 10 10 10 10 10 10 10
13 8 10 8 8 8 8 8 8 8 8 8 8 8 8 8 10 10 10 11 11 8
8 8 8 8 8 8 8 11 10 11 11 8 8 8 8 8 8 13 16 11 8 8
8 8 8 8 9 9 9 9 9 10 10 10 13 13 15 10 8 8 10 10 8
8 10 10 8 8 8 8 8 8 10 9 8 8 8 8 8 9 10 8 8 6 6 6 6
8 8 13 10 8 8 8 8 8 8 8 8 8 9 8 8 8 9 10 9 10 13 10
10 11 11 11 11 10 8 8 8 8 8 8 8 8 13 8 8 8 8 8 8 10
13 10 10 11 11 8 8 6 6 8 8 8 8 8 8 8 8 8 8 8 8 8 8
11 11 11 12 12 11 11 8 8 8 8 8 8 8 8 8 8 8 11 11 11
8 8 6 6 8 8 8 8 10 12 15 15 11 8 8 6 6 6 6 8 8 8 8
8 8 8 9 9 9 9 8 8 8 8 8 10 8 8 9 11 8 8 8 8 8 8 8 8
8 6 6 8 8 8 8 8 9 9 9 8 8 8 12 10 8 8 8 8 8 8 8 9 8
8 8 8 8 8 8 8 8 9 9 10 9 8 8 8 8 8 8 8 8 9 9 11 11
9 8 8 6 6 8 8 15 13 13 10 12 8 8 6 7 10 8 8 8 8 9 8
8 8 8 10 10 10 10 10 8 8 8 8 8 8 8 8 8 8 8 6 6 6 8
8 10 12 10 9 10 8 8 8 8 8 8 8 8 8 6 6 8 6 6 8 8 6 6
8 8 8 8 8 8 8 8 8 9 9 8 8 8 8 8 10 10 8 8 8 8 11 11
12 12 12 11 11 11 11 11 10 10 10 10 10 10 
>4-6_A70_Premixed PHD_FILE: 4-6_A70_Premixed.phd.1
10 10 10 10 8 11 8 8 8 8 8 8 8 8 6 8 3 0 3 6 7 6 6
6 6 6 6 6 6 9 8 8 6 6 6 8 9 8 8 8 8 8 8 11 11 11 9
8 10 12 9 10 23 21 18 11 11 11 11 11 13 11 11 10 10
10 11 11 11 12 10 14 10 10 12 9 12 12 13 10 9 9 9 17
13 11 8 8 8 10 8 8 9 9 9 15 15 17 14 12 12 23 18 17
11 11 10 8 8 10 10 8 15 15 12 12 16 25 30 19 17 17
17 20 18 19 12 12 11 11 11 11 11 12 18 17 10 10 10
10 10 13 15 15 15 14 14 13 16 11 11 11 11 10 13 9 12
12 10 10 8 9 9 9 11 11 11 11 11 15 24 15 13 13 15 18
18 22 16 15 15 12 12 14 12 12 12 10 10 10 10 10 10
11 11 11 12 12 14 8 10 21 12 8 8 12 12 11 11 11 12
12 12 12 12 18 12 12 12 12 11 11 12 12 12 16 16 20
19 19 28 28 30 28 25 21 21 12 12 12 12 12 12 16 11
11 10 10 11 11 11 13 18 15 10 9 9 8 8 8 11 9 9 9 9
9 11 11 13 18 11 11 11 11 10 9 9 9 9 9 8 13 12 12 12
10 12 10 13 12 12 12 15 19 19 15 10 9 9 9 9 9 9 11
11 11 10 10 10 10 9 9 10 12 12 12 16 11 11 11 15 15
12 12 12 12 12 13 12 12 13 18 11 13 11 18 13 12 10
8 8 8 8 10 8 10 11 11 10 9 9 9 10 9 9 9 10 14 23 21
30 24 19 15 15 13 15 21 19 15 13 13 13 10 10 10 10
14 18 13 13 11 10 9 9 9 9 9 9 9 9 9 10 9 9 9 9 9 8
8 8 8 10 8 8 8 8 8 10 10 8 8 8 8 8 8 13 13 13 11 13
12 12 12 12 12 11 12 12 15 18 8 8 8 8 8 8 9 8 8 8 8
8 8 6 6 6 8 15 10 10 11 8 8 8 12 12 12 15 15 15 12
11 11 11 11 11 12 10 10 8 8 8 8 11 12 11 11 11 11 11
11 12 11 12 12 12 13 14 17 17 15 15 8 8 8 8 8 8 10
8 8 8 8 8 8 10 10 10 10 11 10 8 8 8 8 6 6 8 8 10 10
10 11 10 10 11 13 10 14 12 15 8 8 8 8 8 8 12 11 11
11 11 15 10 10 10 9 8 8 7 6 8 8 10 10 10 10 10 8 8
6 6 8 10 16 13 11 11 11 11 11 17 16 14 12 12 8 8 8
8 8 8 10 10 10 8 8 8 8 8 8 6 6 8 8 8 8 8 8 8 8 8 10
11 11 12 12 12 12 11 10 8 8 8 8 8 8 8 8 8 8 8 8 6 6
8 8 6 6 10 8 8 9 9 8 8 7 6 8 8 13 10 12 12 15 15 14
8 8 6 6 8 8 9 8 10 10 9 9 9 11 10 11 10 10 8 8 8 10
9 9 10 10 10 8 8 8 9 9 9 8 10 10 8 8 10 10 10 10 8
7 6 8 6 6 8 8 12 12 11 10 10 9 6 8 10 8 8 6 6 6 8 10
8 8 8 8 8 8 8 6 6 8 8 8 8 6 6 8 8 8 8 8 9 8 8 6 6 6
8 8 8 8 8 8 8 8 8 8 8 10 10 11 8 8 8 8 6 6 8 8 8 10
10 10 10 10 9 9 10 8 8 8 8 8 8 8 9 9 8 8 8 8 8 8 9
10 10 10 9 9 9 9 9 12 15 13 8 8 6 6 8 8 8 8 6 6 8 8
9 9 12 12 10 10 8 8 8 6 6 8 8 10 10 10 9 10 9 9 9 8
8 8 8 8 8 9 9 8 8 8 8 8 10 10 10 10 9 7 8 8 11 12 12
10 8 8 8 8 8 8 11 11 9 9 10 10 10 10 11 11 8 8 8 8
8 8 8 8 8 8 10 10 10 10 10 7 7 8 8 8 8 6 6 8 10 10
8 8 8 10 10 8 10 9 8 8 8 8 8 8 8 6 6 8 8 9 9 9 9 9
10 10 10 10 11 11 11 12 10 8 8 8 8 8 8 6 6 8 8 8 8
8 8 8 10 15 15 14 10 10 10 8 8 8 8 10 8 8 8 8 8 8 8
9 11 11 11 11 9 10 9 9 10 10 10 10 10 10 11 16 9 9
8 8 8 8 8 8 6 8 8 8 8 8 8 8 8 8 8 8 9 10 15 13 13 9
10 9 10 11 12 16 12 11 11 10 10 10 10 13 8 8 8 8 8
8 10 12 10 13 13 14 14 8 8 8 8 8 8 8 6 8 6 6 8 8 10
11 8 8 6 6 8 8 8 8 8 8 8 8 9 8 8 8 10 6 6 8 8 8 8 10
10 10 8 8 8 8 11 10 13 16 11 11 10 10 10 10 11 16 9
10 8 8 8 8 8 8 8 6 6 8 8 10 8 8 11 8 8 8 9 9 11 11
8 8 8 8 8 8 8 8 8 8 8 8 8 8 8 8 8 8 10 10 8 10 6 6
8 8 8 8 6 6 8 6 6 8 6 6 8 8 9 9 8 10 10 8 8 9 12 11
10 8 8 6 8 6 6 6 6 9 9 9 8 8 10 10 10 10 8 9 8 8 6
6 8 8 8 8 8 8 8 8 8 10 10 8 8 8 8 8 8 8 11 9 9 8 8
8 8 8 8 9 11 11 11 11 16 12 9 8 8 8 8 8 8 8 8 8 8 8
10 11 11 8 8 8 8 8 8 8 8 8 8 12 8 8 9 8 8 8 8 8 8 8
8 8 8 8 8 9 10 8 8 8 8 8 8 6 6 8 8 8 7 6 6 8 8 8 8
8 10 8 8 8 8 6 6 8 8 8 8 6 6 6 6 6 8 10 10 10 8 10
10 8 8 8 8 11 8 8 6 6 8 8 8 8 8 8 8 8 
>5-1_A70_Premixed PHD_FILE: 5-1_A70_Premixed.phd.1
11 11 11 11 11 12 15 11 10 10 10 10 9 6 6 6 7 7 7 9
8 6 6 6 6 6 8 8 8 8 8 8 8 8 9 8 8 8 8 8 13 8 11 7 7
6 6 6 6 19 21 22 12 12 8 6 6 6 7 12 13 11 11 8 10 9
11 11 11 11 7 6 8 8 15 13 12 11 11 13 11 13 12 12 11
11 9 12 12 16 16 8 8 8 8 8 8 9 10 10 10 10 10 11 8
10 8 8 10 10 21 22 17 16 12 12 11 11 11 11 11 10 11
8 8 8 8 8 8 12 14 12 12 8 8 8 10 12 12 12 11 11 11
21 21 25 13 10 8 8 6 6 8 8 10 8 6 6 8 10 9 9 8 8 8
8 8 8 10 15 17 18 18 23 16 14 8 8 8 8 8 8 8 8 8 8 8
8 6 6 8 8 8 8 6 6 8 10 15 15 8 8 8 8 8 8 13 11 11 10
10 10 10 9 9 11 11 13 13 8 8 8 8 8 10 10 18 13 17 13
11 11 8 8 8 8 8 12 15 18 18 10 12 8 8 8 8 8 10 13 13
8 8 8 8 11 8 10 8 8 8 8 8 8 7 7 10 10 6 6 8 8 8 8 7
6 10 8 13 10 10 8 8 8 10 10 8 11 11 8 8 6 6 8 9 6 8
8 9 9 9 9 8 8 8 10 10 12 10 8 8 8 8 8 10 15 10 7 6
7 8 10 9 8 8 8 8 8 8 9 11 11 12 11 10 8 8 6 6 8 8 12
8 8 6 6 8 8 10 8 8 8 8 10 8 8 6 6 8 8 10 8 8 6 7 8
8 8 8 8 8 8 8 8 8 8 10 11 12 15 8 10 10 10 8 9 9 8
8 8 8 10 10 8 8 8 8 8 8 12 11 9 8 8 8 8 8 8 8 8 8 13
10 11 21 13 13 13 10 10 6 6 8 8 8 8 8 8 8 8 8 8 8 8
8 13 8 8 8 8 8 8 12 15 10 10 10 8 8 8 8 10 8 9 12 9
9 12 10 10 11 9 7 10 10 8 8 9 13 8 8 6 6 8 10 11 6
6 8 8 8 10 7 9 10 10 12 12 9 9 12 9 7 10 10 11 10 9
9 10 8 8 8 8 10 8 7 6 6 8 6 6 6 8 8 8 10 10 10 10 10
21 17 10 8 8 8 8 10 10 10 10 8 7 8 8 8 8 8 8 10 8 8
8 8 8 6 6 6 8 8 10 11 10 12 10 13 8 6 6 10 10 8 8 14
8 10 8 8 8 12 10 10 10 10 11 10 10 8 9 8 8 6 6 8 8
10 11 11 11 14 8 8 8 8 8 8 13 8 9 10 12 9 10 10 7 7
10 8 9 8 12 6 8 8 10 18 18 17 11 11 9 8 8 10 10 10
10 10 14 14 14 14 14 14 10 10 8 8 8 8 8 8 8 8 8 8 8
8 8 8 8 8 8 6 6 8 8 15 8 8 8 8 8 8 11 11 16 11 11 11
6 10 9 9 8 10 8 8 8 8 8 11 12 10 9 9 9 8 8 8 10 8 8
8 8 8 8 8 8 13 9 8 8 8 8 10 8 8 8 10 12 16 14 14 14
10 10 8 8 8 8 8 11 8 10 10 14 13 19 11 10 10 10 10
10 8 7 6 6 6 10 10 17 13 10 9 9 9 8 12 8 9 9 10 10
10 12 14 11 10 9 9 9 10 16 21 11 12 9 9 9 9 10 10 8
8 6 6 8 8 10 7 9 9 8 9 9 8 8 10 13 15 10 10 10 9 12
10 10 9 9 9 9 14 9 12 10 16 12 12 15 15 11 15 24 16
13 12 8 8 6 6 8 8 10 11 13 12 8 8 8 8 12 10 9 7 8 8
8 8 8 8 8 8 8 8 6 6 8 6 8 8 8 10 10 8 8 12 8 8 6 6
8 8 8 8 6 6 6 6 9 12 15 10 13 13 10 8 8 8 8 8 10 10
8 8 8 8 8 10 8 12 15 11 6 8 6 6 6 6 8 8 8 8 10 10 8
10 7 7 6 6 8 6 6 12 6 6 8 8 8 8 8 11 6 8 8 8 13 8 9
9 12 12 10 13 13 18 10 10 8 8 8 10 12 10 8 8 8 8 8
8 8 10 8 8 8 8 8 8 9 13 11 6 8 6 6 6 8 8 8 8 8 9 8
7 9 7 8 8 12 9 9 9 9 9 9 12 11 8 8 8 8 8 12 12 9 9
8 6 6 6 6 6 9 10 8 8 7 6 6 6 8 6 6 6 6 8 10 12 10 8
8 8 8 8 12 10 9 9 10 9 9 9 10 6 6 7 8 8 8 13 10 10
9 7 7 6 6 8 9 13 10 10 10 10 10 10 10 12 10 12 9 12
10 8 8 7 6 6 6 8 7 7 7 6 6 10 10 11 11 11 10 8 8 8
8 8 8 10 8 8 8 10 8 8 11 8 11 10 10 12 8 8 8 8 8 8
8 8 8 8 8 8 8 8 8 8 8 8 12 9 10 9 9 10 10 15 16 13
11 9 9 9 8 8 6 6 8 8 12 6 6 7 6 6 6 8 8 12 12 11 11
11 13 6 6 6 6 11 7 7 6 7 8 9 9 10 10 17 15 15 15 14
10 8 8 8 8 8 8 10 8 6 6 6 6 6 11 11 11 11 15 9 12 9
9 9 10 9 9 9 9 10 8 12 12 10 9 10 10 10 12 9 9 10 10
8 10 8 8 8 8 12 11 6 6 6 6 6 8 8 8 10 10 10 6 6 8 10
8 8 6 6 6 6 8 8 8 8 8 8 6 6 6 6 7 6 6 6 6 6 6 8 13
10 10 10 10 8 7 6 6 6 6 8 9 9 10 10 10 11 10 12 13
14 14 19 21 8 7 6 7 6 6 8 8 8 9 9 10 10 11 10 8 8 8
8 8 8 10 8 8 6 6 6 8 11 11 8 8 8 8 10 8 8 12 15 7 6
6 6 8 8 10 11 13 13 14 14 14 18 22 10 10 10 8 8 6 6
6 6 8 8 10 10 9 6 6 6 6 6 6 8 7 6 10 10 12 12 10 12
12 12 12 8 8 7 7 10 10 8 8 6 6 7 6 7 9 8 8 8 8 8 8
8 8 6 6 6 6 6 6 6 6 6 8 15 15 14 9 10 10 10 10 10 10
8 8 8 8 15 17 15 10 10 10 10 11 13 10 10 10 9 9 8 8
6 6 6 6 10 14 15 13 10 11 11 13 13 15 13 13 10 9 8
8 8 8 8 10 8 8 8 8 8 8 8 6 6 6 6 8 10 12 12 8 8 8 8
8 8 6 6 8 8 10 8 8 8 9 9 11 10 10 10 10 15 16 22 23
23 10 10 9 8 10 8 8 6 6 7 11 9 9 12 10 10 10 8 8 6
6 6 6 8 8 6 6 6 6 8 8 10 8 8 8 11 15 18 13 8 8 8 8
8 8 11 13 12 12 12 9 8 8 9 6 6 6 6 8 8 8 6 6 6 7 8
8 11 11 11 8 8 6 6 8 8 10 10 15 13 11 11 11 8 8 8 8
10 8 8 8 8 10 10 11 8 8 8 8 8 13 12 10 10 6 6 7 9 13
15 18 12 8 8 6 6 6 6 8 3 0 3 10 12 11 8 8 8 8 8 8 10
10 10 7 6 8 12 13 10 10 10 8 8 8 8 8 6 6 6 6 6 8 6
6 6 8 8 10 9 9 10 23 8 10 9 8 12 8 10 8 8 8 8 8 8 10
8 10 16 8 8 8 9 9 9 11 11 11 11 8 8 8 8 10 8 
>5-2_A70_Premixed PHD_FILE: 5-2_A70_Premixed.phd.1
3 3 3 7 7 8 9 6 6 6 6 6 8 13 8 9 9 10 10 8 19 10 10
10 22 15 20 25 23 16 12 9 9 12 12 12 14 14 23 19 23
23 23 23 16 14 14 19 24 23 25 33 33 33 50 50 50 47
50 53 53 53 50 50 50 57 57 57 57 53 53 53 50 50 53
68 68 68 68 68 68 54 54 54 54 54 54 59 59 59 59 59
59 57 57 59 59 57 68 68 68 68 68 68 68 68 68 68 68
68 68 68 57 57 59 68 68 68 68 68 68 59 57 57 57 57
59 57 68 68 68 68 68 57 57 57 54 54 57 57 68 68 68
68 68 68 68 68 68 57 57 57 57 59 59 59 68 68 68 68
68 68 68 68 68 68 68 68 68 68 68 68 68 68 68 68 57
57 57 57 57 57 59 59 59 57 57 57 57 57 57 68 68 59
59 59 59 59 59 59 68 68 68 68 68 68 68 68 68 68 68
68 68 68 68 68 68 68 68 62 62 62 62 62 62 62 68 68
68 68 68 68 62 62 62 62 62 62 62 62 62 62 68 68 62
62 62 62 62 62 62 68 68 62 62 62 62 62 62 62 62 62
62 62 62 62 52 52 62 62 62 62 62 62 62 62 62 62 62
62 62 62 62 62 62 62 62 62 62 62 68 68 68 68 68 68
68 68 68 68 62 62 62 62 62 62 62 68 68 68 68 68 68
68 68 62 62 62 62 62 62 62 62 62 62 62 62 62 62 62
62 62 62 62 62 62 68 68 62 62 62 62 62 62 62 62 62
62 62 62 62 62 62 62 62 62 68 68 68 68 68 62 62 62
62 52 62 62 62 62 62 62 62 62 62 62 62 62 68 62 62
62 62 62 62 62 62 62 68 68 62 62 62 52 52 52 62 62
62 62 62 62 62 62 62 62 62 62 62 62 62 62 62 62 62
62 62 62 62 62 62 62 62 62 68 68 62 62 62 62 62 62
62 62 52 52 52 62 62 62 62 62 62 62 62 62 62 62 62
62 62 62 62 62 62 62 62 68 68 68 62 62 62 62 62 62
57 57 57 44 43 31 31 43 43 52 52 59 57 57 57 57 57
57 59 59 59 59 57 57 57 57 59 57 57 52 52 52 59 57
59 57 57 57 57 57 57 57 57 57 59 59 59 59 57 57 52
52 52 52 52 52 57 57 52 52 52 57 57 57 59 59 57 57
57 57 59 57 57 57 57 57 52 54 57 59 50 50 48 50 50
50 43 41 41 43 50 47 48 48 48 43 43 39 35 35 42 42
43 57 57 57 48 48 48 57 57 54 47 47 47 47 43 47 44
48 47 57 47 48 48 44 44 43 43 43 36 44 30 32 32 37
37 43 43 43 43 48 48 48 48 43 42 37 32 24 24 32 32
30 37 37 57 57 57 57 28 28 12 12 12 25 25 37 37 47
34 34 20 20 30 34 37 41 37 37 25 25 30 29 32 41 41
47 39 41 37 37 35 35 43 43 43 41 41 47 47 36 35 35
28 26 31 32 32 32 23 23 23 28 19 23 20 20 18 16 15
15 14 14 16 12 12 11 9 9 9 9 10 21 30 30 17 22 19 30
19 16 15 23 15 16 19 26 23 14 11 11 11 13 13 18 24
27 25 27 21 24 19 19 19 19 18 11 11 11 11 20 18 20
20 11 11 11 12 12 23 28 30 24 22 22 22 22 24 25 16
16 14 16 13 11 11 10 10 12 15 21 17 19 24 22 16 16
19 18 8 15 6 6 6 13 8 10 10 19 8 9 8 8 8 8 8 10 11
8 8 8 8 8 8 10 10 8 6 10 6 6 6 6 8 10 8 8 10 10 10
8 10 7 7 7 8 8 8 8 11 8 8 8 8 8 6 9 9 10 11 8 8 8 13
8 11 9 12 10 7 7 7 11 8 8 8 8 10 9 9 9 14 12 11 12
10 10 12 10 10 8 10 10 8 8 10 10 8 8 8 6 6 6 6 6 8
8 8 8 8 8 8 8 8 8 10 8 8 8 8 8 6 7 6 8 6 6 6 6 9 9
8 8 8 9 11 11 14 11 9 9 9 9 8 12 10 10 11 11 11 11
15 9 9 9 12 12 12 10 8 8 8 6 6 8 8 8 8 9 8 8 8 8 6
6 6 7 8 8 8 8 8 8 8 8 8 8 8 8 8 8 8 8 10 10 12 13 11
11 8 8 8 8 8 10 6 6 6 6 6 6 8 8 8 8 6 6 6 8 8 10 10
8 8 8 8 6 8 8 8 8 8 8 8 8 8 8 6 8 6 6 6 6 7 9 9 9 8
8 8 8 10 6 6 6 8 7 8 8 8 8 8 7 10 10 8 8 8 6 8 8 7
6 12 10 11 18 8 8 8 8 8 8 8 8 8 9 10 10 8 8 8 8 8 8
8 8 8 8 8 8 8 8 6 6 6 8 8 8 8 8 8 8 8 6 6 6 6 6 6 6
8 8 8 7 7 7 7 6 6 6 6 6 6 9 9 9 9 9 10 10 11 9 9 8
8 8 8 11 10 9 8 7 7 7 7 9 11 11 11 12 7 6 6 6 6 6 6
6 6 6 12 10 10 8 8 8 8 8 8 8 6 6 6 6 10 6 6 6 6 9 9
9 8 8 8 7 10 8 8 6 6 6 10 10 9 9 8 8 8 8 8 8 8 8 8
8 8 8 8 8 8 8 8 8 6 7 7 9 9 6 6 6 6 8 8 8 8 8 8 8 8
8 8 13 6 6 6 6 6 6 8 7 10 11 11 11 11 11 11 11 10 11
11 16 8 8 6 7 8 8 9 6 7 8 8 7 7 6 6 6 6 6 6 8 8 10
10 11 10 13 9 9 9 8 11 6 6 6 8 8 8 8 8 8 8 10 6 6 6
8 13 10 8 6 6 8 8 6 7 8 10 9 9 9 6 6 6 6 6 6 9 9 9
6 6 6 6 8 8 9 8 8 8 6 6 6 6 6 6 6 6 10 9 9 9 15 12
11 11 8 8 8 8 8 8 8 10 10 8 8 7 7 8 8 8 8 8 8 8 8 10
8 8 8 8 9 9 9 10 10 8 8 9 8 8 6 6 6 6 6 8 6 7 8 6 8
8 11 10 8 8 8 8 8 8 8 8 8 9 9 9 8 8 8 8 8 8 9 9 9 9
9 
>5-3_A70_Premixed PHD_FILE: 5-3_A70_Premixed.phd.1
8 8 10 8 8 8 7 8 9 12 10 11 9 6 6 6 7 8 15 10 9 8 8
8 10 22 15 14 18 12 17 12 12 12 14 20 19 23 23 25 28
28 31 31 31 36 36 38 38 42 42 53 53 53 53 50 47 50
47 42 42 47 53 53 68 68 68 68 68 68 68 68 68 68 68
68 68 68 57 57 57 57 68 68 68 68 68 68 68 68 68 68
68 68 68 68 68 68 68 68 68 68 68 68 68 68 68 68 68
68 68 68 68 68 68 68 68 68 68 68 68 68 68 68 68 68
68 68 68 68 68 57 57 57 57 57 57 68 68 68 68 68 68
68 68 68 68 68 68 68 68 68 68 68 68 68 68 68 68 68
68 68 68 68 68 68 68 68 68 68 68 68 68 68 68 59 59
59 59 59 59 68 68 68 68 68 68 68 68 68 68 68 68 68
68 68 68 68 68 68 68 68 68 68 68 68 68 68 68 68 68
68 68 68 68 68 68 68 68 68 68 68 68 68 68 68 68 68
68 68 68 68 68 68 68 68 68 68 68 68 68 68 68 62 62
62 62 62 62 68 68 68 68 68 68 68 68 68 68 68 68 68
68 68 68 68 68 68 68 62 62 62 62 62 62 62 68 68 62
62 62 62 62 62 62 68 62 62 68 62 62 62 62 68 68 68
68 68 68 68 68 68 68 68 68 68 68 68 68 68 68 68 68
68 68 68 68 68 68 68 68 68 68 68 68 68 68 68 68 68
68 68 68 68 68 68 68 68 68 68 68 68 68 62 62 62 62
62 62 62 62 62 62 62 68 68 68 68 68 68 68 68 68 68
68 68 68 68 68 68 68 68 68 62 62 62 62 62 62 62 62
68 68 68 68 62 62 62 62 62 62 62 62 62 62 62 62 62
68 68 68 68 68 68 68 68 68 68 62 62 62 62 62 62 62
68 68 68 68 68 68 68 62 62 62 62 62 62 62 62 62 62
62 62 62 62 62 62 62 62 62 62 68 68 68 62 62 62 68
68 68 68 68 68 62 62 62 62 62 62 62 68 68 68 68 68
68 68 68 68 68 68 68 68 62 62 62 62 62 62 62 62 62
59 59 59 59 59 59 59 59 68 68 68 68 68 68 68 68 68
59 59 59 59 59 59 59 59 59 59 59 68 59 59 59 57 57
57 59 59 59 59 59 59 59 59 57 59 57 57 57 57 57 57
59 68 59 59 59 57 59 57 59 59 59 59 59 59 59 59 59
57 57 57 57 54 57 57 57 57 57 57 57 57 57 57 57 57
48 50 50 59 44 48 48 59 59 57 57 57 57 57 57 59 59
59 59 59 59 59 57 54 57 57 57 57 57 54 54 54 59 57
57 48 48 48 48 48 57 54 48 48 48 48 48 54 54 54 57
57 54 48 46 43 43 43 48 48 43 46 46 48 57 57 57 57
57 48 57 48 48 48 43 43 37 37 30 37 37 41 41 41 41
41 39 31 31 41 41 41 47 37 37 41 37 37 39 39 33 33
33 33 33 37 41 37 37 32 29 29 32 32 29 29 32 37 37
34 31 20 25 25 34 34 37 36 37 15 17 12 9 9 9 20 20
26 19 23 23 28 34 39 36 35 24 23 17 16 15 19 16 24
15 12 12 21 12 8 9 8 11 11 14 10 12 12 15 11 21 13
11 12 10 8 9 10 23 32 25 21 18 15 15 16 23 28 28 28
28 24 23 16 14 10 11 9 9 10 16 15 10 16 13 18 15 15
12 12 12 21 15 20 19 21 11 10 10 9 9 10 8 8 8 8 10
11 13 13 22 22 12 12 19 12 10 9 9 8 10 12 14 14 22
24 35 19 21 15 13 9 8 8 9 8 13 8 8 8 8 8 10 13 13 8
8 8 8 10 11 13 13 19 16 20 23 15 13 9 8 8 8 15 11 10
9 9 9 9 10 15 15 10 14 12 12 9 9 9 9 14 9 9 9 9 13
13 11 12 11 11 11 17 15 22 15 13 9 9 9 9 8 8 7 8 8
8 8 8 8 10 10 10 9 9 9 10 10 10 8 8 8 8 8 8 8 6 8 8
8 12 10 11 8 8 8 8 8 8 11 15 10 10 11 10 11 11 9 11
8 10 8 8 8 8 6 9 9 9 10 11 10 12 10 7 7 6 8 6 6 6 6
6 6 6 6 8 6 6 6 6 6 6 8 8 6 8 8 8 8 8 8 8 6 6 6 6 6
6 6 6 6 6 8 8 7 8 7 7 9 23 12 12 10 10 10 8 8 8 8 8
6 8 7 9 9 8 8 6 6 8 6 6 6 8 6 6 6 6 9 9 6 8 8 8 8 8
8 8 8 8 8 9 8 11 11 11 9 8 10 11 9 7 7 6 6 6 6 6 6
8 8 8 8 8 10 10 6 6 8 6 9 9 9 7 8 8 8 8 8 6 6 6 8 8
8 8 8 8 8 8 6 6 8 8 10 12 8 6 6 6 6 6 6 6 8 8 10 6
6 6 6 9 9 9 9 9 9 9 9 8 9 10 13 13 8 8 8 8 8 11 11
11 11 11 10 8 8 8 8 8 8 8 8 8 8 6 6 6 6 8 9 6 8 8 8
8 8 8 8 8 11 15 15 11 8 7 7 7 8 8 9 8 8 8 8 8 8 8 6
6 6 6 8 8 8 8 8 8 8 8 7 7 7 8 8 8 8 8 8 8 8 8 10 11
11 8 8 6 6 6 6 7 10 16 16 10 6 6 6 8 8 9 9 10 10 9
9 9 9 6 6 7 6 8 8 9 9 9 9 15 15 11 10 12 12 8 8 8 8
7 7 9 9 9 9 9 9 9 6 6 6 6 6 6 6 6 11 8 10 12 10 10
8 3 0 3 8 6 6 6 6 8 8 15 10 9 9 11 11 11 12 10 10 10
12 9 9 9 7 8 8 8 8 8 8 8 8 6 8 8 8 8 9 8 7 7 7 8 8
7 7 8 8 10 9 9 9 6 6 6 6 8 8 9 9 9 9 9 9 9 9 9 7 6
6 6 7 10 6 9 9 8 8 13 8 8 8 8 8 7 6 8 6 6 8 8 9 9 10
10 7 6 6 6 8 8 9 8 8 8 8 8 8 8 8 8 8 10 9 8 7 8 3 0
3 6 8 6 6 8 8 8 8 8 6 8 8 6 3 0 3 10 10 10 12 14 10
10 10 8 8 8 8 8 8 8 8 6 3 0 0 3 6 6 6 6 6 8 6 8 9 8
6 6 6 8 6 8 8 8 8 8 9 6 8 6 6 8 8 6 
>5-4_A70_Premixed PHD_FILE: 5-4_A70_Premixed.phd.1
7 7 8 8 13 10 11 10 9 8 8 8 8 8 18 13 12 9 8 8 8 9
6 6 6 6 6 8 8 8 8 8 8 8 10 14 9 11 11 10 10 11 8 8
8 11 10 10 13 12 11 10 10 9 9 8 8 8 8 8 8 9 10 10 10
13 8 8 6 6 8 8 9 9 9 9 10 6 8 6 8 8 8 13 15 13 13 10
10 11 12 12 10 10 10 10 10 10 13 14 14 17 17 12 11
11 10 11 10 10 10 10 10 10 10 10 10 10 10 10 12 12
11 12 12 16 16 17 10 8 8 8 8 10 12 12 13 13 12 12 10
10 15 15 10 12 13 15 10 12 12 10 10 9 9 9 10 12 20
18 15 15 19 15 13 10 10 10 10 15 17 17 15 18 14 13
15 12 15 11 12 12 11 11 12 16 20 15 11 11 11 11 11
13 15 19 8 8 8 8 8 10 11 11 11 11 11 11 11 11 11 11
11 11 11 11 12 11 11 11 11 15 12 19 17 15 13 13 13
12 10 9 9 10 12 19 23 23 28 27 18 15 11 11 12 11 11
12 12 12 13 13 11 11 11 11 11 11 13 13 10 13 13 13
13 10 9 11 8 8 8 8 8 8 11 9 9 9 12 10 10 10 9 8 8 8
8 8 8 11 10 8 8 10 12 12 13 18 15 11 11 11 10 10 9
9 8 8 10 8 8 8 8 11 14 10 10 10 8 8 6 6 8 8 10 10 10
10 10 11 11 11 12 18 14 13 15 12 12 13 11 16 15 15
12 18 12 13 10 10 10 10 10 8 8 12 13 9 9 10 15 15 15
13 16 12 12 11 11 11 9 10 14 14 15 18 15 14 12 15 13
13 14 14 21 15 15 12 12 11 11 11 11 10 12 8 8 8 8 8
8 8 8 8 8 8 10 10 13 10 10 11 15 16 19 22 15 15 12
11 11 11 10 10 10 10 10 8 8 10 10 8 8 9 8 8 8 8 8 8
9 9 10 8 8 8 8 8 10 12 13 12 12 12 13 10 8 8 8 8 8
8 11 11 9 12 10 10 10 10 10 10 13 13 10 8 8 8 8 8 8
8 8 8 8 12 15 19 16 19 15 10 8 8 8 8 10 10 10 10 10
10 8 8 6 6 8 8 9 9 8 8 6 6 8 8 9 11 11 12 12 12 11
12 12 12 15 13 13 13 11 11 8 11 8 9 8 8 14 9 8 8 8
10 8 9 11 12 10 10 10 12 10 10 11 11 12 18 13 13 12
15 12 12 12 12 10 10 10 10 10 10 10 8 8 8 8 9 8 12
18 15 14 10 8 8 8 8 8 8 8 8 8 8 10 10 11 12 13 13 12
11 11 11 9 9 9 9 9 9 13 13 12 15 15 15 15 16 15 15
15 12 13 11 10 9 8 8 8 8 9 9 10 12 11 10 10 10 10 10
11 11 11 11 8 8 8 8 8 8 8 8 8 8 8 8 11 11 10 8 6 6
8 6 8 6 8 8 8 8 10 6 6 8 8 8 6 6 8 6 11 10 10 10 10
10 10 12 13 18 13 14 11 10 10 11 12 12 12 11 10 10
10 8 8 8 8 10 8 8 8 12 16 8 8 8 8 8 8 8 8 6 6 8 8 8
8 13 10 10 8 10 8 8 8 8 8 8 10 10 10 8 8 8 8 8 8 8
8 8 8 8 8 8 15 10 9 10 9 8 8 8 8 8 10 10 13 13 10 10
8 9 8 8 8 8 8 8 8 8 8 8 8 11 11 11 10 8 8 8 8 8 8 8
8 8 9 9 8 10 8 8 8 8 8 6 8 7 7 10 8 9 9 9 10 11 12
12 12 12 10 10 8 8 8 8 8 10 11 10 8 8 8 8 10 10 8 8
8 8 10 8 8 8 8 8 12 12 11 8 8 8 10 10 8 12 12 8 8 8
8 8 6 6 8 8 11 11 11 11 12 10 10 10 10 10 10 11 11
8 8 6 6 8 8 10 8 8 8 8 8 8 9 9 11 11 11 10 10 10 9
10 8 8 8 8 8 8 10 11 12 9 10 10 8 8 6 6 6 8 8 8 6 6
6 6 6 6 11 12 16 18 8 8 6 6 8 6 7 7 8 6 8 8 10 10 10
8 8 8 8 8 8 11 8 8 6 6 8 8 8 8 8 8 8 8 8 12 12 12 8
8 6 6 8 8 8 6 7 7 6 8 6 6 8 8 10 9 9 9 9 9 9 9 8 8
8 8 8 8 10 8 11 12 11 11 12 12 10 9 8 8 8 8 8 8 8 8
8 8 10 10 11 11 12 12 11 11 11 11 8 8 8 8 8 10 13 10
9 9 10 12 12 12 15 15 14 10 10 10 10 9 8 8 8 8 8 8
10 8 8 12 12 15 10 12 9 9 9 9 16 12 8 8 6 6 8 8 8 8
8 7 6 6 6 8 8 8 10 10 10 9 11 10 8 8 6 6 8 8 8 6 6
8 6 8 8 8 8 8 8 8 8 8 8 9 8 8 8 8 8 8 8 8 8 10 8 9
9 8 8 6 6 8 8 12 12 16 15 20 10 11 8 8 8 8 10 10 11
11 12 13 10 10 9 9 10 10 10 9 10 15 8 8 6 6 6 6 9 9
8 8 8 10 8 9 11 11 11 11 10 10 9 9 8 8 8 8 8 8 6 7
10 7 7 8 8 8 8 9 8 8 6 6 8 8 10 10 12 13 10 10 10 10
10 10 10 8 8 8 10 8 10 8 10 10 10 10 10 11 8 8 8 8
8 11 11 11 11 11 8 9 8 8 8 8 8 6 8 6 6 8 6 10 10 11
9 9 9 9 8 8 6 6 8 6 6 10 8 12 8 8 8 8 8 8 8 6 6 8 7
6 8 8 8 8 11 8 8 10 8 8 6 6 6 8 8 9 9 9 8 8 8 8 8 8
9 11 11 10 9 9 9 9 8 8 8 8 8 8 8 8 6 6 8 8 11 8 9 10
8 8 8 11 11 11 15 8 8 8 8 8 8 13 13 11 11 8 8 6 6 8
10 10 10 11 11 11 11 8 8 8 6 8 6 6 8 10 12 11 9 9 9
10 12 12 8 8 6 6 6 6 8 8 8 8 8 8 8 9 10 11 8 8 8 6
8 6 6 8 8 8 6 6 10 8 8 8 6 6 8 8 8 8 10 10 8 9 9 10
8 8 6 6 10 8 8 9 9 9 9 9 8 8 6 6 6 10 8 9 11 8 8 8
8 8 8 12 8 8 10 10 10 15 11 10 11 12 12 12 10 9 8 8
6 7 8 8 8 8 6 6 8 8 10 15 12 12 11 11 11 11 11 11 11
11 11 11 11 11 
>5-5_A70_Premixed PHD_FILE: 5-5_A70_Premixed.phd.1
9 9 9 10 11 11 11 8 6 6 6 8 7 8 9 9 10 10 8 15 10 10
9 19 18 20 27 28 23 21 18 10 16 11 11 13 14 23 19 23
23 23 23 19 22 22 28 32 33 33 33 33 33 44 44 47 47
50 36 50 36 36 37 37 50 50 50 50 57 59 59 59 59 53
68 68 68 68 68 68 54 54 54 54 50 50 57 57 68 68 59
57 57 68 68 68 68 68 68 68 68 68 68 68 68 68 68 68
68 68 68 68 68 68 68 68 68 68 68 68 68 68 68 68 68
68 68 68 68 68 68 68 68 57 68 68 68 68 68 68 68 68
68 68 68 68 68 68 68 68 68 68 68 68 68 68 68 68 68
68 68 68 68 68 68 68 68 68 68 68 68 68 68 68 68 68
68 68 68 68 68 68 68 68 68 68 68 68 68 68 68 68 68
68 68 68 68 68 68 68 68 68 68 68 68 68 68 68 68 68
68 68 68 68 68 68 68 68 68 68 68 68 68 68 68 68 68
68 68 68 68 68 68 68 68 68 68 68 68 68 68 68 68 68
68 68 68 68 68 68 68 68 68 68 68 68 68 68 68 68 68
68 68 68 68 68 68 68 68 68 68 68 68 68 68 68 62 62
62 62 62 62 62 68 68 68 68 68 68 68 68 68 68 68 68
68 68 68 68 62 62 62 62 62 62 68 68 68 68 68 68 68
68 68 68 68 68 68 68 68 68 68 68 68 68 68 68 68 68
68 68 68 68 68 68 68 68 68 68 68 68 68 68 68 68 68
68 68 68 68 68 68 68 68 68 68 68 68 68 68 68 68 68
68 68 68 68 68 68 68 68 68 68 68 68 68 68 68 68 68
68 68 68 68 68 68 68 68 68 68 68 68 68 68 68 68 68
68 68 68 68 68 68 68 68 68 68 68 68 68 68 68 68 68
68 68 68 68 68 68 68 68 62 62 62 68 68 68 68 68 68
68 68 68 68 68 68 68 68 68 68 68 68 68 68 68 68 68
68 62 62 62 68 68 68 68 68 68 68 68 68 68 68 68 68
68 59 59 59 57 57 57 57 57 68 68 68 68 68 68 68 68
68 68 68 68 68 68 68 68 68 68 68 68 68 59 59 59 59
59 59 59 59 59 59 59 59 59 59 68 68 59 59 57 57 57
57 57 57 59 59 68 68 68 68 68 68 68 59 59 59 57 57
59 59 59 59 59 59 59 59 59 68 68 59 59 59 57 57 59
59 59 59 59 59 59 59 59 57 57 57 57 57 57 57 59 59
59 59 59 68 68 68 68 57 57 57 57 57 57 59 59 59 59
59 59 59 68 68 68 59 59 57 57 54 54 50 54 54 54 54
54 59 59 59 57 57 57 59 59 57 57 59 59 59 59 57 57
48 48 48 50 57 57 57 57 48 48 48 59 47 47 47 47 37
37 32 29 29 35 40 44 47 41 41 47 48 48 48 48 48 43
43 41 43 43 43 43 48 48 48 48 57 57 50 50 48 48 57
57 48 48 48 57 57 48 48 48 48 50 47 47 47 47 39 39
34 31 35 37 47 47 41 41 41 47 47 48 48 48 41 41 41
41 37 37 32 29 29 32 43 59 41 41 41 39 19 17 18 18
18 21 41 41 47 47 37 37 37 31 31 37 30 20 20 12 12
12 27 27 32 29 29 32 36 36 39 39 34 34 23 23 20 32
32 36 28 28 33 33 28 28 22 28 37 37 32 28 28 39 39
37 37 37 29 31 28 28 20 28 28 37 37 28 30 15 15 14
28 24 31 31 32 32 34 34 37 28 28 13 13 13 23 22 37
37 32 25 10 10 14 12 9 14 28 28 28 28 26 22 12 12 12
22 24 30 22 11 10 8 8 8 8 10 26 29 34 24 15 17 12 12
11 21 15 22 22 22 32 32 29 25 25 20 25 20 20 26 21
16 8 8 8 12 11 24 28 28 34 21 26 19 23 18 19 16 14
17 17 11 12 13 14 14 12 10 10 11 27 19 19 11 11 11
11 11 11 9 9 10 12 12 10 19 19 22 16 14 12 11 11 11
11 14 18 17 21 18 14 14 12 21 13 15 11 10 10 10 10
8 8 9 10 10 12 13 13 9 9 9 11 17 16 11 8 8 8 8 8 8
12 9 8 8 8 8 8 9 8 11 9 13 11 11 11 11 9 9 11 9 10
9 11 11 10 10 11 9 9 9 9 9 9 10 11 14 11 8 8 8 8 8
8 8 8 8 8 10 11 10 10 9 7 6 6 6 6 6 11 12 12 8 8 8
9 8 8 9 11 11 11 11 10 9 9 9 9 8 6 6 6 6 8 8 8 8 8
8 6 8 8 8 8 8 9 8 8 8 8 9 9 12 11 10 8 8 8 6 6 6 6
6 6 8 8 8 13 15 10 10 10 6 6 6 6 6 6 18 20 30 12 9
9 8 8 8 9 8 8 8 8 8 6 6 6 6 6 7 10 10 10 10 10 9 10
8 8 8 8 8 8 8 8 8 8 8 8 8 8 8 8 8 8 8 6 6 6 6 6 6 8
8 8 8 8 8 12 8 8 6 6 6 6 9 9 8 8 7 9 8 6 6 6 6 6 6
8 8 9 9 9 9 9 12 12 11 9 9 9 11 10 8 8 8 8 8 8 10 9
9 9 8 6 6 6 6 6 8 8 6 6 6 6 6 6 6 8 6 6 6 6 6 8 8 8
7 7 9 7 8 8 8 8 8 8 6 6 6 8 8 7 8 10 11 12 16 11 8
8 6 8 8 8 10 11 12 13 8 8 8 8 8 9 15 15 14 14 8 11
8 8 8 8 10 12 12 16 15 12 10 6 6 6 6 6 6 6 6 8 6 6
6 6 8 10 8 8 8 10 8 8 7 7 8 6 6 6 8 8 9 9 9 9 9 9 9
9 10 10 8 6 6 6 6 8 10 10 9 10 9 10 10 8 8 10 12 10
10 10 8 8 8 8 8 8 8 8 10 9 8 8 7 7 8 8 11 20 12 13
12 12 9 9 9 9 9 9 9 9 8 8 6 6 8 8 6 6 6 8 8 8 8 8 10
10 12 9 8 8 6 6 6 6 8 8 8 9 9 9 9 9 9 8 8 8 6 6 6 6
8 8 8 8 6 6 8 8 10 8 8 8 8 11 14 11 10 10 10 11 12
16 18 15 9 9 9 9 9 9 
>5-6_A70_Premixed PHD_FILE: 5-6_A70_Premixed.phd.1
9 9 9 9 9 12 11 11 12 11 10 6 6 6 6 6 6 8 8 8 10 6
8 8 6 6 8 7 6 8 6 8 8 8 8 8 11 8 8 8 8 8 8 11 11 11
11 9 9 9 6 6 6 8 8 8 8 8 8 8 8 11 19 11 11 11 12 11
11 8 8 7 7 10 8 8 8 8 10 11 12 12 9 9 10 8 13 8 8 6
6 6 6 6 7 7 11 11 11 9 9 10 14 8 10 8 8 10 8 8 8 6
6 8 10 10 9 6 8 8 10 10 8 8 8 8 8 8 8 8 6 6 6 6 6 6
8 8 10 10 13 10 8 7 7 7 7 10 10 8 8 8 8 8 10 10 10
8 8 8 8 10 8 8 8 10 10 10 8 8 8 8 6 6 8 8 12 11 8 8
8 8 8 8 8 8 8 8 10 8 10 8 10 8 8 8 8 8 8 8 8 13 8 8
8 8 8 12 10 21 11 11 11 8 8 6 6 8 8 8 8 8 8 11 12 9
10 10 10 13 10 10 8 8 8 8 8 6 6 8 8 8 8 9 12 12 13
10 8 8 8 6 6 8 8 10 8 8 8 8 6 6 8 8 8 8 6 6 8 8 8 6
6 6 6 8 10 10 8 8 8 8 12 10 10 9 9 10 10 10 10 10 10
8 8 8 8 8 6 8 8 8 6 6 8 8 8 8 8 7 7 8 7 8 11 10 10
8 10 8 8 8 8 10 10 8 8 8 8 8 8 8 8 6 7 10 10 7 6 8
8 6 6 8 8 12 8 8 8 8 8 8 8 8 8 8 8 10 8 9 8 8 7 8 10
8 9 8 8 8 10 10 10 6 6 8 8 9 14 10 10 11 11 8 8 8 8
8 8 8 8 8 8 11 8 8 8 8 8 10 10 10 10 8 8 8 8 9 11 9
8 8 8 8 11 7 9 8 10 11 13 13 11 9 9 10 14 10 10 10
8 8 8 10 10 10 10 8 8 10 8 10 10 12 12 10 8 8 8 8 10
8 9 9 10 11 10 10 10 10 10 12 9 9 8 10 8 6 6 8 8 6
6 8 8 6 6 8 8 6 6 10 10 13 6 6 8 8 6 9 10 7 7 8 6 6
8 8 8 8 11 10 12 10 11 8 8 9 11 10 8 8 10 9 9 8 8 6
6 8 6 8 8 10 11 17 12 10 9 9 7 7 8 10 10 9 9 9 8 11
8 8 8 12 15 14 15 13 13 7 6 8 8 7 6 7 6 8 8 11 11 8
8 6 6 6 6 8 8 8 8 8 9 11 12 11 8 8 8 8 10 8 12 7 7
7 12 12 12 8 8 6 8 6 6 8 8 6 7 8 8 9 8 8 8 8 8 8 10
10 11 10 10 8 8 8 8 8 9 9 10 8 10 8 8 10 8 8 8 8 8
8 8 8 6 6 6 8 6 7 10 8 8 8 8 8 10 8 8 9 8 10 10 8 8
8 6 6 6 8 6 6 8 8 9 8 8 8 8 8 8 8 12 8 8 6 12 6 6 8
8 9 8 8 8 9 9 10 12 18 16 10 7 8 8 10 10 11 8 8 6 6
6 7 10 10 8 8 8 10 6 6 8 8 8 8 8 10 6 6 6 6 6 6 6 6
8 6 8 10 8 7 6 10 8 9 9 10 8 10 10 9 9 9 9 8 8 8 8
11 12 11 10 8 8 8 8 8 8 9 9 8 6 8 7 7 10 8 11 8 8 6
7 9 6 8 6 9 6 6 6 6 6 6 6 6 8 10 11 10 9 8 8 8 10 6
6 6 8 8 6 6 6 8 8 6 7 6 8 10 10 10 10 16 12 11 11 11
10 10 8 8 10 10 10 10 14 14 22 11 10 8 8 8 8 8 8 8
8 8 11 10 9 9 10 16 21 13 16 10 10 10 15 18 11 8 8
8 8 8 8 6 6 6 8 8 10 10 8 8 6 6 6 6 8 8 9 10 15 13
10 10 8 8 8 8 10 8 6 8 6 6 8 10 8 8 8 8 8 8 8 8 8 8
8 10 8 8 8 8 8 8 8 8 9 11 11 12 12 11 8 10 8 8 8 8
10 10 10 8 8 11 11 8 6 6 6 8 10 10 8 8 10 10 8 6 6
6 6 8 6 6 10 6 8 10 11 10 8 8 6 6 8 6 8 8 8 8 8 6 6
8 12 8 9 10 10 10 8 10 10 10 8 8 8 8 8 8 8 8 8 8 6
6 6 6 6 7 7 6 8 10 8 8 8 8 8 6 8 8 8 8 8 8 6 6 8 8
8 11 10 15 7 7 9 7 11 6 6 6 10 10 8 8 8 10 8 8 8 8
8 6 6 8 8 11 8 8 8 8 8 8 8 10 10 8 8 8 8 8 8 8 8 8
8 8 8 10 8 8 8 8 8 8 8 8 8 7 7 10 6 6 8 6 6 8 8 6 6
8 7 7 8 6 8 8 8 8 8 10 11 11 11 12 15 15 12 12 11 11
10 13 13 13 10 10 10 10 10 10 13 10 10 10 10 11 9 9
10 10 10 10 10 8 6 6 6 12 8 10 8 8 8 8 8 8 8 8 8 8
9 9 10 11 11 13 10 10 10 10 8 7 7 8 8 19 20 22 19 10
6 6 6 8 8 8 8 8 8 10 8 8 8 8 11 10 8 8 8 6 8 8 8 8
8 10 10 8 8 8 10 7 7 6 6 8 8 8 8 8 8 8 11 8 8 6 6 8
8 10 8 8 8 8 8 6 6 6 8 8 8 8 8 12 10 9 10 8 8 8 8 8
8 8 8 8 8 8 6 6 6 6 8 8 8 8 7 12 7 8 6 6 10 10 8 8
10 8 8 8 8 10 8 8 8 6 8 7 6 10 10 11 10 7 7 6 6 10
13 9 10 10 7 7 7 7 8 8 8 6 8 6 6 6 6 8 10 8 9 7 8 8
9 10 10 11 11 10 10 9 8 8 8 8 8 8 8 8 8 8 6 6 6 6 6
6 6 6 8 8 8 8 8 8 8 8 8 10 8 8 8 8 6 8 6 6 6 6 8 8
10 7 6 6 6 8 8 8 8 8 8 8 8 8 8 8 8 8 8 8 8 8 8 6 8
6 6 8 8 8 10 8 8 6 6 6 6 6 6 7 9 8 8 8 8 8 8 8 8 8
8 8 9 7 7 8 8 10 8 8 8 8 6 6 6 6 12 8 8 8 8 8 8 8 8
8 9 9 9 9 6 6 6 6 6 6 8 8 9 9 9 8 8 8 8 8 8 8 8 8 8
8 8 8 8 10 8 8 11 8 8 6 6 8 8 10 8 8 8 8 9 10 10 10
8 8 8 8 8 10 6 6 6 6 6 8 6 6 6 7 10 8 8 8 6 6 8 8 8
8 7 7 10 8 10 11 10 8 8 6 7 6 6 8 8 10 8 10 6 6 8 6
9 9 9 8 8 8 6 6 8 8 8 10 10 8 8 8 8 8 9 9 11 11 12
10 9 9 6 8 6 6 8 6 6 6 8 8 10 8 8 8 8 8 8 8 8 8 8 8
8 6 6 6 7 6 6 6 8 8 6 7 10 10 8 8 8 8 8 6 6 6 6 8 6
6 8 10 8 8 8 8 10 12 8 8 8 8 8 8 8 8 8 8 6 6 6 6 8
6 8 8 8 10 10 10 10 10 8 10 10 10 10 10 11 11 11 11
15 8 8 6 6 6 6 6 8 8 10 8 7 7 6 6 6 8 8 6 6 6 6 7 6
9 11 11 6 6 6 6 8 8 10 10 10 8 9 6 6 6 6 6 6 6 8 6
6 6 8 10 9 8 10 10 10 8 8 8 8 8 8 8 8 8 8 8 8 6 6 8
8 8 6 6 8 8 8 8 8 9 9 12 10 8 8 8 10 10 8 8 7 6 8 8
6 6 6 6 6 6 6 8 6 8 8 8 8 10 10 6 7 8 8 9 8 8 10 8
3 0 3 10 8 8 6 7 6 6 13 7 7 8 6 6 6 6 8 8 8 8 8 10
12 7 7 8 10 8 8 9 9 8 8 6 6 8 8 12 8 6 6 8 6 6 6 6
8 6 8 8 8 8 7 7 10 8 8 6 7 8 6 8 7 6 8 10 8 8 8 8 8
8 8 8 8 8 8 7 12 7 7 6 6 10 10 10 10 10 10 10 8 6 6
7 6 8 8 9 9 9 9 9 10 10 10 3 0 3 8 7 7 6 6 8 6 6 6
6 7 6 6 8 8 8 8 8 8 10 9 12 3 0 3 8 8 8 8 8 10 7 9
10 10 8 8 7 7 8 7 10 10 10 9 8 8 8 6 6 3 0 3 7 7 8
8 6 6 6 6 12 7 8 8 8 8 8 7 6 6 6 6 6 6 10 10 12 9 9
6 6 6 8 8 8 8 12 11 14 10 10 6 6 6 8 10 12 6 7 8 8
10 8 8 8 6 7 8 6 8 8 10 10 9 8 8 8 3 0 3 7 8 8 8 8
8 9 9 9 8 8 8 8 8 8 8 8 8 3 0 3 9 9 10 10 10 3 0 3
8 8 8 8 8 8 8 9 11 3 0 3 6 6 6 6 6 6 6 6 8 8 8 6 6
6 6 6 6 8 8 7 7 
