>L11_A70_Premixed TRIM QUALITY: 20
21 23 23 23 23 19 17 17 22 30 30 30 33 33 33 48 48
50 47 50 36 36 36 36 37 37 57 57 59 57 57 57 57 57
57 53 68 68 68 68 68 68 50 50 48 54 54 54 59 59 59
59 59 59 54 68 68 68 68 68 68 68 68 68 68 68 68 68
68 68 68 68 68 68 68 68 68 68 68 68 68 68 68 68 68
68 68 68 68 68 68 68 68 68 68 68 68 68 68 68 68 68
68 68 68 68 68 68 68 68 68 68 68 68 68 68 68 68 68
68 68 68 68 68 68 68 68 68 68 68 68 68 68 68 68 68
68 68 68 68 68 68 68 68 68 68 68 68 68 68 68 68 68
68 68 68 68 68 68 68 68 68 68 68 68 68 68 68 68 68
68 68 68 68 68 68 68 68 68 68 68 68 68 68 68 68 68
68 68 68 68 68 68 68 68 68 68 68 68 68 68 68 68 68
68 68 68 68 68 68 68 68 68 68 68 68 68 68 68 68 68
68 68 68 68 68 68 68 62 62 62 62 62 62 62 68 68 62
62 62 62 62 62 62 62 62 62 62 68 68 68 68 68 68 68
68 68 68 68 68 68 68 68 68 62 68 68 68 68 68 68 68
68 68 68 68 68 68 68 68 68 68 68 68 68 68 68 68 68
68 68 68 68 68 68 68 68 68 68 68 68 68 68 68 68 68
68 68 68 68 68 68 68 62 62 62 68 68 68 68 68 68 68
68 68 68 68 68 68 68 68 68 68 68 68 68 68 68 68 68
68 68 68 68 68 68 68 68 68 68 68 62 62 62 62 62 68
68 68 68 68 68 68 68 68 68 68 68 68 68 68 68 68 68
68 68 68 68 68 68 68 68 68 68 68 68 68 62 62 62 62
62 62 62 62 62 62 62 62 62 62 62 62 68 68 68 68 68
68 68 68 68 68 68 62 62 62 62 62 62 62 68 68 68 68
68 68 68 68 68 68 59 59 59 57 57 59 59 59 59 59 59
68 59 59 59 59 59 59 59 59 59 59 68 68 68 68 68 68
68 59 59 59 59 59 59 59 59 59 57 57 57 59 57 57 57
59 59 57 57 57 52 52 57 59 59 59 59 59 59 59 57 57
57 57 57 54 59 59 59 59 59 59 59 57 59 57 57 50 50
50 57 57 59 59 59 57 57 59 59 59 54 54 54 57 57 57
48 48 48 59 59 57 57 47 48 48 57 59 57 57 57 57 57
47 57 44 44 43 43 57 57 57 57 57 59 59 48 48 48 57
59 54 48 48 48 48 48 42 42 43 43 43 47 42 48 48 48
48 43 43 40 40 25 33 34 43 43 48 48 47 47 48 48 48
47 47 41 39 37 37 30 25 25 34 34 36 36 33 32 31 36
41 43 34 34 25 25 25 30 30 32 34 29 32 41 39 37 39
37 37 35 32 24 30 32 35 31 31 37 41 47 47 47 39 37
37 37 31 37 31 31 31 33 28 24 28 20 20 20 34 34 41
48 28 28 12 13 13 21 21 32 27 31 31 31 39 37 35 31
26 35 31 27 28 18 18 18 30 30 34 29 32 24 21 15 21
13 21 21 31 35 41 34 34 31 24 24 20 18 18 18 18 14
20 17 19 13 16 11 11 14 17 22 35 31 33 24 22 17 19
19 14 14 19 19 21 17 16 9 9 9 19 15 22 22 24 22 22
28 23 23 11 11 11 20 20 24 20 23 20 18 22 22 28 22

>L12_A70_Premixed TRIM QUALITY: 20
22 22 23 19 15 15 19 23 23 22 24 26 26 44 44 48 36
36 36 36 36 36 42 42 57 57 59 57 53 53 53 53 53 48
54 54 54 48 48 50 48 48 43 43 47 47 43 46 46 57 59
57 57 68 68 68 68 68 68 68 68 68 68 68 68 68 68 68
68 57 57 47 57 57 59 59 68 68 68 68 68 68 68 68 68
68 68 68 68 68 68 68 68 57 57 57 57 68 68 68 68 68
68 68 68 68 68 68 68 68 68 68 68 68 68 68 68 68 68
68 68 68 68 68 68 68 68 68 68 68 68 68 68 68 68 68
68 68 68 68 68 68 68 68 68 68 68 68 57 57 59 59 68
68 68 68 68 68 68 68 68 68 68 68 68 68 68 68 68 68
68 68 68 68 68 68 68 68 68 68 68 68 68 68 68 68 68
68 68 68 68 68 68 68 68 68 68 68 68 68 68 68 68 68
68 68 68 68 68 62 68 68 68 68 68 68 68 68 68 68 68
68 68 68 68 68 68 68 68 68 68 68 68 68 68 68 62 62
62 62 62 62 62 68 68 68 68 68 68 68 68 68 68 68 68
68 62 62 62 62 62 62 62 62 62 62 68 68 68 68 68 68
68 68 68 68 68 68 68 68 68 68 68 62 68 68 68 68 68
68 68 68 68 68 68 68 68 68 68 68 68 68 68 68 68 68
68 68 68 68 68 68 68 68 68 68 68 68 68 68 68 68 68
68 68 68 68 68 68 68 62 62 62 62 62 62 62 68 68 62
62 62 62 68 68 68 68 68 68 62 62 59 59 57 57 57 57
57 68 68 57 59 59 59 68 68 68 68 68 68 68 68 68 68
68 59 59 59 59 59 59 57 57 57 57 57 57 59 68 68 59
59 59 59 59 59 59 59 68 59 59 59 57 57 59 59 68 68
68 59 59 59 59 57 59 59 59 59 68 68 68 68 68 59 59
59 59 59 59 57 57 57 59 57 57 59 57 57 57 59 57 57
57 59 48 54 54 59 59 59 59 57 57 57 57 57 54 54 57
59 59 59 59 57 48 48 47 57 57 57 57 57 59 48 47 47
47 47 48 48 48 54 54 54 54 59 54 54 54 48 48 48 48
48 48 48 48 48 48 48 57 43 43 43 40 39 39 39 43 43
46 46 48 48 48 48 46 46 40 41 37 39 30 25 25 37 37
39 39 39 39 39 43 43 46 47 46 43 43 43 43 43 43 43
43 47 47 48 48 48 47 47 43 43 43 47 47 39 39 39 37
37 43 34 34 28 31 31 34 34 35 31 31 35 37 37 31 31
25 28 28 39 43 43 43 36 31 28 36 28 28 28 31 35 32
32 20 18 18 32 29 30 25 25 32 28 31 37 32 22 28 23
20 20 23 19 18 28 24 28 35 37 35 35 33 33 30 30 22
23 30 32 28 28 32 36 37 31 31 35 37 41 41 31 31 22
22 20 19 16 16 21 12 12 12 28 28 39 40 32 32 25 28
28 29 24 28 22 24 25 24 30 20 14 12 12 17 15 24 27
29 32 36 36 30 27 24 25 25 24 29 34 29 22 24 20 28
28 29 29 24 20 20 28 28 31 37 37 34 30 21 14 14 12
21 23

>L13_A70_Premixed TRIM QUALITY: 20
22 22 23 16 15 15 19 23 23 25 28 28 26 39 39 47 47
47 36 36 36 36 37 37 53 53 53 53 57 57 57 57 57 48
54 54 54 48 48 68 68 50 43 43 47 47 43 44 44 68 68
68 68 68 68 68 68 68 68 68 68 68 68 68 68 68 68 68
68 57 57 47 47 47 59 59 68 68 68 68 68 68 68 68 68
68 68 68 68 68 68 68 57 57 57 54 54 57 57 59 57 57
57 59 57 68 68 68 68 68 68 68 68 68 68 68 68 68 68
68 68 68 68 68 68 68 68 68 68 68 68 68 68 68 68 68
68 68 68 68 68 68 68 68 68 68 68 68 68 68 68 68 68
68 68 68 68 68 68 68 68 68 68 68 68 68 68 68 68 68
68 68 68 68 68 68 68 68 68 68 68 68 68 68 68 68 68
68 68 68 68 68 68 68 68 68 68 68 68 68 68 68 68 62
62 62 62 62 62 62 68 68 68 68 68 68 68 68 68 68 68
68 68 68 68 68 68 68 68 68 68 68 68 68 68 68 62 62
62 62 62 62 62 68 68 68 68 68 68 68 68 68 68 68 68
68 62 62 62 62 62 62 62 62 62 62 68 68 68 68 68 68
68 68 68 68 68 68 68 68 68 68 68 68 68 68 68 68 68
68 68 68 68 68 68 68 68 68 68 68 68 68 68 68 68 68
68 68 68 68 68 68 68 68 68 68 68 68 68 68 68 68 68
68 68 68 68 68 68 68 68 68 68 68 68 68 62 68 68 68
68 68 68 68 68 68 68 68 68 68 68 59 59 59 59 59 59
59 68 68 68 68 68 68 68 68 68 68 68 68 68 68 68 68
68 59 59 59 59 59 59 59 68 68 68 68 68 68 68 68 68
68 68 68 68 57 57 59 68 68 68 68 68 68 68 68 68 68
68 59 59 59 59 59 57 57 68 68 68 68 68 68 68 68 68
68 68 59 59 57 57 57 57 57 57 57 57 59 59 59 59 59
59 59 54 54 54 59 59 59 59 59 59 59 57 57 54 57 57
59 59 59 57 57 54 54 48 57 57 57 57 59 59 48 47 47
47 47 48 48 54 54 54 57 57 59 57 57 54 47 48 43 47
47 59 43 48 48 48 57 48 47 47 43 40 39 43 39 47 47
48 48 48 59 48 48 46 46 46 41 34 34 25 22 22 34 34
47 47 39 41 41 43 43 48 48 48 43 43 43 39 39 39 39
39 47 39 41 36 36 39 39 36 36 36 32 29 29 32 35 35
35 39 26 26 19 18 18 25 32 37 39 39 39 39 39 25 25
17 25 25 37 37 39 39 33 29 25 30 30 36 28 31 35 25
21 18 18 18 27 28 25 21 21 24 31 29 32 27 14 20 11
11 11 18 14 22 24 20 14 14 14 24 26 28 28 22 22 17
22 20 23 24 19 24 28 34 28 31 28 32 36 32

>L14_A70_Premixed TRIM QUALITY: 20
24 21 23 23 23 23 19 17 17 20 32 33 33 37 37 37 50
50 50 47 50 50 50 53 53 53 53 53 53 53 53 57 59 59
59 59 53 68 68 68 68 68 68 54 54 54 54 54 54 57 59
59 68 68 68 68 68 68 68 68 68 68 68 68 68 68 68 68
68 68 68 68 68 68 68 68 68 68 68 68 68 68 68 68 68
68 68 68 68 68 68 68 68 68 68 68 68 68 68 68 68 68
68 68 68 68 68 68 68 68 68 68 68 68 68 68 68 68 68
68 68 68 68 68 68 68 68 68 68 59 59 59 59 59 68 68
68 68 68 68 68 68 68 68 68 68 68 68 68 68 68 68 68
68 68 68 68 68 68 68 68 68 68 68 68 68 68 68 68 68
68 68 68 68 68 68 68 68 68 68 68 68 68 68 68 68 68
68 68 68 68 68 68 68 68 68 68 68 68 68 68 68 68 68
68 68 62 62 62 62 62 62 62 68 68 68 68 68 68 68 68
68 68 68 68 68 68 68 68 62 62 62 62 62 62 62 68 68
68 62 62 62 62 62 62 62 68 68 68 68 68 68 68 68 68
68 68 68 68 62 62 62 62 62 62 62 62 62 62 68 68 68
68 68 68 68 68 68 68 68 68 68 68 68 68 68 68 68 68
68 68 68 68 68 68 68 68 68 68 68 68 68 68 62 62 62
62 62 68 68 68 68 68 68 68 68 68 68 68 68 68 68 68
68 68 68 68 68 68 68 68 68 68 68 68 68 68 68 68 62
62 62 62 62 62 62 68 68 68 68 68 68 68 68 62 62 62
62 62 62 62 68 68 68 68 68 68 68 68 68 68 68 68 68
68 68 68 68 68 68 68 62 62 62 62 62 62 62 62 62 62
62 68 68 68 68 68 68 68 68 68 68 68 68 68 68 68 68
68 68 68 68 68 68 68 68 68 68 68 68 68 68 68 68 68
68 68 68 68 68 59 59 59 59 57 57 57 57 57 57 68 59
59 59 68 68 68 68 68 68 68 68 68 68 68 59 59 59 59
59 59 59 59 68 68 59 57 57 57 57 57 57 59 59 59 59
59 59 57 57 59 59 59 57 57 59 59 59 59 59 59 57 57
57 57 57 57 57 59 59 59 59 59 59 59 59 57 57 57 59
59 59 59 59 59 59 59 57 57 54 54 54 57 44 57 43 43
43 57 59 59 59 54 54 54 59 59 57 57 57 57 57 57 57
48 48 48 54 59 59 59 59 59 59 59 57 57 57 54 54 54
57 48 48 48 59 42 43 36 36 36 43 47 48 48 48 48 48
48 43 43 36 43 43 57 48 48 48 48 48 48 48 48 41 41
41 41 39 39 31 26 26 43 39 41 41 41 37 37 37 41 41
30 34 23 23 23 32 32 39 39 43 48 48 41 41 41 39 37
37 35 28 31 37 37 37 39 37 41 41 34 37 41 41 41 41
29 29 29 29 26 30 28 29 32 30 33 33 37 37 46 46 39
39 36 37 35 32 31 31 26 28 31 31 39 37 35 28 31 32
29 29 29 29 32 37 39 37 31 28 30 30 28 31 39 34 31
26 25 27 28 23 25 20 16 16 23 28 32 30 28 24 23 15
14 15 15 20 22 23 16 15 22 18 18 17 21 22 20 24 20
25 30 30 33 32 35 31 29 32 37 32 19 20 25 22 22 25
37 34 28 20 20 20 19 20 19 22 24 24 21

>L15_A70_Premixed TRIM QUALITY: 20
20 20 17 17 17 34 34 43 37 39 33 34 36 36 37 42 57
57 59 59 59 59 59 59 59 50 54 54 54 53 53 50 50 43
36 31 32 32 29 43 44 68 68 68 68 68 68 68 68 68 68
68 68 68 68 68 68 68 68 68 68 57 57 43 44 44 59 59
57 57 57 59 59 68 68 68 68 68 68 68 68 68 68 68 68
57 68 68 68 68 57 59 54 54 54 59 57 68 68 68 68 68
68 68 68 68 68 68 68 68 68 68 68 68 68 68 68 68 68
68 68 68 68 68 68 68 68 68 68 68 68 68 68 68 68 68
68 68 68 68 68 68 68 68 68 68 68 68 68 68 68 68 68
68 68 68 68 68 68 68 68 68 68 68 68 68 68 68 68 68
68 68 68 68 68 68 68 68 68 68 62 62 62 62 62 68 62
68 68 68 68 68 68 68 68 68 68 68 68 68 68 68 68 68
68 68 68 68 68 68 68 68 68 62 62 62 62 62 62 62 68
68 68 68 68 68 68 68 68 68 68 68 68 68 68 68 62 68
68 68 68 68 68 68 68 68 68 68 68 68 68 68 68 68 68
68 68 68 68 68 68 68 68 68 68 68 68 68 68 68 68 68
68 68 68 68 68 62 62 62 62 62 68 62 62 62 62 62 68
68 68 68 68 68 68 68 68 68 68 68 68 68 68 68 68 68
68 62 62 62 62 62 62 62 62 62 62 62 62 62 68 68 68
68 68 68 68 68 59 59 57 57 57 57 57 68 68 68 68 68
59 59 59 59 59 59 59 68 68 59 59 59 57 57 57 57 68
68 59 59 57 59 59 59 59 59 59 59 59 59 57 57 57 59
59 59 59 59 59 59 59 59 59 68 59 59 59 59 59 59 54
57 57 57 57 57 57 57 57 57 57 57 59 59 59 59 54 54
50 57 57 57 57 57 57 57 57 54 54 47 57 43 43 43 59
59 59 57 57 57 57 57 54 54 54 57 59 59 57 57 57 47
47 44 47 46 54 54 48 48 48 47 43 43 43 43 43 43 48
48 48 54 59 48 48 43 43 43 43 43 43 59 47 48 48 48
48 48 40 40 30 30 28 36 33 43 43 39 39 39 43 43 43
40 39 39 39 30 32 20 19 20 34 34 37 37 35 39 39 43
43 48 48 48 39 39 39 37 35 37 35 36 37 37 37 31 31
34 30 20 22 20 22 19 21 27 35 31 31 37 26 26 22 18
18 25 31 32 31 31 35 34 34 21 21 14 24 24 35 37 37
37 28 22 18 24 19 24 24 24 28 21

>L16_A70_Premixed TRIM QUALITY: 20
20 14 17 17 20 34 37 39 39 39 33 34 34 34 37 37 50
50 50 53 57 57 57 57 57 48 48 42 42 48 48 57 54 43
42 33 32 32 32 43 44 59 59 59 54 54 68 68 68 68 68
68 68 68 68 68 68 68 68 68 68 48 47 35 42 42 59 59
68 68 68 68 68 68 68 68 68 68 68 68 68 68 68 68 68
68 68 68 68 68 50 59 54 54 54 59 57 68 68 68 68 68
68 68 68 68 68 68 68 68 68 68 68 68 68 68 68 68 68
68 68 68 68 68 68 68 68 68 68 68 68 68 68 68 68 68
68 68 68 68 68 68 68 68 68 68 68 68 68 68 68 68 68
68 68 68 68 68 68 68 68 68 68 68 68 68 68 68 68 68
68 68 68 68 68 68 68 68 68 68 68 68 68 68 68 68 68
68 68 68 68 68 68 68 68 68 68 68 68 68 68 62 68 68
68 68 68 68 68 68 68 68 68 68 68 68 68 68 68 68 68
68 68 68 68 68 68 68 62 62 62 62 62 62 62 68 68 68
68 68 68 68 68 68 68 68 68 68 68 68 68 62 62 62 62
62 62 62 68 68 68 68 68 68 68 68 68 68 68 68 68 68
68 68 68 62 62 62 62 62 62 62 68 68 68 68 68 68 68
68 68 68 68 68 68 68 68 68 68 68 68 68 68 68 68 68
68 68 68 68 68 68 68 68 62 62 62 62 62 62 62 68 62
62 62 62 62 62 62 62 62 62 62 62 62 62 62 62 68 68
68 62 62 59 59 57 57 57 57 57 68 68 57 59 59 59 68
68 68 68 59 59 68 68 59 59 59 59 59 59 59 59 59 59
59 59 59 59 59 59 68 68 59 59 59 57 57 57 59 59 59
59 59 59 59 59 59 59 59 59 59 59 59 59 59 54 57 57
57 59 59 59 68 68 68 59 59 57 57 57 59 57 57 57 57
57 57 57 57 57 57 57 54 54 47 59 47 48 48 59 57 57
57 57 57 57 48 48 48 48 48 59 59 57 57 46 43 37 37
47 57 57 57 59 59 43 43 43 43 43 46 43 43 43 47 47
54 54 54 46 46 43 43 39 43 43 43 43 48 48 46 48 48
43 43 43 40 39 43 39 43 43 43 43 43 43 37 37 35 35
30 37 28 34 28 22 22 34 34 37 39 39 39 39 43 43 43
43 43 43 43 37 33 31 31 31 30 37 37 37 31 31 36 31
26 35 35 34 29 25 24 24 20 21 23 32 32 23 22 22 32
32 35 35 35 31 25 25 30 30 25 30 30 36 36 35 35 31
24 24 31 31 31 24 24 33 24 20 15 15 15 25 30 30 25
25 30 24

>L17_A70_Premixed TRIM QUALITY: 20
24 28 29 29 23 23 19 16 16 19 32 33 33 33 33 33 41
44 53 53 50 50 50 53 53 53 53 57 57 57 57 57 57 57
57 57 50 68 68 68 68 68 68 68 50 50 50 50 50 57 59
68 68 68 57 57 57 57 57 57 57 68 68 68 68 68 68 68
68 68 68 57 57 57 57 57 59 59 68 68 68 68 68 68 68
68 68 68 68 68 68 68 68 68 68 68 68 68 68 68 68 68
68 68 68 68 68 68 68 68 68 68 68 68 68 68 68 68 68
59 59 59 68 68 68 68 57 57 57 59 59 59 59 68 57 57
68 57 57 57 57 68 57 59 59 59 59 59 68 68 68 68 68
68 68 68 68 59 59 57 57 59 59 59 59 68 68 68 68 68
68 68 68 68 68 68 68 68 68 68 68 68 68 68 68 68 68
68 62 62 62 62 62 68 68 62 62 62 62 62 62 68 68 68
68 68 68 68 68 68 68 68 68 62 68 68 68 68 62 62 62
62 62 62 62 68 68 68 68 68 68 62 62 62 62 62 62 62
68 68 68 68 68 68 68 68 68 68 68 68 68 62 62 62 62
62 62 68 62 62 62 68 68 62 62 62 62 62 62 62 62 68
68 68 68 68 62 62 62 62 52 62 62 68 68 68 68 68 68
68 68 68 68 62 62 62 62 62 62 68 68 68 68 68 68 68
68 68 68 68 68 68 68 68 68 68 68 68 68 68 68 62 62
62 62 62 68 68 68 68 68 62 62 62 62 62 62 62 68 68
68 62 62 62 68 68 68 68 68 59 59 68 68 68 68 68 68
68 68 68 68 68 68 68 68 68 68 68 68 68 68 68 68 68
68 68 68 68 68 68 59 59 59 57 59 59 59 59 59 59 59
59 59 59 59 59 59 59 59 59 59 59 59 59 59 59 59 59
59 59 59 68 68 68 68 68 68 68 68 68 68 59 59 59 57
57 59 59 59 59 57 57 57 57 57 57 57 57 59 59 68 68
68 68 68 59 59 54 54 54 59 59 59 59 59 59 59 57 57
57 68 57 59 59 59 59 59 59 59 59 59 54 57 57 57 57
57 59 59 59 59 59 59 57 59 59 54 59 59 59 57 57 57
57 59 59 57 57 43 43 43 43 43 57 57 48 48 48 48 59
48 46 46 46 41 39 41 41 31 31 43 59 40 41 40 41 41
43 47 48 48 57 57 57 48 43 43 43 43 48 57 59 48 48
48 48 48 48 48 48 48 48 43 46 43 43 43 46 42 42 35
43 43 47 42 48 43 43 43 43 43 34 37 23 32 32 43 47
48 48 48 48 48 48 48 41 41 41 39 37 37 37 29 29 41
43 47 47 59 41 37 37 41 31 27 33 28 28 25 28 28 37
37 37 36 37 37 36 39 39 37 25 25 19 24 22 22 25 27
32 39 43 43 46 39 37 37 35 31 31 21 21 13 12 12 18
22 28 28 28 30 32 35 35 28 34 28 28 28 25 27 30 25
28 32 28 25 15 14 14 19 22 22 22 22 22 32 32 37 34
28 21 20

>L18_A70_Premixed TRIM QUALITY: 20
34 34 33 28 22 28 28 34 34 47 47 57 57 48 48 48 48
48 48 48 42 42 42 42 42 43 48 48 42 32 31 30 30 25
43 44 54 54 54 57 57 68 68 68 68 68 68 68 68 68 68
68 68 68 68 68 43 43 28 28 33 44 44 54 54 54 59 59
68 68 68 68 68 68 68 68 68 57 57 57 57 57 48 48 57
43 44 43 52 52 59 59 68 68 68 68 68 68 59 59 57 57
54 59 59 59 59 57 68 68 68 68 68 68 68 68 68 68 68
68 68 68 68 68 68 68 68 68 68 68 68 68 68 68 68 68
68 59 59 57 57 57 59 57 68 68 68 68 68 68 68 68 68
68 68 68 68 68 68 68 68 68 68 68 68 68 68 68 68 68
68 68 68 68 68 68 68 68 68 68 68 68 68 68 68 68 68
68 68 68 62 62 62 62 62 62 62 68 68 68 68 68 68 68
68 68 68 68 68 68 68 68 68 68 68 68 68 68 68 68 68
68 68 62 62 62 62 62 62 62 68 68 68 68 68 68 68 68
68 68 68 68 68 62 62 62 62 62 62 62 62 62 62 68 68
68 68 68 68 68 68 68 68 68 68 68 68 68 68 68 68 68
68 68 68 68 68 68 68 68 68 68 68 68 68 68 68 68 68
62 62 62 68 68 68 68 68 68 68 68 68 68 68 68 68 68
68 68 68 68 68 68 68 68 68 68 68 68 68 68 68 68 68
62 68 68 62 62 62 62 62 62 62 68 68 68 68 68 59 59
57 57 57 57 57 68 68 57 59 59 59 68 68 68 68 68 68
68 68 68 68 68 59 59 59 59 59 59 59 59 59 59 59 59
59 68 68 57 57 57 57 57 59 59 59 59 59 59 59 59 59
59 59 57 57 57 57 57 57 59 57 57 57 57 59 68 57 59
59 59 59 59 57 57 57 59 57 57 57 57 57 57 57 54 57
57 59 57 57 57 59 47 48 48 59 59 59 57 57 57 57 57
57 48 48 57 59 59 57 57 57 44 43 43 46 57 57 57 57
57 43 39 39 39 39 43 43 43 48 48 48 54 57 57 57 48
43 43 36 43 43 47 43 48 48 48 48 48 43 43 43 43 37
39 35 43 43 46 46 48 48 43 43 36 36 36 39 26 29 19
18 18 25 32 37 37 32 35 35 37 37 43 46 46 39 39 39
37 32 32 32 31 37 37 37 31 31 34 29 25 30 25 25 22
23 25 30 30 30 37 30 30 23 22 22 25 29 32 24 24 28
20 20 22 21 14 23 23 30 37 37 37 36 28 25 35 28 31
31 31 35 33 25 25 25 25 34 34 31 25 25 23

>L19_A70_Premixed TRIM QUALITY: 20
24 28 39 32 30 30 32 32 43 39 39 32 32 32 32 33 33
48 39 39 31 31 30 30 28 43 43 47 47 47 57 57 57 57
57 57 57 57 59 59 48 48 48 48 57 57 57 44 48 37 37
37 59 59 48 48 48 57 48 57 57 68 68 68 68 68 57 57
57 57 57 57 50 43 43 57 50 59 43 43 43 59 59 68 68
57 57 57 68 59 59 57 57 57 59 59 68 68 68 68 68 68
68 68 68 68 68 57 57 52 57 57 59 57 68 68 68 68 68
68 68 68 68 68 68 68 68 68 68 68 68 68 68 68 68 68
68 68 68 68 68 68 68 68 68 68 68 68 68 68 68 68 68
68 68 68 68 68 68 68 68 68 68 68 68 68 68 68 68 68
68 68 68 68 68 68 68 68 68 68 68 68 68 68 68 68 68
68 68 68 68 68 68 68 68 68 68 68 68 68 68 68 68 68
68 68 68 68 68 68 68 68 68 68 62 62 62 62 62 62 62
68 68 68 68 68 68 68 68 68 68 68 68 68 68 68 68 62
62 62 62 62 62 62 68 68 68 68 62 62 62 62 62 68 68
68 68 68 68 68 68 62 62 62 62 62 62 62 62 62 62 62
62 62 62 68 62 62 62 62 68 68 68 68 68 68 68 68 68
68 68 68 68 68 62 62 62 62 62 68 68 68 68 68 68 68
68 68 68 68 68 68 68 68 62 62 62 62 62 62 62 62 62
62 68 68 68 68 62 59 59 57 57 57 57 57 57 57 57 59
68 68 68 68 68 68 68 68 68 68 59 59 57 57 57 59 59
68 68 59 59 57 59 59 59 59 59 57 57 57 57 57 57 57
59 59 59 59 59 59 59 59 59 59 59 59 59 59 59 59 59
57 59 59 59 59 59 68 68 68 68 68 68 59 59 59 59 48
48 48 57 57 57 57 57 57 57 59 59 59 59 59 57 57 57
59 59 59 59 59 59 59 57 57 54 57 57 59 57 54 46 44
43 37 43 43 43 47 54 57 57 48 47 43 43 43 46 43 43
43 46 48 54 57 57 57 57 46 43 43 43 43 43 43 48 48
48 57 57 43 43 43 43 37 37 39 46 46 48 48 46 47 43
43 36 36 36 39 34 37 23 17 14 23 23 39 39 31 35 35
43 43 48 48 48 39 39 37 34 25 34 28 28 34 34 41 37
36 37 29 25 33 30 34 29 31 33 31 30 30 37 26 26 22
19 19 24 30 32 31 31 41 27 26 26 27 36 37 30 36 28
28 30 28 25 25 30 25 25 22 20 23

>L20_A70_Premixed TRIM QUALITY: 20
20 22 20 21 21 37 37 43 37 39 33 34 36 36 37 42 50
50 50 53 53 53 53 53 53 48 48 43 43 48 48 57 54 40
32 29 32 32 29 43 44 57 59 57 57 68 68 68 68 68 68
68 68 68 68 68 68 68 68 57 57 44 57 43 44 44 57 57
68 68 68 68 68 68 68 68 68 68 68 68 68 68 68 68 68
68 68 68 57 57 57 59 57 57 54 59 59 68 68 68 68 68
68 68 68 68 68 68 68 68 68 68 68 68 68 68 68 68 68
68 68 68 68 68 68 68 68 68 68 68 68 68 68 68 68 68
68 68 68 68 68 68 68 68 68 68 68 68 68 68 68 68 68
68 68 68 68 68 68 68 68 68 68 68 68 68 68 68 68 68
68 68 68 68 68 68 68 68 68 68 68 68 68 68 68 68 68
68 68 68 68 68 68 68 68 62 62 62 62 62 62 62 68 68
68 68 68 68 68 68 68 68 68 68 68 68 68 68 62 62 62
62 62 62 62 62 62 62 62 62 62 62 62 62 62 68 68 68
68 68 68 68 68 68 68 68 68 68 68 68 68 62 62 62 62
62 62 62 62 62 68 68 68 68 68 68 68 68 68 68 68 68
68 68 68 62 62 62 68 68 68 68 68 68 68 68 68 68 68
68 62 62 62 62 62 62 62 68 68 68 68 68 68 68 68 68
68 68 68 68 68 68 68 68 68 68 68 68 68 68 68 68 62
62 62 62 62 62 62 68 68 62 62 62 62 68 68 68 62 62
62 62 59 59 59 57 57 57 57 57 68 68 57 59 59 59 68
68 68 68 68 68 68 68 59 59 59 59 59 59 59 68 68 57
57 57 57 57 57 59 59 59 59 59 59 59 59 59 59 59 68
59 59 59 59 59 59 59 68 68 68 59 59 59 59 57 57 57
57 59 68 59 68 68 68 68 68 68 59 59 59 54 54 57 57
57 57 57 57 59 59 59 59 59 59 59 57 57 57 57 57 68
68 68 57 57 57 57 57 57 57 59 59 57 57 57 48 48 48
48 57 57 57 59 59 48 47 47 43 43 46 43 43 48 48 48
54 59 59 59 48 43 43 43 43 43 59 43 48 48 43 43 48
43 43 43 43 39 39 37 43 43 48 48 48 48 47 47 41 41
41 41 23 18 10 10 10 18 28 39 39 35 35 35 37 37 37
43 43 37 37 37 37 31 33 32 35 37 37 41 36 36 39 32
26 31 30 37 31 31 33 31 30 30 37 32 32 25 24 24 32
32 32 28 31 32 29 29 32 30 28 32 32 36 39 34 27 20
18 18 23 20 22 22 22 30 22

>L21_A70_Premixed TRIM QUALITY: 20
22 22 19 19 19 37 37 43 37 36 39 39 39 39 47 47 53
53 48 48 57 57 48 57 57 48 54 42 42 47 48 48 48 40
32 31 32 32 28 43 44 57 57 57 57 57 68 68 68 68 68
68 68 57 57 57 57 57 57 57 57 57 57 37 44 44 59 59
57 57 59 59 59 68 68 68 68 68 68 68 68 68 68 68 68
57 68 68 68 68 50 59 54 54 54 59 57 68 68 68 68 68
68 68 68 68 68 68 68 68 68 68 68 68 68 68 68 68 68
68 68 68 68 68 68 68 68 68 68 68 68 68 68 68 68 68
68 68 68 68 68 68 68 68 68 68 68 68 68 68 68 68 68
68 68 68 68 68 68 68 68 68 68 68 68 68 68 68 68 68
68 68 68 68 68 68 68 68 68 68 68 68 68 68 68 68 68
68 68 68 68 68 68 68 68 62 62 62 62 62 62 62 68 68
68 68 68 68 68 68 68 68 68 68 68 68 68 68 68 68 68
68 68 68 68 68 68 68 62 62 62 62 62 62 62 68 68 68
68 68 68 68 68 68 68 68 68 68 68 68 68 62 68 68 68
68 68 68 68 68 68 68 68 68 68 68 68 68 68 68 68 68
68 68 68 68 68 68 68 68 68 68 68 68 68 68 68 68 68
68 68 68 68 68 68 68 68 68 68 68 68 68 68 68 68 68
68 68 68 68 68 68 68 68 68 68 62 62 62 62 62 68 62
62 62 62 62 62 62 68 68 68 68 68 68 68 68 68 68 68
68 68 68 59 59 59 59 59 59 59 68 68 68 68 68 68 68
68 68 68 68 68 68 68 68 68 68 57 57 57 57 59 59 59
59 59 59 59 59 59 59 57 57 57 57 57 57 59 59 59 68
59 59 59 59 59 59 59 68 68 68 68 68 68 68 59 57 57
57 57 57 57 59 59 59 59 59 59 59 59 59 57 57 59 59
57 57 59 57 59 59 59 59 59 59 59 54 54 54 59 59 59
59 59 59 59 57 57 54 54 59 59 59 57 57 57 48 48 47
57 47 54 54 59 59 48 46 43 43 43 46 46 43 48 48 48
54 59 59 59 54 48 48 48 57 48 59 43 48 48 48 59 57
47 47 43 43 39 39 35 47 47 48 48 48 48 47 47 41 41
41 41 34 37 30 25 25 37 37 39 39 32 36 36 43 43 39
47 47 39 39 39 39 39 39 35 35 39 47 48 48 46 47 47
41 41 41 37 31 31 35 37 36 36 39 27 27 23 22 22 30
34 41 31 31 35 27 22 19 19 15 24 24 39 47 41 41 35
31 25 35 35 35 28 31 35

>L22_A70_Premixed TRIM QUALITY: 20
20 22 24 24 24 37 37 37 36 33 33 34 36 36 37 37 53
53 53 53 57 57 57 59 59 50 48 48 48 48 48 57 54 54
44 43 47 47 43 59 59 59 68 68 68 68 68 68 68 68 68
68 68 68 68 68 68 68 68 68 68 57 57 48 57 57 59 59
68 68 68 68 68 68 68 68 68 68 68 68 68 68 68 68 68
68 68 68 68 68 68 68 68 68 68 68 68 68 68 68 68 68
68 68 68 68 68 68 68 68 68 68 68 68 68 68 68 68 68
68 68 68 68 68 68 68 68 68 68 68 68 68 68 68 68 68
68 68 68 68 68 68 68 68 68 68 68 68 68 68 68 68 68
68 68 68 68 68 68 68 68 68 68 68 68 68 68 68 68 68
68 68 68 68 68 68 68 68 68 68 68 68 68 68 68 68 68
68 68 68 68 68 68 68 68 62 62 62 62 62 62 62 68 68
68 68 68 68 68 68 62 62 62 62 68 68 68 62 62 62 62
62 62 62 68 68 68 68 62 62 62 62 62 62 62 68 68 68
68 68 68 68 68 68 68 68 68 68 62 62 62 62 62 62 62
62 62 62 68 68 68 68 68 68 68 68 68 68 68 68 68 68
68 68 68 68 68 68 68 68 68 68 68 68 68 68 68 68 68
68 68 68 68 68 68 68 68 68 68 68 68 68 68 68 68 68
68 68 68 68 68 68 68 68 68 68 68 68 68 68 68 68 68
68 68 68 68 68 62 62 62 62 62 62 62 68 68 68 68 68
68 62 59 59 59 59 59 57 57 57 68 68 68 68 68 68 68
68 68 68 68 68 68 59 59 59 57 57 59 59 59 59 59 59
59 59 59 59 59 59 59 68 68 59 68 68 68 59 59 59 68
68 59 59 59 59 59 59 68 68 68 57 57 57 57 57 57 57
57 68 68 68 59 59 59 59 59 57 57 57 59 54 59 59 59
59 59 59 59 57 57 57 57 57 57 59 48 54 54 59 59 59
59 59 57 57 57 57 54 57 57 59 59 57 57 57 48 48 48
57 57 57 57 57 59 54 48 48 48 47 47 47 47 48 48 48
54 59 57 57 54 47 47 43 48 48 59 47 48 48 48 57 48
43 43 43 43 36 39 35 39 39 48 48 48 48 48 47 46 46
41 41 30 30 17 17 17 30 30 39 39 37 39 39 43 43 43
43 43 43 43 43 43 39 39 36 39 37 37 37 31 37 36 31
25 27 23 24 19 19 24 33 36 36 39 26 26 20 18 18 25
32 37 31 31 37 36 31 26 32 23 28 28 35 39 30 30 23
18 18 25 21

>R11_A70_Premixed TRIM QUALITY: 20
20 20 19 19 19 37 37 37 30 30 32 34 36 36 37 42 57
57 48 48 48 48 48 59 59 48 54 47 47 48 48 48 48 43
39 31 32 32 25 43 44 54 54 57 57 57 68 68 68 68 68
68 68 68 68 68 68 68 68 68 68 43 43 35 37 37 59 59
54 54 54 59 59 68 68 68 68 68 68 68 68 68 68 68 68
68 68 68 68 68 43 59 48 52 52 59 57 68 68 68 68 68
68 68 68 68 68 68 68 68 68 68 68 68 68 68 68 68 68
68 68 68 68 68 68 68 68 68 68 68 68 68 68 68 68 68
68 68 68 68 68 68 68 68 68 68 68 68 68 68 68 68 68
68 68 68 68 68 68 68 68 68 68 68 68 68 68 68 68 68
68 68 68 68 68 68 68 68 68 68 68 68 68 68 68 68 68
68 68 68 68 68 68 68 68 68 68 68 68 68 68 68 68 68
68 68 68 68 68 68 68 68 68 68 68 68 62 62 62 62 62
62 62 68 68 68 68 68 68 68 68 68 68 68 68 68 62 62
62 62 62 62 62 62 62 62 68 68 68 68 68 68 68 68 68
68 68 68 68 68 68 68 68 62 62 62 68 68 68 68 68 68
68 68 68 68 68 68 68 68 68 68 68 68 68 68 68 68 68
68 68 68 68 68 68 68 68 68 68 68 68 68 68 68 68 68
68 68 68 68 68 68 68 68 68 68 68 68 68 68 68 68 68
68 68 68 68 68 68 68 68 59 59 57 57 57 57 57 68 68
68 68 68 68 68 68 68 68 68 68 68 68 68 68 68 68 68
68 59 59 59 59 68 68 68 68 68 68 68 68 68 68 68 68
68 68 68 68 68 68 68 68 68 68 68 68 68 68 68 68 68
59 59 59 59 59 68 68 68 68 68 68 68 68 68 68 68 59
59 59 59 57 57 57 68 68 68 68 59 59 59 59 59 59 59
59 59 59 59 68 59 59 59 59 59 59 57 57 59 59 59 59
59 57 57 57 57 57 57 59 59 59 59 57 57 54 54 54 54
57 54 54 59 59 59 59 59 59 57 57 57 54 57 57 59 48
48 48 57 57 59 57 57 48 48 43 47 43 48 48 48 48 48
59 48 48 46 46 46 47 39 39 31 25 25 39 43 39 41 39
41 41 43 43 48 48 48 47 47 43 43 40 43 43 43 47 47
48 48 48 47 47 43 43 43 43 43 43 43 43 43 43 43 32
32 28 30 30 36 37 48 43 43 37 37 37 33 33 28 37 34
41 47 47 43 36 28 25 35 37 35 28 31 35 34 34 28 24
24 34 34 32 29 29 32 31 31 37 31 27 33 28 23 23 28
22 22 31 27 31 37 37 37 39 37 37 30 30 24 29 32 37
31 31 37 41 43 39 40 39 37 36 32 28 32 27 27 24 23
20 24 28 20 20 20 32 32 39 39 31 32 25 28 28 29 29
32 28 28 31 31 36 32 32 25 29 30 25 24 24 25 32 37
36 35 27 29 28 28 24 29 34 31 28 31 25 35 35 32 32
24 22 22 28 28 30 37 39 39 32 28 23 20 20 27 25 24
22 22 30 26 28 23 23 28 22 22 19 18 20 19 22 23 24
22 25 27 23

>R12_A70_Premixed TRIM QUALITY: 20
20 34 37 37 33 33 33 33 33 36 36 36 57 57 59 59 59
59 59 59 59 50 50 50 50 50 50 50 50 43 36 29 32 32
31 43 44 68 68 68 68 68 68 68 68 68 68 68 68 57 57
57 57 57 57 57 68 48 48 39 43 43 59 59 57 57 57 59
59 68 68 68 68 68 68 68 68 68 68 68 68 57 57 57 57
57 57 59 57 57 57 59 59 68 68 68 68 68 68 68 68 68
68 68 68 68 68 68 68 68 68 68 44 44 29 29 29 33 29
31 32 44 44 68 38 38 13 13 12 26 24 33 33 44 44 68
38 38 18 12 12 15 18 23 39 43 57 57 57 57 52 43 43
24 24 13 13 13 38 38 59 59 57 57 57 57 57 57 52 52
52 62 62 52 62 62 62 52 52 52 62 62 43 35 35 43 43
43 62 62 62 62 62 62 62 62 62 62 62 62 52 52 62 62
62 62 44 43 35 35 35 43 47 62 52 52 45 45 45 62 62
62 52 52 52 52 52 62 62 52 62 62 62 62 62 62 62 62
62 52 52 52 52 52 52 52 52 43 43 21 21 23 43 43 52
52 43 43 39 39 39 43 43 52 52 62 62 52 62 62 62 62
62 52 45 45 52 52 62 52 52 52 52 52 52 52 62 62 45
45 45 62 62 62 52 62 62 62 62 62 62 62 62 62 52 52
52 52 52 52 52 62 62 62 62 62 62 62 62 62 52 52 52
52 52 62 52 52 52 62 52 52 62 62 62 62 62 62 62 57
52 52 52 52 57 57 57 57 57 57 57 57 57 57 57 57 59
59 57 57 57 57 57 57 57 57 57 57 52 52 52 57 57 59
52 52 52 57 57 43 43 38 43 43 57 57 57 57 52 52 52
59 50 47 35 35 35 43 43 52 52 52 52 52 52 52 52 59
59 57 57 47 47 35 35 33 43 43 50 50 57 57 57 57 57
57 57 57 43 43 43 46 44 48 47 47 57 57 54 57 54 54
48 48 48 48 47 47 47 48 47 57 46 43 43 43 57 44 48
48 57 48 48 47 47 43 43 46 43 43 43 43 43 43 43 43
43 43 43 43 43 43 43 43 43 43 48 48 48 43 43 36 39
36 43 43 43 43 39 36 32 32 28 30 28 30 28 31 24 23
18 16 22 34 28 34 34 28 30 37 35 35 35 39 39 39 39
39 43 40 40 40 39 37 37 35 31 31 30 34 28 28 28 30
29 31 35 37 36 36 36 32 37 37 37 37 37 37 31 25 25
31 24 24 30 30 33 37 34 39 35 31 28 23 19 18 23 23
28 24 25 35 25 22 14 14 14 30 28 41 32 32 41 32 31
34 26

>R13_A70_Premixed TRIM QUALITY: 20
20 24 24 24 39 39 43 37 36 33 34 34 34 37 37 50 50
48 48 48 48 48 48 48 48 42 39 39 42 42 48 47 40 32
29 32 32 29 43 44 54 54 54 57 57 68 68 68 68 68 68
68 68 68 68 68 68 68 68 68 44 44 33 42 42 59 59 57
57 57 59 59 68 68 68 68 68 68 68 68 68 57 57 57 57
57 43 43 57 43 44 48 52 52 59 59 68 68 68 68 68 68
59 59 57 57 57 59 59 59 59 68 68 68 68 68 59 59 28
24 13 13 13 15 38 44 68 38 34 12 11 11 12 12 14 14
38 38 68 38 38 17 13 13 24 12 13 13 22 18 17 17 20
20 26 35 35 35 35 36 18 18 17 16 16 20 24 43 43 31
24 24 20 20 20 43 43 41 41 17 17 17 41 41 68 68 68
68 68 43 43 15 15 13 13 13 15 15 19 41 41 38 38 14
14 14 16 14 14 14 14 14 14 20 20 23 14 14 14 14 14
15 11 12 11 11 13 18 20 44 44 38 38 14 14 14 14 26
34 44 62 68 68 68 68 41 41 18 18 18 41 41 68 68 68
68 44 44 31 31 31 33 33 38 38

>R14_A70_Premixed TRIM QUALITY: 20
22 22 21 21 24 39 39 31 31 22 24 24 34 34 37 37 50
50 48 48 48 48 48 48 46 36 32 32 32 36 36 48 46 37
29 28 28 28 29 42 44 48 48 48 48 57 57 57 57 57 57
57 57 57 48 47 47 47 57 54 57 42 43 35 37 41 59 59
54 54 54 59 59 57 57 68 68 68 68 68 57 57 57 57 57
50 50 37 43 50 43 59 47 52 52 59 59 68 68 68 68 68
68 59 59 57 57 57 59 59 68 68 68 68 68 68 57 57 59
59 57 57 57 68 68 68 68 68 68 68 68 57 57 57 57 57
57 57 68 68 68 68 68 68 68 68 68 68 68 68 68 68 68
68 68 68 68 68 68 68 68 68 68 68 59 59 57 57 57 59
62 68 68 62 62 62 62 62 62 62 68 68 62 62 62 62 62
62 62 62 62 68 68 68 68 68 68 68 68 62 62 62 62 68
68 68 68 68 68 68 68 68 68 68 68 68 68 68 68 68 68
68 62 62 62 62 62 62 62 62 62 62 62 62 62 62 62 62
62 62 62 62 62 62 62 62 62 62 62 62 62 62 62 62 62
62 62 68 68 62 62 62 62 62 62 62 62 62 62 62 62 62
62 62 62 68 68 68 68 68 68 68 68 68 62 62 62 62 62
62 62 62 62 62 62 62 62 62 62 62 62 62 62 62 62 62
62 62 62 62 62 62 62 62 62 62 62 62 62 62 62 62 62
62 62 62 62 62 62 62 62 62 62 62 62 62 62 62 62 62
62 62 62 62 62 62 62 62 62 62 62 62 62 62 62 62 62
62 62 62 62 62 62 62 62 62 62 62 62 45 45 45 57 59
59 59 57 59 57 59 59 59 59 57 57 57 57 57 57 57 59
59 59 59 52 52 57 57 59 59 59 59 57 57 57 59 59 59
57 57 57 57 57 57 57 57 57 57 57 54 57 57 57 57 57
57 57 57 57 59 57 57 52 52 52 57 57 59 59 59 54 54
54 54 52 57 52 57 57 57 50 54 57 57 57 59 59 59 59
57 57 43 43 43 57 57 57 54 54 54 48 48 48 48 48 48
57 57 59 57 44 44 35 35 35 43 42 57 47 57 48 48 48
48 48 48 48 48 46 44 43 37 37 43 43 43 48 48 48 48
48 48 48 59 57 48 48 48 48 43 43 43 43 43 48 48 48
48 48 48 48 48 48 48 48 39 39 35 32 28 34 28 26 26
32 37 37 37 37 31 27 34 30 30 30 37 38 47 41 41 31
34 35 37 35 35 35 39 37 36 30 26 23 19 18 19 32 30
37 30 23 22 22 20 23 20 25 28 30 25 28 36 37 37 39
37 37 28 19 18 24 22 22 28 35 28 31 24 18 19 17 11
11 15 23 19 26 26 15 14 14 21 21 18 18 18 20 27 25
25 12 12 12 23 21 25 25 25 21 21 25 32 28 28 31 20

>R15_A70_Premixed TRIM QUALITY: 20
20 19 19 20 37 37 35 28 32 29 29 34 34 37 37 48 48
48 48 48 48 48 57 57 48 47 42 42 48 48 48 48 43 30
29 24 24 24 42 43 54 54 54 57 57 68 68 68 68 68 68
68 68 68 68 68 68 68 68 68 44 44 33 35 35 59 59 48
48 48 59 59 68 68 68 68 68 68 68 68 68 68 68 68 68
68 68 57 57 43 59 48 52 52 59 59 68 68 68 68 68 68
68 68 68 68 68 68 68 68 68 68 68 68 68 59 59 54 44
44 32 32 35 47 59 59 68 59 59 57 43 43 43 43 52 57
57 57 57 57 57 57 57 57 59 59 68 68 68 59 59 57 52
52 52 52 59 59 57 52 52 52 52 52 57 57 57 57 52 45
45 43 62 43 52 52 52 52 62 62 62 62 62 52 45 45 52
62 62 52 52 45 45 45 62 62 52 52 52 52 62 62 62 62
62 62 62 62 62 62 62 62 62 52 52 62 62 62 62 62 52
52 62 52 52 52 62 62 62 62 52 52 52 62 62 62 62 62
62 62 62 62 62 52 52 52 52 43 44 43 43 39 43 43 62
62 62 62 52 52 52 62 52 62 62 62 62 52 52 52 62 62
62 62 52 52 52 62 52 52 52 62 62 62 62 62 62 62 39
41 41 62 62 62 62 62 62 62 62 54 62 62 62 62 62 52
52 52 62 52 52 62 62 62 62 62 62 62 62 62 52 52 52
62 62 62 62 62 62 62 62 62 62 62 62 62 52 52 52 52
52 57 57 57 57 57 57 57 52 52 52 57 52 52 52 52 57
57 59 57 57 57 57 57 57 43 43 43 57 57 57 59 57 59
57 57 57 57 57 57 52 52 52 52 57 57 57 54 54 54 59
59 59 57 52 52 52 43 43 52 52 52 59 59 57 54 54 52
52 52 52 57 57 54 54 50 50 44 44 43 46 43 43 43 50
44 44 44 43 43 44 47 48 54 57 57 48 48 48 48 59 57
54 54 54 57 57 57 57 43 43 43 43 43 44 57 57 57 57
43 47 43 43 43 39 43 43 48 48 54 54 54 54 57 54 57
54 48 48 48 48 54 47 59 46 46 43 43 43 43 36 36 36
43 39 47 48 48 48 48 48 48 43 41 41 41 41 41 34 34
20 25 32 34 34 43 59 47 47 47 46 46 43 47 43 43 43
36 43 39 43 43 43 43 48 48 48 48 59 47 43 43 43 43
43 42 40 30 30 30 33 34 37 32 32 32 37 37 43 43 43
43 37 37 23 23 20 28 28 39 39 43 43 39 39 35 39 39
41 41 41 41 34 34 25 20 20 34 34 35 35 35 32 31 29
32 29 27 35 26 29 20 23 18 20 23 25 28 34 34 39 39
39 37 37 41 34 34 37 33 27 24 30 30 37 34 37 28 28
14 14 14 24 20 28 25 28 24 19 24 17 17 17 30 22 30
30 30 31 28 32 32 16 16 10 10 10 15 15 22 19 24 20
26 32 27 27 31 28 28 28 25 28 23 26 23 23 20 24 34
31 24 22 14 14 14 26 26 28 22 22 30 34 37 32 32 28
17 13 10 10 10 21 25 25 22 20 34 28 37 31 28 24 20
22 19 19 25 30 37 35 35 31 31 37 33 30 20 22 24 22
22 28 31 34 30 22 25 13 13 13 14 14 17 20 22 15 14
10 16 10 10 10 15 15 27 14 14 11 12 12 20 19 28 28
35 27 24 25 24 24 24 20 22 22 31 35 31 31 24 28 23
23 23 23 20

>R16_A70_Premixed TRIM QUALITY: 20
22 18 18 17 34 34 30 28 28 29 29 34 34 47 47 50 50
48 48 48 48 48 48 48 48 42 42 42 43 48 48 47 33 29
28 31 31 28 42 43 54 54 57 57 57 68 68 68 68 68 68
68 59 59 57 57 57 57 57 68 48 48 37 39 43 59 59 68
68 68 68 68 68 68 68 68 68 68 68 68 68 68 68 68 68
68 68 68 68 57 59 54 54 54 59 57 68 68 68 68 68 68
68 68 68 68 68 68 68 68 68 68 68 68 68 68 68 59 59
57 57 57 59 59 68 68 68 68 68 68 68 68 68 68 68 68
68 68 68 68 68 68 68 68 68 68 68 68 68 68 68 68 68
68 68 68 68 68 68 68 68 68 68 68 68 68 68 68 68 68
68 68 68 68 68 68 68 68 68 68 68 68 68 68 68 68 68
68 68 68 68 68 68 68 68 68 68 68 68 68 68 68 68 68
68 68 68 68 68 68 68 68 68 68 68 68 68 62 62 62 62
62 62 62 62 68 68 62 62 62 62 62 62 62 68 68 68 68
68 68 68 68 68 68 68 68 68 68 68 68 62 62 62 62 62
62 62 68 68 68 68 68 68 68 68 68 68 68 68 68 62 62
62 62 62 62 62 68 62 62 62 68 68 68 68 68 68 68 68
62 62 62 62 62 62 62 68 68 68 68 68 68 68 68 68 68
68 68 68 62 62 62 68 68 68 68 68 68 68 68 68 62 62
62 62 62 62 62 62 62 62 62 62 62 62 62 62 62 62 62
62 62 59 59 57 57 57 57 57 68 68 68 68 68 68 68 68
68 68 68 68 68 68 68 68 68 68 68 68 68 68 59 59 59
59 59 59 59 59 59 57 57 57 57 57 57 57 59 59 59 59
59 59 59 59 59 59 68 68 68 57 57 57 59 57 59 59 68
68 68 68 68 68 68 68 68 68 68 59 59 57 57 57 59 59
57 59 59 59 59 59 59 59 59 59 59 59 59 59 59 68 68
68 59 59 59 59 57 57 59 59 59 59 59 57 57 57 57 57
57 59 59 59 59 54 48 47 47 47 48 48 48 54 57 57 57
59 59 59 57 48 57 48 48 57 57 57 57 57 59 59 59 57
57 48 48 43 43 43 48 48 48 48 48 59 59 59 47 47 47
47 39 39 32 28 28 39 43 47 47 41 46 46 48 48 48 48
48 48 48 43 43 43 43 43 46 57 59 59 59 57 57 57 48
48 48 57 57 48 47 43 43 43 47 40 40 35 43 43 47 42
48 43 43 43 43 43 40 40 30 37 37 43 47 48 48 47 47
43 43 43 41 41 41 41 37 37 32 28 28 39 39 41 41 41
39 37 37 41 41 34 34 28 28 28 33 33 33 33 27 31 37
37 41 41 39 37 37 37 28 31 37 37 37 39 39 46 47 47
47 41 41 41 41 41 37 30 31 25 31 31 34 34 28 30 30
37 37 46 46 39 39 35 35 32 32 31 35 31 31 34 31 37
37 35 31 31 35 31 31 31 31 39 43 41 39 39 37 36 32
31 31 39 31 31 31 31 36 37 32 32 28 24 24 34 34 41
41 41 39 34 32 28 24 20 27 26 27 24 23 35 28 32 28
33 28 31 32 28 24 32 28 32 32 35 32 37 36 32 31 24
24 33 27 31 37 37 39 28 28 23 23 23 22 20 24 22 28
26 23 20 20 24 24 26 35 36 36 32

>R17_A70_Premixed TRIM QUALITY: 20
30 30 17 17 17 20 20 24 33 37 37 44 43 36 36 39 43
43 43 42 32 32 32 36 30 36 46 41 37 27 24 19 19 15
32 32 43 43 43 48 48 57 57 57 57 57 59 59 59 47 43
43 44 57 47 42 32 21 17 17 17 32 32 31 31 31 44 44
59 57 68 68 57 57 57 57 57 57 57 57 57 50 37 43 57
43 44 33 33 33 44 44 57 57 57 57 57 57 59 59 43 52
52 59 52 52 52 59 57 57 57 59 44 44 20 20 17 32 32
42 44 57 57 57 38 38 17 17 18 34 41 39 57 57 57 44
38 18 13 13 21 16 14 14 14 38 38 59 59 57 57 57 44
44 35 35 35 44 44 59 59 59 59 59 59 62 62 62 62 62
68 68 68 68 68 68 68 68 68 68 68 68 68 68 68 68 68
68 68 68 68 68 68 68 68 68 68 68 68 68 68 68 68 68
68 68 68 68 68 68 68 68 68 68 68 68 68 68 68 68 68
68 68 62 62 62 62 62 62 62 68 68 68 68 68 68 68 68
68 68 68 68 68 62 62 62 62 62 62 62 62 62 68 68 68
68 68 68 68 68 68 68 68 68 68 68 68 68 68 68 68 68
68 68 68 68 68 68 68 68 68 68 68 68 68 68 68 62 62
62 62 62 68 68 68 62 62 62 68 68 68 68 68 68 68 68
68 68 68 68 68 68 68 68 68 68 68 68 68 68 68 68 68
62 68 68 68 68 68 68 68 68 68 68 68 68 62 62 62 62
62 62 62 62 62 68 68 68 68 62 62 62 68 68 68 68 68
68 68 68 68 68 68 68 68 68 68 68 68 68 68 68 62 68
68 68 68 68 62 62 68 68 68 68 68 68 68 68 68 68 62
62 62 62 62 62 62 62 62 62 62 62 62 68 68 68 68 68
68 68 68 68 68 59 59 59 57 57 57 59 59 59 59 59 59
59 59 59 59 59 59 59 59 68 68 68 68 68 68 68 59 59
59 57 57 59 59 59 59 59 57 57 57 57 57 57 59 59 59
59 57 57 52 52 57 57 59 59 59 59 59 59 59 59 59 59
57 57 52 57 59 59 59 57 57 59 59 59 57 57 50 57 50
57 50 54 57 59 57 57 59 57 57 54 54 54 57 47 57 47
48 48 59 59 59 59 54 57 57 59 59 57 57 57 57 57 48
47 44 44 43 43 59 59 59 59 59 59 59 54 54 54 57 59
48 47 46 43 43 57 40 40 35 39 39 42 42 48 48 48 48
43 43 39 39 30 39 39 48 57 57 57 43 43 40 43 43 41
41 41 41 37 37 30 25 25 37 37 41 41 41 37 32 34 39
39 34 34 28 23 23 32 32 33 34 29 32 41 37 37 39 39
37 37 35 28 29 37 37 37 39 37 41 41 35 37 41 41 41
41 31 35 31 31 31 33 28 25 32 23 23 23 34 34 46 46
39 39 35 35 35 29 28 30 25 25 29 31 39 37 32 28 28
32 27 29 29 29 32 41 41 34 30 27 28 28 24 29 34 32
31 31 28 35 35 27 30 20 18 18 30 34 37 39 39 39 34
32 25 20 15 21 23 22 18 18 28 24 21

>R18_A70_Premixed TRIM QUALITY: 20
23 23 23 23 15 15 15 19 29 29 30 33 33 33 44 44 48
47 47 36 36 36 36 37 37 53 53 50 50 57 59 59 59 59
50 68 68 68 68 68 68 68 50 43 43 47 47 43 44 59 59
68 68 68 68 68 68 68 68 68 68 59 59 59 57 68 68 68
68 68 57 57 57 57 59 59 59 68 68 68 68 68 68 68 68
68 68 68 68 68 68 68 68 68 68 57 57 57 57 57 59 68
68 68 68 68 68 68 57 57 57 68 68 68 68 68 68 68 68
68 68 68 68 68 68 68 68 68 68 68 68 68 68 68 68 68
68 68 68 68 68 68 68 68 68 68 68 68 68 68 68 68 68
68 68 68 68 68 68 68 68 68 68 68 68 68 68 68 68 68
68 68 68 68 68 68 68 68 68 68 68 68 68 68 68 68 68
68 68 68 68 68 68 68 68 68 68 68 68 68 68 68 68 68
68 68 68 68 68 68 68 68 68 68 68 68 68 68 68 68 68
68 68 68 68 62 62 62 62 62 62 62 68 68 68 68 68 68
68 68 68 68 68 68 68 68 68 68 62 62 62 62 62 62 62
68 68 68 68 68 68 68 68 68 68 68 68 68 68 68 68 68
62 62 62 62 62 62 62 68 68 68 68 68 68 68 68 62 62
62 62 62 68 68 68 68 68 68 68 68 68 68 68 68 68 68
68 68 68 68 68 68 68 68 68 68 68 68 68 68 68 68 68
68 68 62 62 68 68 68 68 68 68 68 68 68 68 68 62 68
68 68 68 68 68 68 68 68 68 68 68 68 68 68 68 68 68
68 68 68 68 68 68 68 68 68 68 68 68 68 68 68 68 68
68 68 68 68 68 68 68 68 68 68 68 68 68 68 68 68 68
68 68 68 68 68 68 68 62 62 62 62 62 62 62 68 68 68
68 68 68 68 68 68 68 68 59 59 59 59 59 59 59 68 68
68 68 68 68 68 68 68 68 68 68 68 68 68 68 68 68 68
59 59 59 57 57 59 59 59 59 57 57 57 57 57 57 57 59
59 59 59 57 57 57 52 52 57 57 57 57 57 57 57 59 59
59 59 59 59 57 57 59 59 59 59 59 59 59 59 57 57 48
50 50 57 57 57 59 57 57 57 59 59 59 57 57 57 57 57
57 48 48 48 57 57 57 57 43 47 47 57 59 57 57 57 57
57 57 57 43 44 43 47 57 57 54 54 54 48 48 43 43 43
48 48 48 47 43 43 43 43 37 37 32 35 35 42 42 48 48
48 48 43 43 34 34 23 31 32 43 43 46 48 43 43 39 43
43 41 41 41 41 39 39 32 28 28 43 43 47 41 37 35 31
34 39 39 28 30 23 23 23 28 28 31 32 27 31 37 37 37
39 30 34 28 28 18 25 31 37 37 33 33 39 47 47 47 39
37 41 41 31 36 35 31 28 28 24 24 28 23 23 23 34 34
40 34 34 28 28 31 32 25 25 22 20 20 20 28 30 30 30
23 28 33 25 29 29 28 35 37 37 39 39 37 36 32 26 29
32 31 27 29 24 28 28 28 32 28 24 24 33 33 37 39 39
30 23

>R19_A70_Premixed TRIM QUALITY: 20
32 34 28 17 17 17 17 22 22 37 37 57 57 46 46 46 46
46 46 46 32 32 32 32 30 36 46 42 42 30 29 25 25 23
35 44 43 43 43 48 57 57 59 57 57 57 59 59 59 48 48
48 48 57 54 57 40 43 28 28 28 44 44 41 41 41 47 47
59 57 68 68 57 57 57 57 57 57 57 57 57 50 37 43 57
43 44 43 43 43 59 57 57 57 57 57 57 57 59 59 57 57
54 59 57 59 59 59 59 68 68 68 68 59 59 52 52 52 59
57 68 68 68 68 68 68 68 68 68 68 68 68 68 68 68 68
68 68 68 68 68 68 68 68 68 68 68 68 68 68 68 68 68
68 68 68 68 68 68 68 68 68 68 68 68 68 68 68 68 68
68 68 68 68 68 68 68 68 68 68 68 68 68 68 68 68 68
68 68 68 68 68 68 68 68 68 68 68 68 68 68 68 68 68
68 68 68 68 68 68 68 68 68 68 68 68 68 68 68 68 68
68 68 62 62 62 62 62 62 62 68 68 68 68 68 68 68 68
68 68 68 68 68 62 62 62 62 68 68 68 68 68 68 68 68
68 68 68 68 68 68 68 68 68 68 68 68 68 68 68 68 62
62 62 62 62 62 68 68 68 68 68 68 68 68 68 68 68 68
68 68 68 68 68 68 68 68 68 68 68 68 68 68 68 68 68
68 68 68 68 68 68 68 68 68 68 68 68 68 68 68 68 68
68 68 68 68 68 68 68 68 68 68 68 68 68 62 62 68 68
68 68 68 68 68 68 68 68 68 68 62 62 68 68 68 68 68
68 68 62 62 62 62 62 62 68 68 68 68 68 68 68 68 68
68 68 68 68 68 68 68 68 68 68 68 68 68 68 68 68 68
68 68 68 68 68 62 62 62 62 62 62 62 68 68 68 68 68
68 68 68 68 68 68 62 62 62 62 62 62 62 62 62 62 62
62 62 62 62 62 62 62 62 68 68 68 68 68 68 59 59 59
59 59 59 59 59 59 59 59 59 59 57 57 59 59 59 59 59
59 59 59 57 57 57 59 59 59 59 59 59 59 59 59 59 59
59 59 57 57 59 59 59 59 59 59 57 59 57 57 52 52 52
57 52 57 57 59 57 57 59 59 59 54 54 54 54 52 52 52
47 48 57 57 57 57 47 50 50 57 59 59 59 59 59 59 47
57 47 57 47 54 57 59 59 59 59 59 59 48 48 48 57 57
57 57 44 43 43 57 44 44 37 43 43 44 44 54 48 48 48
47 47 36 36 25 36 33 46 57 54 54 43 43 43 43 43 43
43 43 43 42 40 35 35 35 47 59 48 48 46 46 43 43 43
48 37 37 28 28 28 32 32 33 34 29 31 35 37 36 39 39
37 37 37 28 31 37 37 37 37 37 41 41 32 37 41 41 41
41 31 32 28 31 28 32 24 24 32 20 21 20 34 34 46 48
37 37 28 28 28 34 34 31 25 28 31 31 39 37 32 29 29
32 29 31 31 31 35 37 37 34 29 29 30 30 25 31 39 32
31 34 31 33 32 28 28 25 24 24 33 33 37 39 39 35 31
28 20

>R20_A70_Premixed TRIM QUALITY: 20
20 19 21 21 37 37 36 28 28 32 34 34 42 47 50 59 59
48 48 48 48 48 48 48 48 42 42 42 42 48 48 48 43 32
31 30 30 25 43 44 54 54 54 57 57 68 68 68 68 68 68
68 57 57 54 54 57 57 57 68 43 43 30 30 33 44 44 48
48 48 59 59 68 68 68 68 68 68 68 68 68 57 57 57 57
57 47 48 57 44 44 43 52 52 59 57 68 68 68 68 68 68
59 57 57 57 57 57 57 68 68 68 68 68 68 68 68 68 68
68 68 68 68 68 68 68 68 68 68 59 59 52 57 57 59 59
68 68 68 68 68 59 59 57 57 57 59 57 68 68 68 68 68
68 68 68 68 68 68 68 68 68 68 68 68 68 68 68 68 68
68 68 68 68 68 68 68 68 68 68 68 68 68 68 68 68 68
68 68 68 68 68 68 68 68 68 68 68 68 68 68 68 68 68
68 68 68 68 68 68 68 68 68 68 68 68 68 68 68 68 68
68 68 68 68 68 68 62 62 62 62 62 62 62 68 68 68 68
68 68 68 68 68 68 68 68 68 62 62 62 62 62 62 62 62
62 62 68 68 68 68 68 68 68 68 68 68 68 68 68 68 68
68 68 62 68 68 68 68 68 68 68 68 68 68 68 68 68 68
62 62 62 62 62 62 62 68 68 68 68 68 68 68 68 68 68
68 68 68 68 68 68 68 68 68 68 68 68 68 68 68 62 62
62 62 62 62 62 68 68 62 62 62 62 68 68 68 68 68 68
68 68 59 59 57 57 57 57 57 68 68 68 68 68 68 68 68
68 68 68 68 68 68 68 68 68 68 68 68 68 68 68 59 59
59 59 59 59 59 68 68 59 59 59 59 59 59 59 59 68 68
68 68 68 68 68 68 68 68 68 68 68 59 59 57 59 59 68
68 68 68 68 68 68 59 59 59 68 59 59 57 57 57 57 57
57 59 59 59 59 59 59 59 59 59 57 57 57 59 59 59 59
59 59 59 57 57 54 54 57 59 59 59 57 57 54 54 48 57
57 57 57 59 59 54 47 46 43 43 48 48 48 54 54 54 54
59 59 59 54 48 48 48 48 48 43 43 48 48 48 48 48 43
43 36 39 33 37 39 47 47 48 48 48 48 47 47 46 46 46
43 34 43 35 28 26 39 43 39 39 39 41 41 43 43 48 48
48 43 43 43 39 37 39 39 40 47 43 48 48 46 43 43 36
36 36 39 31 31 37 37 35 35 39 30 30 25 28 30 34 34
48 39 39 36 28 28 26 28 20 28 28 39 39 37 37 36 28
25 28 28 33 27 28 35 32 24 18 18 18 30 29 32 26 26
27 28 27 25 25 18 18 15 15 15 21 18 18 25 20 25 36
34 31 31 24 25 30 30 22 22 22 30 25 28 33 37 37 31
31 35 35 32 35 22 22 18 19 18 19 18 18 21 16 16 16
26 26 36 36 31 31 23 28 28 27 27 31 25 28 31 28 34
31 28 24 25 30 24 27 27 25 33 33 36 32 27 24 25 25
24 27 30 24 22 22 20 24 28 26 26 15 16 16 24 24 28
28 28 21 22

>R21_A70_Premixed TRIM QUALITY: 20
22 19 19 21 24 39 39 43 37 36 33 33 34 34 37 37 48
48 48 48 48 48 48 48 48 47 42 42 42 42 47 48 48 42
29 28 24 24 24 39 43 54 54 54 57 57 68 68 68 68 68
68 68 59 59 54 54 54 57 54 32 32 17 17 19 24 43 44
43 43 43 59 59 68 68 68 68 57 57 57 57 57 57 57 57
57 57 43 43 57 43 44 43 43 43 59 59 68 68 68 68 68
68 59 57 57 57 57 57 57 57 57 57 57 68 68 68 68 68
68 68 68 68 68 68 68 68 68 68 68 68 68 68 68 68 68
68 68 68 68 68 68 68 68 68 68 68 68 68 68 68 68 68
68 68 68 68 68 68 68 68 68 68 68 68 68 68 68 68 68
68 68 68 68 68 68 68 68 68 68 68 68 68 68 68 68 68
68 68 68 68 68 68 68 68 68 68 68 68 68 68 68 68 68
68 68 68 68 68 68 68 68 68 68 68 68 68 68 68 68 68
68 68 68 68 68 68 68 68 68 68 68 68 68 68 68 68 68
68 68 68 68 68 68 68 68 68 68 68 68 68 68 68 68 68
68 68 68 68 68 68 68 68 68 68 68 68 68 68 68 68 68
68 68 68 68 68 68 62 62 62 62 68 68 68 68 68 68 68
68 62 62 62 62 68 68 68 68 68 68 68 68 68 68 68 68
62 62 62 62 62 62 62 62 68 68 68 68 62 62 62 62 62
62 62 62 62 62 62 62 68 68 68 68 68 68 68 59 59 59
68 68 59 59 59 57 57 57 57 57 57 57 57 59 59 57 57
59 57 57 57 57 57 57 57 57 59 59 59 59 59 57 57 57
59 57 59 59 59 59 57 57 57 59 59 59 59 59 57 44 43
33 33 43 44 47 54 54 52 57 52 52 52 59 59 59 54 52
57 52 48 50 57 57 50 43 46 43 43 43 44 44 47 48 48
48 57 47 47 42 35 35 42 47 57 57 57 57 43 43 43 47
57 57 57 57 47 47 43 43 43 57 47 44 43 43 43 46 43
47 43 46 43 43 43 43 41 43 43 39 39 39 36 36 43 43
47 48 48 43 47 32 32 20 20 20 37 36 43 37 33 33 33
32 37 35 35 35 39 39 41 41 37 37 30 25 25 35 34 31
25 32 32 33 32 34 25 20 20 34 34 37 35 35 35 37 35
35 35 39 39 37 36 39 39 37 39 39 39 36 39 32 32 30
28 28 35 35 31 31 33 33 30 33 28 25 31 28 31 20 20
20 31 24 25 25 33 33 29 29 18 17 13 21

>R22_A70_Premixed TRIM QUALITY: 20
30 28 29 29 23 23 21 22 22 28 37 37 37 37 37 39 41
44 47 50 50 53 53 53 50 50 50 50 50 50 50 57 57 57
59 59 50 68 68 68 68 68 68 50 50 50 50 50 50 57 59
59 59 59 57 57 68 68 68 68 68 68 68 59 59 59 57 68
68 68 68 68 57 68 68 68 68 59 59 59 59 59 59 68 59
57 57 57 68 68 68 68 68 68 68 68 68 68 68 68 68 57
59 68 68 68 68 68 68 68 68 68 68 68 68 68 68 68 68
68 68 68 68 68 68 68 68 57 57 68 68 68 68 68 68 68
68 68 68 68 68 68 68 68 68 68 68 68 68 68 68 68 68
68 68 68 68 68 68 68 68 68 68 68 68 68 68 68 68 68
68 68 68 68 68 68 68 68 68 68 68 68 68 68 68 68 68
68 68 68 68 68 68 68 68 68 68 68 68 68 68 68 68 68
68 68 68 68 68 68 68 68 68 68 68 68 68 68 68 68 68
68 68 68 68 68 68 68 68 68 68 68 68 68 68 68 68 68
68 68 68 68 68 68 68 68 68 68 68 68 68 68 68 68 68
68 68 68 68 68 68 68 68 68 68 68 68 68 68 68 68 68
68 68 68 68 68 68 68 68 68 68 68 68 68 68 68 68 68
68 68 68 68 68 68 68 68 68 68 68 68 68 68 68 68 68
68 68 68 68 68 68 68 68 68 68 68 68 68 68 68 68 68
68 68 68 68 68 68 68 68 68 68 68 62 62 62 62 62 62
62 68 68 68 62 62 62 62 62 68 62 62 62 62 62 62 62
62 62 62 62 62 62 68 62 62 62 62 62 62 68 68 68 68
68 68 68 62 62 62 62 62 62 62 68 68 68 68 68 68 68
68 68 68 68 68 68 62 62 62 62 62 62 62 62 62 62 68
68 68 68 68 68 68 68 68 68 68 68 68 68 68 68 68 62
68 62 62 62 62 62 62 62 62 62 68 68 68 68 62 62 62
62 62 62 62 62 62 62 62 62 62 62 62 62 62 62 62 62
62 62 62 62 62 62 62 62 62 62 59 59 59 59 57 57 57
59 59 59 57 57 59 59 59 68 68 68 59 59 59 59 59 59
59 57 57 57 57 57 57 57 57 59 59 59 59 57 59 59 59
59 68 68 59 59 59 59 59 59 59 59 59 57 57 57 57 57
57 59 59 57 57 57 57 57 57 57 57 57 59 59 59 57 57
57 59 59 59 59 59 59 59 59 59 54 57 57 57 59 57 57
57 57 57 57 57 59 59 59 59 54 54 57 57 48 54 54 57
57 57 59 54 54 47 59 47 48 48 57 57 57 57 59 57 57
48 48 48 48 48 57 54 54 48 48 43 43 43 47 43 47 47
48 48 42 42 43 36 36 39 39 39 48 48 48 48 57 57 57
48 43 43 39 47 47 59 47 47 47 41 41 37 31 39 32 35
28 30 25 37 37 37 39 41 47 39 43 40 39 37 36 26 30
23 18 22 34 34 34 36 32 35 35 39 39 37 37 37 29 29
37 37 31 37 32 36 43 43 41 37 31 29 29 26 26 32 34
29 25 31 31 30 30 37 27 27 24 24 22 26 23 21 14 19
11 11 11 13 17 20 28 28 36 39 37 41 35 31 26 27 20
17 17 17 18 25 22 18 18 18 26 21 14 14 14 17 13 16
16 15 14 22 19 19 17 24 19 22 25 25 31 35 23 23 18
16 16 22 18 15 16 18 32 37 37 39 41 41 39 37 37 41
41 37 31 21 21 18 18 17 26 21 23

