6.95783E-08	6	-100	0	0	0	0
6.95783E-08	6	-94.871795	0	2.564103	0	0.153846
6.95783E-08	6	-89.74359	0	5.128205	0	0.307692
1.39157E-07	6	-84.615385	0	7.692308	0	0.461538
2.08735E-07	6	-79.487179	0	10.25641	0	0.615385
2.78313E-07	6	-74.358974	0	12.820513	0	0.769231
3.47892E-07	6	-69.230769	0	15.384615	0	0.923077
5.56626E-07	6	-64.102564	0	17.948718	0	1.076923
9.04518E-07	6	-58.974359	0	20.512821	0	1.230769
1.32199E-06	6	-53.846154	0	23.076923	0	1.384615
1.73946E-06	6	-48.717949	0	25.641026	0	1.538462
2.01777E-06	6	-43.589744	0	28.205128	0	1.692308
2.15693E-06	6	-38.461538	0	30.769231	0	1.846154
2.08735E-06	6	-33.333333	0	33.333333	0	2
1.80904E-06	6	-28.205128	0	35.897436	0	2.153846
1.53072E-06	6	-23.076923	0	38.461538	0	2.307692
1.18283E-06	6	-17.948718	0	41.025641	0	2.461538
9.04518E-07	6	-12.820513	0	43.589744	0	2.615385
7.65361E-07	6	-7.692308	0	46.153846	0	2.769231
6.95783E-07	6	-2.564103	0	48.717949	0	2.923077
6.26205E-07	6	2.564103	0	51.282051	0	3.076923
4.87048E-07	6	7.692308	0	53.846154	0	3.230769
4.1747E-07	6	12.820513	0	56.410256	0	3.384615
3.47892E-07	6	17.948718	0	58.974359	0	3.538462
2.78313E-07	6	23.076923	0	61.538462	0	3.692308
2.08735E-07	6	28.205128	0	64.102564	0	3.846154
2.08735E-07	6	33.333333	0	66.666667	0	4
2.08735E-07	6	38.461538	0	69.230769	0	4.153846
3.47892E-07	6	43.589744	0	71.794872	0	4.307692
4.87048E-07	6	48.717949	0	74.358974	0	4.461538
6.26205E-07	6	53.846154	0	76.923077	0	4.615385
8.3494E-07	6	58.974359	0	79.487179	0	4.769231
9.04518E-07	6	64.102564	0	82.051282	0	4.923077
9.04518E-07	6	69.230769	0	84.615385	0	5.076923
7.65361E-07	6	74.358974	0	87.179487	0	5.230769
5.56626E-07	6	79.487179	0	89.74359	0	5.384615
3.47892E-07	6	84.615385	0	92.307692	0	5.538462
2.08735E-07	6	89.74359	0	94.871795	0	5.692308
1.39157E-07	6	94.871795	0	97.435897	0	5.846154
6.95783E-08	6	100	0	100	0	6
3.47892E-07	6.26087	-100	4.347826	0	0.26087	0
5.56626E-07	6.26087	-94.871795	4.347826	2.564103	0.26087	0.153846
9.04518E-07	6.26087	-89.74359	4.347826	5.128205	0.26087	0.307692
1.18283E-06	6.26087	-84.615385	4.347826	7.692308	0.26087	0.461538
1.53072E-06	6.26087	-79.487179	4.347826	10.25641	0.26087	0.615385
1.94819E-06	6.26087	-74.358974	4.347826	12.820513	0.26087	0.769231
2.71355E-06	6.26087	-69.230769	4.347826	15.384615	0.26087	0.923077
3.96596E-06	6.26087	-64.102564	4.347826	17.948718	0.26087	1.076923
5.91416E-06	6.26087	-58.974359	4.347826	20.512821	0.26087	1.230769
8.48855E-06	6.26087	-53.846154	4.347826	23.076923	0.26087	1.384615
1.12717E-05	6.26087	-48.717949	4.347826	25.641026	0.26087	1.538462
1.36373E-05	6.26087	-43.589744	4.347826	28.205128	0.26087	1.692308
1.48898E-05	6.26087	-38.461538	4.347826	30.769231	0.26087	1.846154
1.4681E-05	6.26087	-33.333333	4.347826	33.333333	0.26087	2
1.30807E-05	6.26087	-28.205128	4.347826	35.897436	0.26087	2.153846
1.07151E-05	6.26087	-23.076923	4.347826	38.461538	0.26087	2.307692
8.21024E-06	6.26087	-17.948718	4.347826	41.025641	0.26087	2.461538
6.19247E-06	6.26087	-12.820513	4.347826	43.589744	0.26087	2.615385
4.66175E-06	6.26087	-7.692308	4.347826	46.153846	0.26087	2.769231
3.75723E-06	6.26087	-2.564103	4.347826	48.717949	0.26087	2.923077
3.13102E-06	6.26087	2.564103	4.347826	51.282051	0.26087	3.076923
2.64398E-06	6.26087	7.692308	4.347826	53.846154	0.26087	3.230769
2.22651E-06	6.26087	12.820513	4.347826	56.410256	0.26087	3.384615
1.80904E-06	6.26087	17.948718	4.347826	58.974359	0.26087	3.538462
1.46114E-06	6.26087	23.076923	4.347826	61.538462	0.26087	3.692308
1.18283E-06	6.26087	28.205128	4.347826	64.102564	0.26087	3.846154
1.11325E-06	6.26087	33.333333	4.347826	66.666667	0.26087	4
1.32199E-06	6.26087	38.461538	4.347826	69.230769	0.26087	4.153846
1.94819E-06	6.26087	43.589744	4.347826	71.794872	0.26087	4.307692
2.92229E-06	6.26087	48.717949	4.347826	74.358974	0.26087	4.461538
4.1747E-06	6.26087	53.846154	4.347826	76.923077	0.26087	4.615385
5.28795E-06	6.26087	58.974359	4.347826	79.487179	0.26087	4.769231
6.05331E-06	6.26087	64.102564	4.347826	82.051282	0.26087	4.923077
6.05331E-06	6.26087	69.230769	4.347826	84.615385	0.26087	5.076923
5.35753E-06	6.26087	74.358974	4.347826	87.179487	0.26087	5.230769
4.10512E-06	6.26087	79.487179	4.347826	89.74359	0.26087	5.384615
2.85271E-06	6.26087	84.615385	4.347826	92.307692	0.26087	5.538462
1.66988E-06	6.26087	89.74359	4.347826	94.871795	0.26087	5.692308
9.04518E-07	6.26087	94.871795	4.347826	97.435897	0.26087	5.846154
4.1747E-07	6.26087	100	4.347826	100	0.26087	6
2.08735E-06	6.521739	-100	8.695652	0	0.521739	0
3.54849E-06	6.521739	-94.871795	8.695652	2.564103	0.521739	0.153846
5.42711E-06	6.521739	-89.74359	8.695652	5.128205	0.521739	0.307692
7.51446E-06	6.521739	-84.615385	8.695652	7.692308	0.521739	0.461538
9.60181E-06	6.521739	-79.487179	8.695652	10.25641	0.521739	0.615385
1.18979E-05	6.521739	-74.358974	8.695652	12.820513	0.521739	0.769231
1.51681E-05	6.521739	-69.230769	8.695652	15.384615	0.521739	0.923077
2.05952E-05	6.521739	-64.102564	8.695652	17.948718	0.521739	1.076923
2.92925E-05	6.521739	-58.974359	8.695652	20.512821	0.521739	1.230769
4.13295E-05	6.521739	-53.846154	8.695652	23.076923	0.521739	1.384615
5.53843E-05	6.521739	-48.717949	8.695652	25.641026	0.521739	1.538462
6.82563E-05	6.521739	-43.589744	8.695652	28.205128	0.521739	1.692308
7.64666E-05	6.521739	-38.461538	8.695652	30.769231	0.521739	1.846154
7.74407E-05	6.521739	-33.333333	8.695652	33.333333	0.521739	2
7.10394E-05	6.521739	-28.205128	8.695652	35.897436	0.521739	2.153846
5.92807E-05	6.521739	-23.076923	8.695652	38.461538	0.521739	2.307692
4.56434E-05	6.521739	-17.948718	8.695652	41.025641	0.521739	2.461538
3.31193E-05	6.521739	-12.820513	8.695652	43.589744	0.521739	2.615385
2.3587E-05	6.521739	-7.692308	8.695652	46.153846	0.521739	2.769231
1.72554E-05	6.521739	-2.564103	8.695652	48.717949	0.521739	2.923077
1.32895E-05	6.521739	2.564103	8.695652	51.282051	0.521739	3.076923
1.07846E-05	6.521739	7.692308	8.695652	53.846154	0.521739	3.230769
8.9756E-06	6.521739	12.820513	8.695652	56.410256	0.521739	3.384615
7.44488E-06	6.521739	17.948718	8.695652	58.974359	0.521739	3.538462
6.12289E-06	6.521739	23.076923	8.695652	61.538462	0.521739	3.692308
5.21837E-06	6.521739	28.205128	8.695652	64.102564	0.521739	3.846154
4.87048E-06	6.521739	33.333333	8.695652	66.666667	0.521739	4
5.70542E-06	6.521739	38.461538	8.695652	69.230769	0.521739	4.153846
8.21024E-06	6.521739	43.589744	8.695652	71.794872	0.521739	4.307692
1.25241E-05	6.521739	48.717949	8.695652	74.358974	0.521739	4.461538
1.82295E-05	6.521739	53.846154	8.695652	76.923077	0.521739	4.615385
2.39349E-05	6.521739	58.974359	8.695652	79.487179	0.521739	4.769231
2.79705E-05	6.521739	64.102564	8.695652	82.051282	0.521739	4.923077
2.8875E-05	6.521739	69.230769	8.695652	84.615385	0.521739	5.076923
2.6231E-05	6.521739	74.358974	8.695652	87.179487	0.521739	5.230769
2.10126E-05	6.521739	79.487179	8.695652	89.74359	0.521739	5.384615
1.48202E-05	6.521739	84.615385	8.695652	92.307692	0.521739	5.538462
9.18434E-06	6.521739	89.74359	8.695652	94.871795	0.521739	5.692308
5.00964E-06	6.521739	94.871795	8.695652	97.435897	0.521739	5.846154
2.43524E-06	6.521739	100	8.695652	100	0.521739	6
8.62771E-06	6.782609	-100	13.043478	0	0.782609	0
1.53768E-05	6.782609	-94.871795	13.043478	2.564103	0.782609	0.153846
2.4422E-05	6.782609	-89.74359	13.043478	5.128205	0.782609	0.307692
3.47892E-05	6.782609	-84.615385	13.043478	7.692308	0.782609	0.461538
4.52955E-05	6.782609	-79.487179	13.043478	10.25641	0.782609	0.615385
5.55235E-05	6.782609	-74.358974	13.043478	12.820513	0.782609	0.769231
6.72126E-05	6.782609	-69.230769	13.043478	15.384615	0.782609	0.923077
8.46072E-05	6.782609	-64.102564	13.043478	17.948718	0.782609	1.076923
0.000112578	6.782609	-58.974359	13.043478	20.512821	0.782609	1.230769
0.000153559	6.782609	-53.846154	13.043478	23.076923	0.782609	1.384615
0.000204351	6.782609	-48.717949	13.043478	25.641026	0.782609	1.538462
0.000255144	6.782609	-43.589744	13.043478	28.205128	0.782609	1.692308
0.000292577	6.782609	-38.461538	13.043478	30.769231	0.782609	1.846154
0.000305101	6.782609	-33.333333	13.043478	33.333333	0.782609	2
0.000288611	6.782609	-28.205128	13.043478	35.897436	0.782609	2.153846
0.000247908	6.782609	-23.076923	13.043478	38.461538	0.782609	2.307692
0.000194611	6.782609	-17.948718	13.043478	41.025641	0.782609	2.461538
0.000141453	6.782609	-12.820513	13.043478	43.589744	0.782609	2.615385
9.76184E-05	6.782609	-7.692308	13.043478	46.153846	0.782609	2.769231
6.65864E-05	6.782609	-2.564103	13.043478	48.717949	0.782609	2.923077
4.71045E-05	6.782609	2.564103	13.043478	51.282051	0.782609	3.076923
3.56241E-05	6.782609	7.692308	13.043478	53.846154	0.782609	3.230769
2.86663E-05	6.782609	12.820513	13.043478	56.410256	0.782609	3.384615
2.37958E-05	6.782609	17.948718	13.043478	58.974359	0.782609	3.538462
1.9969E-05	6.782609	23.076923	13.043478	61.538462	0.782609	3.692308
1.71163E-05	6.782609	28.205128	13.043478	64.102564	0.782609	3.846154
1.59334E-05	6.782609	33.333333	13.043478	66.666667	0.782609	4
1.79512E-05	6.782609	38.461538	13.043478	69.230769	0.782609	4.153846
2.47699E-05	6.782609	43.589744	13.043478	71.794872	0.782609	4.307692
3.75723E-05	6.782609	48.717949	13.043478	74.358974	0.782609	4.461538
5.53148E-05	6.782609	53.846154	13.043478	76.923077	0.782609	4.615385
7.45184E-05	6.782609	58.974359	13.043478	79.487179	0.782609	4.769231
8.95473E-05	6.782609	64.102564	13.043478	82.051282	0.782609	4.923077
9.52527E-05	6.782609	69.230769	13.043478	84.615385	0.782609	5.076923
8.9269E-05	6.782609	74.358974	13.043478	87.179487	0.782609	5.230769
7.36834E-05	6.782609	79.487179	13.043478	89.74359	0.782609	5.384615
5.35057E-05	6.782609	84.615385	13.043478	92.307692	0.782609	5.538462
3.42325E-05	6.782609	89.74359	13.043478	94.871795	0.782609	5.692308
1.92732E-05	6.782609	94.871795	13.043478	97.435897	0.782609	5.846154
9.53223E-06	6.782609	100	13.043478	100	0.782609	6
2.58136E-05	7.043478	-100	17.391304	0	1.043478	0
4.78699E-05	7.043478	-94.871795	17.391304	2.564103	1.043478	0.153846
7.91105E-05	7.043478	-89.74359	17.391304	5.128205	1.043478	0.307692
0.000116892	7.043478	-84.615385	17.391304	7.692308	1.043478	0.461538
0.000156412	7.043478	-79.487179	17.391304	10.25641	1.043478	0.615385
0.000193289	7.043478	-74.358974	17.391304	12.820513	1.043478	0.769231
0.000228773	7.043478	-69.230769	17.391304	15.384615	1.043478	0.923077
0.000272329	7.043478	-64.102564	17.391304	17.948718	1.043478	1.076923
0.000338846	7.043478	-58.974359	17.391304	20.512821	1.043478	1.230769
0.000439874	7.043478	-53.846154	17.391304	23.076923	1.043478	1.384615
0.000573117	7.043478	-48.717949	17.391304	25.641026	1.043478	1.538462
0.000717422	7.043478	-43.589744	17.391304	28.205128	1.043478	1.692308
0.000837097	7.043478	-38.461538	17.391304	30.769231	1.043478	1.846154
0.000896099	7.043478	-33.333333	17.391304	33.333333	1.043478	2
0.000873904	7.043478	-28.205128	17.391304	35.897436	1.043478	2.153846
0.000774894	7.043478	-23.076923	17.391304	38.461538	1.043478	2.307692
0.000625926	7.043478	-17.948718	17.391304	41.025641	1.043478	2.461538
0.000463739	7.043478	-12.820513	17.391304	43.589744	1.043478	2.615385
0.00032013	7.043478	-7.692308	17.391304	46.153846	1.043478	2.769231
0.000212144	7.043478	-2.564103	17.391304	48.717949	1.043478	2.923077
0.000141522	7.043478	2.564103	17.391304	51.282051	1.043478	3.076923
9.99144E-05	7.043478	7.692308	17.391304	53.846154	1.043478	3.230769
7.65361E-05	7.043478	12.820513	17.391304	56.410256	1.043478	3.384615
6.23422E-05	7.043478	17.948718	17.391304	58.974359	1.043478	3.538462
5.23229E-05	7.043478	23.076923	17.391304	61.538462	1.043478	3.692308
4.46693E-05	7.043478	28.205128	17.391304	64.102564	1.043478	3.846154
4.03554E-05	7.043478	33.333333	17.391304	66.666667	1.043478	4
4.23036E-05	7.043478	38.461538	17.391304	69.230769	1.043478	4.153846
5.43407E-05	7.043478	43.589744	17.391304	71.794872	1.043478	4.307692
7.9528E-05	7.043478	48.717949	17.391304	74.358974	1.043478	4.461538
0.000117239	7.043478	53.846154	17.391304	76.923077	1.043478	4.615385
0.000160795	7.043478	58.974359	17.391304	79.487179	1.043478	4.769231
0.000198229	7.043478	64.102564	17.391304	82.051282	1.043478	4.923077
0.000216806	7.043478	69.230769	17.391304	84.615385	1.043478	5.076923
0.000209361	7.043478	74.358974	17.391304	87.179487	1.043478	5.230769
0.00017812	7.043478	79.487179	17.391304	89.74359	1.043478	5.384615
0.000133451	7.043478	84.615385	17.391304	92.307692	1.043478	5.538462
8.80166E-05	7.043478	89.74359	17.391304	94.871795	1.043478	5.692308
5.10705E-05	7.043478	94.871795	17.391304	97.435897	1.043478	5.846154
2.60919E-05	7.043478	100	17.391304	100	1.043478	6
5.53148E-05	7.304348	-100	21.73913	0	1.304348	0
0.000107081	7.304348	-94.871795	21.73913	2.564103	1.304348	0.153846
0.000184313	7.304348	-89.74359	21.73913	5.128205	1.304348	0.307692
0.000283323	7.304348	-84.615385	21.73913	7.692308	1.304348	0.461538
0.000391726	7.304348	-79.487179	21.73913	10.25641	1.304348	0.615385
0.000494493	7.304348	-74.358974	21.73913	12.820513	1.304348	0.769231
0.000584806	7.304348	-69.230769	21.73913	15.384615	1.304348	0.923077
0.000675049	7.304348	-64.102564	21.73913	17.948718	1.304348	1.076923
0.000795558	7.304348	-58.974359	21.73913	20.512821	1.304348	1.230769
0.000978549	7.304348	-53.846154	21.73913	23.076923	1.304348	1.384615
0.001234041	7.304348	-48.717949	21.73913	25.641026	1.304348	1.538462
0.001531975	7.304348	-43.589744	21.73913	28.205128	1.304348	1.692308
0.00180507	7.304348	-38.461538	21.73913	30.769231	1.304348	1.846154
0.001973241	7.304348	-33.333333	21.73913	33.333333	1.304348	2
0.001978111	7.304348	-28.205128	21.73913	35.897436	1.304348	2.153846
0.001809384	7.304348	-23.076923	21.73913	38.461538	1.304348	2.307692
0.001508945	7.304348	-17.948718	21.73913	41.025641	1.304348	2.461538
0.001151243	7.304348	-12.820513	21.73913	43.589744	1.304348	2.615385
0.000812048	7.304348	-7.692308	21.73913	46.153846	1.304348	2.769231
0.000541806	7.304348	-2.564103	21.73913	48.717949	1.304348	2.923077
0.000356241	7.304348	2.564103	21.73913	51.282051	1.304348	3.076923
0.000243524	7.304348	7.692308	21.73913	53.846154	1.304348	3.230769
0.000179999	7.304348	12.820513	21.73913	56.410256	1.304348	3.384615
0.000143123	7.304348	17.948718	21.73913	58.974359	1.304348	3.538462
0.000118353	7.304348	23.076923	21.73913	61.538462	1.304348	3.692308
9.92187E-05	7.304348	28.205128	21.73913	64.102564	1.304348	3.846154
8.55117E-05	7.304348	33.333333	21.73913	66.666667	1.304348	4
8.09891E-05	7.304348	38.461538	21.73913	69.230769	1.304348	4.153846
9.17738E-05	7.304348	43.589744	21.73913	71.794872	1.304348	4.307692
0.000123223	7.304348	48.717949	21.73913	74.358974	1.304348	4.461538
0.000176033	7.304348	53.846154	21.73913	76.923077	1.304348	4.615385
0.000242133	7.304348	58.974359	21.73913	79.487179	1.304348	4.769231
0.000304127	7.304348	64.102564	21.73913	82.051282	1.304348	4.923077
0.000341282	7.304348	69.230769	21.73913	84.615385	1.304348	5.076923
0.000339125	7.304348	74.358974	21.73913	87.179487	1.304348	5.230769
0.000297239	7.304348	79.487179	21.73913	89.74359	1.304348	5.384615
0.000229469	7.304348	84.615385	21.73913	92.307692	1.304348	5.538462
0.000155995	7.304348	89.74359	21.73913	94.871795	1.304348	5.692308
9.33741E-05	7.304348	94.871795	21.73913	97.435897	1.304348	5.846154
4.91223E-05	7.304348	100	21.73913	100	1.304348	6
8.51638E-05	7.565217	-100	26.086957	0	1.565217	0
0.000171789	7.565217	-94.871795	26.086957	2.564103	1.565217	0.153846
0.000307954	7.565217	-89.74359	26.086957	5.128205	1.565217	0.307692
0.000492406	7.565217	-84.615385	26.086957	7.692308	1.565217	0.461538
0.000706011	7.565217	-79.487179	26.086957	10.25641	1.565217	0.615385
0.000917181	7.565217	-74.358974	26.086957	12.820513	1.565217	0.769231
0.001100659	7.565217	-69.230769	26.086957	15.384615	1.565217	0.923077
0.001260759	7.565217	-64.102564	26.086957	17.948718	1.565217	1.076923
0.001439019	7.565217	-58.974359	26.086957	20.512821	1.565217	1.230769
0.001695136	7.565217	-53.846154	26.086957	23.076923	1.565217	1.384615
0.002065919	7.565217	-48.717949	26.086957	25.641026	1.565217	1.538462
0.002528058	7.565217	-43.589744	26.086957	28.205128	1.565217	1.692308
0.002989432	7.565217	-38.461538	26.086957	30.769231	1.565217	1.846154
0.003320485	7.565217	-33.333333	26.086957	33.333333	1.565217	2
0.003408572	7.565217	-28.205128	26.086957	35.897436	1.565217	2.153846
0.003208464	7.565217	-23.076923	26.086957	38.461538	1.565217	2.307692
0.002762398	7.565217	-17.948718	26.086957	41.025641	1.565217	2.461538
0.002180306	7.565217	-12.820513	26.086957	43.589744	1.565217	2.615385
0.001591812	7.565217	-7.692308	26.086957	46.153846	1.565217	2.769231
0.001097319	7.565217	-2.564103	26.086957	48.717949	1.565217	2.923077
0.000741357	7.565217	2.564103	26.086957	51.282051	1.565217	3.076923
0.000515645	7.565217	7.692308	26.086957	53.846154	1.565217	3.230769
0.000382959	7.565217	12.820513	26.086957	56.410256	1.565217	3.384615
0.000302805	7.565217	17.948718	26.086957	58.974359	1.565217	3.538462
0.000246725	7.565217	23.076923	26.086957	61.538462	1.565217	3.692308
0.000201499	7.565217	28.205128	26.086957	64.102564	1.565217	3.846154
0.000164901	7.565217	33.333333	26.086957	66.666667	1.565217	4
0.000140618	7.565217	38.461538	26.086957	69.230769	1.565217	4.153846
0.000134634	7.565217	43.589744	26.086957	71.794872	1.565217	4.307692
0.000153003	7.565217	48.717949	26.086957	74.358974	1.565217	4.461538
0.000197533	7.565217	53.846154	26.086957	76.923077	1.565217	4.615385
0.000261684	7.565217	58.974359	26.086957	79.487179	1.565217	4.769231
0.00032827	7.565217	64.102564	26.086957	82.051282	1.565217	4.923077
0.000374262	7.565217	69.230769	26.086957	84.615385	1.565217	5.076923
0.000380732	7.565217	74.358974	26.086957	87.179487	1.565217	5.230769
0.000342951	7.565217	79.487179	26.086957	89.74359	1.565217	5.384615
0.000272608	7.565217	84.615385	26.086957	92.307692	1.565217	5.538462
0.000190923	7.565217	89.74359	26.086957	94.871795	1.565217	5.692308
0.000117726	7.565217	94.871795	26.086957	97.435897	1.565217	5.846154
6.39425E-05	7.565217	100	26.086957	100	1.565217	6
9.40699E-05	7.826087	-100	30.434783	0	1.826087	0
0.000197463	7.826087	-94.871795	30.434783	2.564103	1.826087	0.153846
0.000368348	7.826087	-89.74359	30.434783	5.128205	1.826087	0.307692
0.000612498	7.826087	-84.615385	30.434783	7.692308	1.826087	0.461538
0.000911685	7.826087	-79.487179	30.434783	10.25641	1.826087	0.615385
0.001224509	7.826087	-74.358974	30.434783	12.820513	1.826087	0.769231
0.001507553	7.826087	-69.230769	30.434783	15.384615	1.826087	0.923077
0.001747877	7.826087	-64.102564	30.434783	17.948718	1.826087	1.076923
0.001984304	7.826087	-58.974359	30.434783	20.512821	1.826087	1.230769
0.002293788	7.826087	-53.846154	30.434783	23.076923	1.826087	1.384615
0.002742359	7.826087	-48.717949	30.434783	25.641026	1.826087	1.538462
0.003327652	7.826087	-43.589744	30.434783	28.205128	1.826087	1.692308
0.003953439	7.826087	-38.461538	30.434783	30.769231	1.826087	1.846154
0.004456282	7.826087	-33.333333	30.434783	33.333333	1.826087	2
0.004673227	7.826087	-28.205128	30.434783	35.897436	1.826087	2.153846
0.004515215	7.826087	-23.076923	30.434783	38.461538	1.826087	2.307692
0.00400771	7.826087	-17.948718	30.434783	41.025641	1.826087	2.461538
0.003277556	7.826087	-12.820513	30.434783	43.589744	1.826087	2.615385
0.002496539	7.826087	-7.692308	30.434783	46.153846	1.826087	2.769231
0.001811541	7.826087	-2.564103	30.434783	48.717949	1.826087	2.923077
0.001298749	7.826087	2.564103	30.434783	51.282051	1.826087	3.076923
0.000958372	7.826087	7.692308	30.434783	53.846154	1.826087	3.230769
0.000743862	7.826087	12.820513	30.434783	56.410256	1.826087	3.384615
0.000599695	7.826087	17.948718	30.434783	58.974359	1.826087	3.538462
0.000486979	7.826087	23.076923	30.434783	61.538462	1.826087	3.692308
0.000389639	7.826087	28.205128	30.434783	64.102564	1.826087	3.846154
0.000306632	7.826087	33.333333	30.434783	66.666667	1.826087	4
0.00024248	7.826087	38.461538	30.434783	69.230769	1.826087	4.153846
0.000201499	7.826087	43.589744	30.434783	71.794872	1.826087	4.307692
0.000186192	7.826087	48.717949	30.434783	74.358974	1.826087	4.461538
0.00019635	7.826087	53.846154	30.434783	76.923077	1.826087	4.615385
0.000226964	7.826087	58.974359	30.434783	79.487179	1.826087	4.769231
0.000266137	7.826087	64.102564	30.434783	82.051282	1.826087	4.923077
0.000296751	7.826087	69.230769	30.434783	84.615385	1.826087	5.076923
0.000302735	7.826087	74.358974	30.434783	87.179487	1.826087	5.230769
0.000277061	7.826087	79.487179	30.434783	89.74359	1.826087	5.384615
0.000225295	7.826087	84.615385	30.434783	92.307692	1.826087	5.538462
0.000161978	7.826087	89.74359	30.434783	94.871795	1.826087	5.692308
0.000102767	7.826087	94.871795	30.434783	97.435897	1.826087	5.846154
5.74717E-05	7.826087	100	30.434783	100	1.826087	6
7.52141E-05	8.086957	-100	34.782609	0	2.086957	0
0.000163857	8.086957	-94.871795	34.782609	2.564103	2.086957	0.153846
0.000317486	8.086957	-89.74359	34.782609	5.128205	2.086957	0.307692
0.000548486	8.086957	-84.615385	34.782609	7.692308	2.086957	0.461538
0.00084802	8.086957	-79.487179	34.782609	10.25641	2.086957	0.615385
0.001182622	8.086957	-74.358974	34.782609	12.820513	2.086957	0.769231
0.001508945	8.086957	-69.230769	34.782609	15.384615	2.086957	0.923077
0.001806044	8.086957	-64.102564	34.782609	17.948718	2.086957	1.076923
0.002103283	8.086957	-58.974359	34.782609	20.512821	2.086957	1.230769
0.002476361	8.086957	-53.846154	34.782609	23.076923	2.086957	1.384615
0.003002582	8.086957	-48.717949	34.782609	25.641026	2.086957	1.538462
0.00369593	8.086957	-43.589744	34.782609	28.205128	2.086957	1.692308
0.004466162	8.086957	-38.461538	34.782609	30.769231	2.086957	1.846154
0.005134601	8.086957	-33.333333	34.782609	33.333333	2.086957	2
0.005504061	8.086957	-28.205128	34.782609	35.897436	2.086957	2.153846
0.005449234	8.086957	-23.076923	34.782609	38.461538	2.086957	2.307692
0.004975127	8.086957	-17.948718	34.782609	41.025641	2.086957	2.461538
0.004214149	8.086957	-12.820513	34.782609	43.589744	2.086957	2.615385
0.003362998	8.086957	-7.692308	34.782609	46.153846	2.086957	2.769231
0.00259708	8.086957	-2.564103	34.782609	48.717949	2.086957	2.923077
0.002009561	8.086957	2.564103	34.782609	51.282051	2.086957	3.076923
0.001601345	8.086957	7.692308	34.782609	53.846154	2.086957	3.230769
0.0013167	8.086957	12.820513	34.782609	56.410256	2.086957	3.384615
0.001092171	8.086957	17.948718	34.782609	58.974359	2.086957	3.538462
0.000889907	8.086957	23.076923	34.782609	61.538462	2.086957	3.692308
0.000703019	8.086957	28.205128	34.782609	64.102564	2.086957	3.846154
0.00054125	8.086957	33.333333	34.782609	66.666667	2.086957	4
0.000414895	8.086957	38.461538	34.782609	69.230769	2.086957	4.153846
0.000325905	8.086957	43.589744	34.782609	71.794872	2.086957	4.307692
0.000269198	8.086957	48.717949	34.782609	74.358974	2.086957	4.461538
0.000236636	8.086957	53.846154	34.782609	76.923077	2.086957	4.615385
0.000220563	8.086957	58.974359	34.782609	79.487179	2.086957	4.769231
0.000213258	8.086957	64.102564	34.782609	82.051282	2.086957	4.923077
0.000206926	8.086957	69.230769	34.782609	84.615385	2.086957	5.076923
0.000194054	8.086957	74.358974	34.782609	87.179487	2.086957	5.230769
0.000170189	8.086957	79.487179	34.782609	89.74359	2.086957	5.384615
0.000136373	8.086957	84.615385	34.782609	92.307692	2.086957	5.538462
9.83837E-05	8.086957	89.74359	34.782609	94.871795	2.086957	5.692308
6.33163E-05	8.086957	94.871795	34.782609	97.435897	2.086957	5.846154
3.61111E-05	8.086957	100	34.782609	100	2.086957	6
4.52955E-05	8.347826	-100	39.130435	0	2.347826	0
0.000101793	8.347826	-94.871795	39.130435	2.564103	2.347826	0.153846
0.000204073	8.347826	-89.74359	39.130435	5.128205	2.347826	0.307692
0.000365843	8.347826	-84.615385	39.130435	7.692308	2.347826	0.461538
0.00058898	8.347826	-79.487179	39.130435	10.25641	2.347826	0.615385
0.000859362	8.347826	-74.358974	39.130435	12.820513	2.347826	0.769231
0.00115493	8.347826	-69.230769	39.130435	15.384615	2.347826	0.923077
0.001467894	8.347826	-64.102564	39.130435	17.948718	2.347826	1.076923
0.001827126	8.347826	-58.974359	39.130435	20.512821	2.347826	1.230769
0.002298311	8.347826	-53.846154	39.130435	23.076923	2.347826	1.384615
0.002947685	8.347826	-48.717949	39.130435	25.641026	2.347826	1.538462
0.003783807	8.347826	-43.589744	39.130435	28.205128	2.347826	1.692308
0.004712469	8.347826	-38.461538	39.130435	30.769231	2.347826	1.846154
0.005544904	8.347826	-33.333333	39.130435	33.333333	2.347826	2
0.006065558	8.347826	-28.205128	39.130435	35.897436	2.347826	2.153846
0.006129014	8.347826	-23.076923	39.130435	38.461538	2.347826	2.307692
0.005731304	8.347826	-17.948718	39.130435	41.025641	2.347826	2.461538
0.005012004	8.347826	-12.820513	39.130435	43.589744	2.347826	2.615385
0.004184439	8.347826	-7.692308	39.130435	46.153846	2.347826	2.769231
0.003435707	8.347826	-2.564103	39.130435	48.717949	2.347826	2.923077
0.002855772	8.347826	2.564103	39.130435	51.282051	2.347826	3.076923
0.00243044	8.347826	7.692308	39.130435	53.846154	2.347826	3.230769
0.002089228	8.347826	12.820513	39.130435	56.410256	2.347826	3.384615
0.001766941	8.347826	17.948718	39.130435	58.974359	2.347826	3.538462
0.001440688	8.347826	23.076923	39.130435	61.538462	2.347826	3.692308
0.001127725	8.347826	28.205128	39.130435	64.102564	2.347826	3.846154
0.000859918	8.347826	33.333333	39.130435	66.666667	2.347826	4
0.000658489	8.347826	38.461538	39.130435	69.230769	2.347826	4.153846
0.000523298	8.347826	43.589744	39.130435	71.794872	2.347826	4.307692
0.000437439	8.347826	48.717949	39.130435	74.358974	2.347826	4.461538
0.000378228	8.347826	53.846154	39.130435	76.923077	2.347826	4.615385
0.000327296	8.347826	58.974359	39.130435	79.487179	2.347826	4.769231
0.000275461	8.347826	64.102564	39.130435	82.051282	2.347826	4.923077
0.000221885	8.347826	69.230769	39.130435	84.615385	2.347826	5.076923
0.00016991	8.347826	74.358974	39.130435	87.179487	2.347826	5.230769
0.000123432	8.347826	79.487179	39.130435	89.74359	2.347826	5.384615
8.47464E-05	8.347826	84.615385	39.130435	92.307692	2.347826	5.538462
5.45494E-05	8.347826	89.74359	39.130435	94.871795	2.347826	5.692308
3.25626E-05	8.347826	94.871795	39.130435	97.435897	2.347826	5.846154
1.7812E-05	8.347826	100	39.130435	100	2.347826	6
2.39349E-05	8.608696	-100	43.478261	0	2.608696	0
5.45494E-05	8.608696	-94.871795	43.478261	2.564103	2.608696	0.153846
0.000112021	8.608696	-89.74359	43.478261	5.128205	2.608696	0.307692
0.0002079	8.608696	-84.615385	43.478261	7.692308	2.608696	0.461538
0.000350883	8.608696	-79.487179	43.478261	10.25641	2.608696	0.615385
0.000545633	8.608696	-74.358974	43.478261	12.820513	2.608696	0.769231
0.000797159	8.608696	-69.230769	43.478261	15.384615	2.608696	0.923077
0.001122228	8.608696	-64.102564	43.478261	17.948718	2.608696	1.076923
0.001559598	8.608696	-58.974359	43.478261	20.512821	2.608696	1.230769
0.002164651	8.608696	-53.846154	43.478261	23.076923	2.608696	1.384615
0.002977604	8.608696	-48.717949	43.478261	25.641026	2.608696	1.538462
0.003977026	8.608696	-43.589744	43.478261	28.205128	2.608696	1.692308
0.005046027	8.608696	-38.461538	43.478261	30.769231	2.608696	1.846154
0.005985613	8.608696	-33.333333	43.478261	33.333333	2.608696	2
0.006581412	8.608696	-28.205128	43.478261	35.897436	2.608696	2.153846
0.006697816	8.608696	-23.076923	43.478261	38.461538	2.608696	2.307692
0.006344567	8.608696	-17.948718	43.478261	41.025641	2.608696	2.461538
0.005674111	8.608696	-12.820513	43.478261	43.589744	2.608696	2.615385
0.004905479	8.608696	-7.692308	43.478261	46.153846	2.608696	2.769231
0.004219507	8.608696	-2.564103	43.478261	48.717949	2.608696	2.923077
0.003686746	8.608696	2.564103	43.478261	51.282051	2.608696	3.076923
0.003268441	8.608696	7.692308	43.478261	53.846154	2.608696	3.230769
0.002877967	8.608696	12.820513	43.478261	56.410256	2.608696	3.384615
0.002454583	8.608696	17.948718	43.478261	58.974359	2.608696	3.538462
0.001999054	8.608696	23.076923	43.478261	61.538462	2.608696	3.692308
0.001560989	8.608696	28.205128	43.478261	64.102564	2.608696	3.846154
0.001198208	8.608696	33.333333	43.478261	66.666667	2.608696	4
0.000943482	8.608696	38.461538	43.478261	69.230769	2.608696	4.153846
0.000792706	8.608696	43.589744	43.478261	71.794872	2.608696	4.307692
0.000713456	8.608696	48.717949	43.478261	74.358974	2.608696	4.461538
0.000662942	8.608696	53.846154	43.478261	76.923077	2.608696	4.615385
0.000604635	8.608696	58.974359	43.478261	79.487179	2.608696	4.769231
0.000520237	8.608696	64.102564	43.478261	82.051282	2.608696	4.923077
0.000412251	8.608696	69.230769	43.478261	84.615385	2.608696	5.076923
0.00029696	8.608696	74.358974	43.478261	87.179487	2.608696	5.230769
0.000193428	8.608696	79.487179	43.478261	89.74359	2.608696	5.384615
0.0001139	8.608696	84.615385	43.478261	92.307692	2.608696	5.538462
6.07419E-05	8.608696	89.74359	43.478261	94.871795	2.608696	5.692308
2.95708E-05	8.608696	94.871795	43.478261	97.435897	2.608696	5.846154
1.31503E-05	8.608696	100	43.478261	100	2.608696	6
1.66292E-05	8.869565	-100	47.826087	0	2.869565	0
3.72244E-05	8.869565	-94.871795	47.826087	2.564103	2.869565	0.153846
7.6397E-05	8.869565	-89.74359	47.826087	5.128205	2.869565	0.307692
0.000145071	8.869565	-84.615385	47.826087	7.692308	2.869565	0.461538
0.000257161	8.869565	-79.487179	47.826087	10.25641	2.869565	0.615385
0.000431177	8.869565	-74.358974	47.826087	12.820513	2.869565	0.769231
0.000693696	8.869565	-69.230769	47.826087	15.384615	2.869565	0.923077
0.001083404	8.869565	-64.102564	47.826087	17.948718	2.869565	1.076923
0.001648867	8.869565	-58.974359	47.826087	20.512821	2.869565	1.230769
0.002431762	8.869565	-53.846154	47.826087	23.076923	2.869565	1.384615
0.003434316	8.869565	-48.717949	47.826087	25.641026	2.869565	1.538462
0.004584793	8.869565	-43.589744	47.826087	28.205128	2.869565	1.692308
0.005725668	8.869565	-38.461538	47.826087	30.769231	2.869565	1.846154
0.006646607	8.869565	-33.333333	47.826087	33.333333	2.869565	2
0.007158077	8.869565	-28.205128	47.826087	35.897436	2.869565	2.153846
0.007171645	8.869565	-23.076923	47.826087	38.461538	2.869565	2.307692
0.006741999	8.869565	-17.948718	47.826087	41.025641	2.869565	2.461538
0.006043502	8.869565	-12.820513	47.826087	43.589744	2.869565	2.615385
0.00528983	8.869565	-7.692308	47.826087	46.153846	2.869565	2.769231
0.004638786	8.869565	-2.564103	47.826087	48.717949	2.869565	2.923077
0.004135526	8.869565	2.564103	47.826087	51.282051	2.869565	3.076923
0.003723413	8.869565	7.692308	47.826087	53.846154	2.869565	3.230769
0.003311023	8.869565	12.820513	47.826087	56.410256	2.869565	3.384615
0.002845474	8.869565	17.948718	47.826087	58.974359	2.869565	3.538462
0.002345346	8.869565	23.076923	47.826087	61.538462	2.869565	3.692308
0.001878823	8.869565	28.205128	47.826087	64.102564	2.869565	3.846154
0.001515555	8.869565	33.333333	47.826087	66.666667	2.869565	4
0.00128866	8.869565	38.461538	47.826087	69.230769	2.869565	4.153846
0.001184919	8.869565	43.589744	47.826087	71.794872	2.869565	4.307692
0.001157366	8.869565	48.717949	47.826087	74.358974	2.869565	4.461538
0.001145398	8.869565	53.846154	47.826087	76.923077	2.869565	4.615385
0.001095789	8.869565	58.974359	47.826087	79.487179	2.869565	4.769231
0.000979732	8.869565	64.102564	47.826087	82.051282	2.869565	4.923077
0.000801264	8.869565	69.230769	47.826087	84.615385	2.869565	5.076923
0.000591624	8.869565	74.358974	47.826087	87.179487	2.869565	5.230769
0.000391169	8.869565	79.487179	47.826087	89.74359	2.869565	5.384615
0.000230443	8.869565	84.615385	47.826087	92.307692	2.869565	5.538462
0.000120649	8.869565	89.74359	47.826087	94.871795	2.869565	5.692308
5.60801E-05	8.869565	94.871795	47.826087	97.435897	2.869565	5.846154
2.31E-05	8.869565	100	47.826087	100	2.869565	6
1.85774E-05	9.130435	-100	52.173913	0	3.130435	0
4.12599E-05	9.130435	-94.871795	52.173913	2.564103	3.130435	0.153846
8.48855E-05	9.130435	-89.74359	52.173913	5.128205	3.130435	0.307692
0.000163231	9.130435	-84.615385	52.173913	7.692308	3.130435	0.461538
0.000296334	9.130435	-79.487179	52.173913	10.25641	3.130435	0.615385
0.000512931	9.130435	-74.358974	52.173913	12.820513	3.130435	0.769231
0.00085303	9.130435	-69.230769	52.173913	15.384615	3.130435	0.923077
0.001367214	9.130435	-64.102564	52.173913	17.948718	3.130435	1.076923
0.002104883	9.130435	-58.974359	52.173913	20.512821	3.130435	1.230769
0.003087885	9.130435	-53.846154	52.173913	23.076923	3.130435	1.384615
0.004274474	9.130435	-48.717949	52.173913	25.641026	3.130435	1.538462
0.005534954	9.130435	-43.589744	52.173913	28.205128	3.130435	1.692308
0.006665323	9.130435	-38.461538	52.173913	30.769231	3.130435	1.846154
0.007445783	9.130435	-33.333333	52.173913	33.333333	3.130435	2
0.007724583	9.130435	-28.205128	52.173913	35.897436	3.130435	2.153846
0.007481407	9.130435	-23.076923	52.173913	38.461538	3.130435	2.307692
0.006834399	9.130435	-17.948718	52.173913	41.025641	3.130435	2.461538
0.005987561	9.130435	-12.820513	52.173913	43.589744	3.130435	2.615385
0.005146011	9.130435	-7.692308	52.173913	46.153846	3.130435	2.769231
0.004442853	9.130435	-2.564103	52.173913	48.717949	3.130435	2.923077
0.003907796	9.130435	2.564103	52.173913	51.282051	3.130435	3.076923
0.003488726	9.130435	7.692308	52.173913	53.846154	3.130435	3.230769
0.00311015	9.130435	12.820513	52.173913	56.410256	3.130435	3.384615
0.002731088	9.130435	17.948718	52.173913	58.974359	3.130435	3.538462
0.002368167	9.130435	23.076923	52.173913	61.538462	3.130435	3.692308
0.002073016	9.130435	28.205128	52.173913	64.102564	3.130435	3.846154
0.001888494	9.130435	33.333333	52.173913	66.666667	3.130435	4
0.001818916	9.130435	38.461538	52.173913	69.230769	3.130435	4.153846
0.001828657	9.130435	43.589744	52.173913	71.794872	3.130435	4.307692
0.001860733	9.130435	48.717949	52.173913	74.358974	3.130435	4.461538
0.00185621	9.130435	53.846154	52.173913	76.923077	3.130435	4.615385
0.001769237	9.130435	58.974359	52.173913	79.487179	3.130435	4.769231
0.00157894	9.130435	64.102564	52.173913	82.051282	3.130435	4.923077
0.001298262	9.130435	69.230769	52.173913	84.615385	3.130435	5.076923
0.000970826	9.130435	74.358974	52.173913	87.179487	3.130435	5.230769
0.000653827	9.130435	79.487179	52.173913	89.74359	3.130435	5.384615
0.000393744	9.130435	84.615385	52.173913	92.307692	3.130435	5.538462
0.000210961	9.130435	89.74359	52.173913	94.871795	3.130435	5.692308
0.000100193	9.130435	94.871795	52.173913	97.435897	3.130435	5.846154
4.20949E-05	9.130435	100	52.173913	100	3.130435	6
2.26825E-05	9.391304	-100	56.521739	0	3.391304	0
5.21837E-05	9.391304	-94.871795	56.521739	2.564103	3.391304	0.153846
0.000110769	9.391304	-89.74359	56.521739	5.128205	3.391304	0.307692
0.000218198	9.391304	-84.615385	56.521739	7.692308	3.391304	0.461538
0.00040098	9.391304	-79.487179	56.521739	10.25641	3.391304	0.615385
0.000693139	9.391304	-74.358974	56.521739	12.820513	3.391304	0.769231
0.001135657	9.391304	-69.230769	56.521739	15.384615	3.391304	0.923077
0.001773064	9.391304	-64.102564	56.521739	17.948718	3.391304	1.076923
0.002640497	9.391304	-58.974359	56.521739	20.512821	3.391304	1.230769
0.003735172	9.391304	-53.846154	56.521739	23.076923	3.391304	1.384615
0.004982294	9.391304	-48.717949	56.521739	25.641026	3.391304	1.538462
0.006218213	9.391304	-43.589744	56.521739	28.205128	3.391304	1.692308
0.00721868	9.391304	-38.461538	56.521739	30.769231	3.391304	1.846154
0.007773984	9.391304	-33.333333	56.521739	33.333333	3.391304	2
0.007775236	9.391304	-28.205128	56.521739	35.897436	3.391304	2.153846
0.007262027	9.391304	-23.076923	56.521739	38.461538	3.391304	2.307692
0.006400787	9.391304	-17.948718	56.521739	41.025641	3.391304	2.461538
0.005410061	9.391304	-12.820513	56.521739	43.589744	3.391304	2.615385
0.004478408	9.391304	-7.692308	56.521739	46.153846	3.391304	2.769231
0.003714368	9.391304	-2.564103	56.521739	48.717949	3.391304	2.923077
0.003142782	9.391304	2.564103	56.521739	51.282051	3.391304	3.076923
0.002734984	9.391304	7.692308	56.521739	53.846154	3.391304	3.230769
0.002451592	9.391304	12.820513	56.521739	56.410256	3.391304	3.384615
0.002274306	9.391304	17.948718	56.521739	58.974359	3.391304	3.538462
0.002209877	9.391304	23.076923	56.521739	61.538462	3.391304	3.692308
0.002266652	9.391304	28.205128	56.521739	64.102564	3.391304	3.846154
0.002422786	9.391304	33.333333	56.521739	66.666667	3.391304	4
0.002616353	9.391304	38.461538	56.521739	69.230769	3.391304	4.153846
0.002765529	9.391304	43.589744	56.521739	71.794872	3.391304	4.307692
0.002802684	9.391304	48.717949	56.521739	74.358974	3.391304	4.461538
0.002696577	9.391304	53.846154	56.521739	76.923077	3.391304	4.615385
0.002451661	9.391304	58.974359	56.521739	79.487179	3.391304	4.769231
0.00209549	9.391304	64.102564	56.521739	82.051282	3.391304	4.923077
0.001670645	9.391304	69.230769	56.521739	84.615385	3.391304	5.076923
0.001229379	9.391304	74.358974	56.521739	87.179487	3.391304	5.230769
0.000825894	9.391304	79.487179	56.521739	89.74359	3.391304	5.384615
0.000501451	9.391304	84.615385	56.521739	92.307692	3.391304	5.538462
0.000272956	9.391304	89.74359	56.521739	94.871795	3.391304	5.692308
0.000132477	9.391304	94.871795	56.521739	97.435897	3.391304	5.846154
5.70542E-05	9.391304	100	56.521739	100	3.391304	6
2.32392E-05	9.652174	-100	60.869565	0	3.652174	0
5.6428E-05	9.652174	-94.871795	60.869565	2.564103	3.652174	0.153846
0.000125519	9.652174	-89.74359	60.869565	5.128205	3.652174	0.307692
0.0002557	9.652174	-84.615385	60.869565	7.692308	3.652174	0.461538
0.00047849	9.652174	-79.487179	60.869565	10.25641	3.652174	0.615385
0.000826799	9.652174	-74.358974	60.869565	12.820513	3.652174	0.769231
0.001329015	9.652174	-69.230769	60.869565	15.384615	3.652174	0.923077
0.002004412	9.652174	-64.102564	60.869565	17.948718	3.652174	1.076923
0.00285612	9.652174	-58.974359	60.869565	20.512821	3.652174	1.230769
0.003856308	9.652174	-53.846154	60.869565	23.076923	3.652174	1.384615
0.004923361	9.652174	-48.717949	60.869565	25.641026	3.652174	1.538462
0.005910399	9.652174	-43.589744	60.869565	28.205128	3.652174	1.692308
0.006630743	9.652174	-38.461538	60.869565	30.769231	3.652174	1.846154
0.00692325	9.652174	-33.333333	60.869565	33.333333	3.652174	2
0.006725856	9.652174	-28.205128	60.869565	35.897436	3.652174	2.153846
0.006108419	9.652174	-23.076923	60.869565	38.461538	3.652174	2.307692
0.00524022	9.652174	-17.948718	60.869565	41.025641	3.652174	2.461538
0.004314342	9.652174	-12.820513	60.869565	43.589744	3.652174	2.615385
0.003477315	9.652174	-7.692308	60.869565	46.153846	3.652174	2.769231
0.00280157	9.652174	-2.564103	60.869565	48.717949	3.652174	2.923077
0.002301789	9.652174	2.564103	60.869565	51.282051	3.652174	3.076923
0.00197164	9.652174	7.692308	60.869565	53.846154	3.652174	3.230769
0.001812863	9.652174	12.820513	60.869565	56.410256	3.652174	3.384615
0.001841738	9.652174	17.948718	60.869565	58.974359	3.652174	3.538462
0.002070372	9.652174	23.076923	60.869565	61.538462	3.652174	3.692308
0.002473926	9.652174	28.205128	60.869565	64.102564	3.652174	3.846154
0.002967167	9.652174	33.333333	60.869565	66.666667	3.652174	4
0.003413303	9.652174	38.461538	60.869565	69.230769	3.652174	4.153846
0.003671369	9.652174	43.589744	60.869565	71.794872	3.652174	4.307692
0.003655435	9.652174	48.717949	60.869565	74.358974	3.652174	4.461538
0.00336766	9.652174	53.846154	60.869565	76.923077	3.652174	4.615385
0.002883603	9.652174	58.974359	60.869565	79.487179	3.652174	4.769231
0.002307356	9.652174	64.102564	60.869565	82.051282	3.652174	4.923077
0.001730065	9.652174	69.230769	60.869565	84.615385	3.652174	5.076923
0.001212889	9.652174	74.358974	60.869565	87.179487	3.652174	5.230769
0.000789366	9.652174	79.487179	60.869565	89.74359	3.652174	5.384615
0.000472019	9.652174	84.615385	60.869565	92.307692	3.652174	5.538462
0.000256674	9.652174	89.74359	60.869565	94.871795	3.652174	5.692308
0.000125728	9.652174	94.871795	60.869565	97.435897	3.652174	5.846154
5.50364E-05	9.652174	100	60.869565	100	3.652174	6
1.84383E-05	9.913043	-100	65.217391	0	3.913043	0
4.73132E-05	9.913043	-94.871795	65.217391	2.564103	3.913043	0.153846
0.000110282	9.913043	-89.74359	65.217391	5.128205	3.913043	0.307692
0.000233226	9.913043	-84.615385	65.217391	7.692308	3.913043	0.461538
0.000447249	9.913043	-79.487179	65.217391	10.25641	3.913043	0.615385
0.000779694	9.913043	-74.358974	65.217391	12.820513	3.913043	0.769231
0.001243503	9.913043	-69.230769	65.217391	15.384615	3.913043	0.923077
0.00182984	9.913043	-64.102564	65.217391	17.948718	3.913043	1.076923
0.00250955	9.913043	-58.974359	65.217391	20.512821	3.913043	1.230769
0.003236157	9.913043	-53.846154	65.217391	23.076923	3.913043	1.384615
0.003942794	9.913043	-48.717949	65.217391	25.641026	3.913043	1.538462
0.004538036	9.913043	-43.589744	65.217391	28.205128	3.913043	1.692308
0.004915638	9.913043	-38.461538	65.217391	30.769231	3.913043	1.846154
0.004990643	9.913043	-33.333333	65.217391	33.333333	3.913043	2
0.004744058	9.913043	-28.205128	65.217391	35.897436	3.913043	2.153846
0.004243024	9.913043	-23.076923	65.217391	38.461538	3.913043	2.307692
0.003614941	9.913043	-17.948718	65.217391	41.025641	3.913043	2.461538
0.002990336	9.913043	-12.820513	65.217391	43.589744	3.913043	2.615385
0.002453749	9.913043	-7.692308	65.217391	46.153846	3.913043	2.769231
0.002031965	9.913043	-2.564103	65.217391	48.717949	3.913043	2.923077
0.001720324	9.913043	2.564103	65.217391	51.282051	3.913043	3.076923
0.001520425	9.913043	7.692308	65.217391	53.846154	3.913043	3.230769
0.001461423	9.913043	12.820513	65.217391	56.410256	3.913043	3.384615
0.001590769	9.913043	17.948718	65.217391	58.974359	3.913043	3.538462
0.001939356	9.913043	23.076923	65.217391	61.538462	3.913043	3.692308
0.002480397	9.913043	28.205128	65.217391	64.102564	3.913043	3.846154
0.00310681	9.913043	33.333333	65.217391	66.666667	3.913043	4
0.003649034	9.913043	38.461538	65.217391	69.230769	3.913043	4.153846
0.003935279	9.913043	43.589744	65.217391	71.794872	3.913043	4.307692
0.003866397	9.913043	48.717949	65.217391	74.358974	3.913043	4.461538
0.003458668	9.913043	53.846154	65.217391	76.923077	3.913043	4.615385
0.002828289	9.913043	58.974359	65.217391	79.487179	3.913043	4.769231
0.002129096	9.913043	64.102564	65.217391	82.051282	3.913043	4.923077
0.001487515	9.913043	69.230769	65.217391	84.615385	3.913043	5.076923
0.000971035	9.913043	74.358974	65.217391	87.179487	3.913043	5.230769
0.000593642	9.913043	79.487179	65.217391	89.74359	3.913043	5.384615
0.000338777	9.913043	84.615385	65.217391	92.307692	3.913043	5.538462
0.000178955	9.913043	89.74359	65.217391	94.871795	3.913043	5.692308
8.6625E-05	9.913043	94.871795	65.217391	97.435897	3.913043	5.846154
3.79898E-05	9.913043	100	65.217391	100	3.913043	6
1.09934E-05	10.173913	-100	69.565217	0	4.173913	0
2.96404E-05	10.173913	-94.871795	69.565217	2.564103	4.173913	0.153846
7.21527E-05	10.173913	-89.74359	69.565217	5.128205	4.173913	0.307692
0.000158221	10.173913	-84.615385	69.565217	7.692308	4.173913	0.461538
0.000311711	10.173913	-79.487179	69.565217	10.25641	4.173913	0.615385
0.000552591	10.173913	-74.358974	69.565217	12.820513	4.173913	0.769231
0.000885245	10.173913	-69.230769	69.565217	15.384615	4.173913	0.923077
0.001290469	10.173913	-64.102564	69.565217	17.948718	4.173913	1.076923
0.001728812	10.173913	-58.974359	69.565217	20.512821	4.173913	1.230769
0.002152335	10.173913	-53.846154	69.565217	23.076923	4.173913	1.384615
0.002515673	10.173913	-48.717949	69.565217	25.641026	4.173913	1.538462
0.002778958	10.173913	-43.589744	69.565217	28.205128	4.173913	1.692308
0.002907538	10.173913	-38.461538	69.565217	30.769231	4.173913	1.846154
0.002879776	10.173913	-33.333333	69.565217	33.333333	4.173913	2
0.002703395	10.173913	-28.205128	69.565217	35.897436	4.173913	2.153846
0.002424317	10.173913	-23.076923	69.565217	38.461538	4.173913	2.307692
0.002114137	10.173913	-17.948718	69.565217	41.025641	4.173913	2.461538
0.001838328	10.173913	-12.820513	69.565217	43.589744	4.173913	2.615385
0.001628202	10.173913	-7.692308	69.565217	46.153846	4.173913	2.769231
0.001477704	10.173913	-2.564103	69.565217	48.717949	4.173913	2.923077
0.001366866	10.173913	2.564103	69.565217	51.282051	4.173913	3.076923
0.001294922	10.173913	7.692308	69.565217	53.846154	4.173913	3.230769
0.001295966	10.173913	12.820513	69.565217	56.410256	4.173913	3.384615
0.00142552	10.173913	17.948718	69.565217	58.974359	4.173913	3.538462
0.001723455	10.173913	23.076923	69.565217	61.538462	4.173913	3.692308
0.002173974	10.173913	28.205128	69.565217	64.102564	4.173913	3.846154
0.00268781	10.173913	33.333333	69.565217	66.666667	4.173913	4
0.003120657	10.173913	38.461538	69.565217	69.230769	4.173913	4.153846
0.003327165	10.173913	43.589744	69.565217	71.794872	4.173913	4.307692
0.003224259	10.173913	48.717949	69.565217	74.358974	4.173913	4.461538
0.002829471	10.173913	53.846154	69.565217	76.923077	4.173913	4.615385
0.002249119	10.173913	58.974359	69.565217	79.487179	4.173913	4.769231
0.001624723	10.173913	64.102564	69.565217	82.051282	4.173913	4.923077
0.001073176	10.173913	69.230769	69.565217	84.615385	4.173913	5.076923
0.000653479	10.173913	74.358974	69.565217	87.179487	4.173913	5.230769
0.000370017	10.173913	79.487179	69.565217	89.74359	4.173913	5.384615
0.000196072	10.173913	84.615385	69.565217	92.307692	4.173913	5.538462
9.734E-05	10.173913	89.74359	69.565217	94.871795	4.173913	5.692308
4.50172E-05	10.173913	94.871795	69.565217	97.435897	4.173913	5.846154
1.92732E-05	10.173913	100	69.565217	100	4.173913	6
4.94006E-06	10.434783	-100	73.913043	0	4.434783	0
1.37765E-05	10.434783	-94.871795	73.913043	2.564103	4.434783	0.153846
3.47196E-05	10.434783	-89.74359	73.913043	5.128205	4.434783	0.307692
7.85539E-05	10.434783	-84.615385	73.913043	7.692308	4.434783	0.461538
0.000159056	10.434783	-79.487179	73.913043	10.25641	4.434783	0.615385
0.000287985	10.434783	-74.358974	73.913043	12.820513	4.434783	0.769231
0.000467775	10.434783	-69.230769	73.913043	15.384615	4.434783	0.923077
0.000685277	10.434783	-64.102564	73.913043	17.948718	4.434783	1.076923
0.000912937	10.434783	-58.974359	73.913043	20.512821	4.434783	1.230769
0.001118402	10.434783	-53.846154	73.913043	23.076923	4.434783	1.384615
0.001276205	10.434783	-48.717949	73.913043	25.641026	4.434783	1.538462
0.001373197	10.434783	-43.589744	73.913043	28.205128	4.434783	1.692308
0.001406665	10.434783	-38.461538	73.913043	30.769231	4.434783	1.846154
0.001380642	10.434783	-33.333333	73.913043	33.333333	4.434783	2
0.001307168	10.434783	-28.205128	73.913043	35.897436	4.434783	2.153846
0.001208784	10.434783	-23.076923	73.913043	38.461538	4.434783	2.307692
0.001115758	10.434783	-17.948718	73.913043	41.025641	4.434783	2.461538
0.001053555	10.434783	-12.820513	73.913043	43.589744	4.434783	2.615385
0.00102962	10.434783	-7.692308	73.913043	46.153846	4.434783	2.769231
0.00103122	10.434783	-2.564103	73.913043	48.717949	4.434783	2.923077
0.001040474	10.434783	2.564103	73.913043	51.282051	4.434783	3.076923
0.001055503	10.434783	7.692308	73.913043	53.846154	4.434783	3.230769
0.001101355	10.434783	12.820513	73.913043	56.410256	4.434783	3.384615
0.001218386	10.434783	17.948718	73.913043	58.974359	4.434783	3.538462
0.001432896	10.434783	23.076923	73.913043	61.538462	4.434783	3.692308
0.001728882	10.434783	28.205128	73.913043	64.102564	4.434783	3.846154
0.002040384	10.434783	33.333333	73.913043	66.666667	4.434783	4
0.002271453	10.434783	38.461538	73.913043	69.230769	4.434783	4.153846
0.002335744	10.434783	43.589744	73.913043	71.794872	4.434783	4.307692
0.002194361	10.434783	48.717949	73.913043	74.358974	4.434783	4.461538
0.00187277	10.434783	53.846154	73.913043	76.923077	4.434783	4.615385
0.001448064	10.434783	58.974359	73.913043	79.487179	4.434783	4.769231
0.001013756	10.434783	64.102564	73.913043	82.051282	4.434783	4.923077
0.000643599	10.434783	69.230769	73.913043	84.615385	4.434783	5.076923
0.000372035	10.434783	74.358974	73.913043	87.179487	4.434783	5.230769
0.000197115	10.434783	79.487179	73.913043	89.74359	4.434783	5.384615
9.65747E-05	10.434783	84.615385	73.913043	92.307692	4.434783	5.538462
4.41126E-05	10.434783	89.74359	73.913043	94.871795	4.434783	5.692308
1.88557E-05	10.434783	94.871795	73.913043	97.435897	4.434783	5.846154
7.58404E-06	10.434783	100	73.913043	100	4.434783	6
1.66988E-06	10.695652	-100	78.26087	0	4.695652	0
4.8009E-06	10.695652	-94.871795	78.26087	2.564103	4.695652	0.153846
1.23849E-05	10.695652	-89.74359	78.26087	5.128205	4.695652	0.307692
2.88054E-05	10.695652	-84.615385	78.26087	7.692308	4.695652	0.461538
5.97678E-05	10.695652	-79.487179	78.26087	10.25641	4.695652	0.615385
0.000110699	10.695652	-74.358974	78.26087	12.820513	4.695652	0.769231
0.000183478	10.695652	-69.230769	78.26087	15.384615	4.695652	0.923077
0.000273582	10.695652	-64.102564	78.26087	17.948718	4.695652	1.076923
0.0003696	10.695652	-58.974359	78.26087	20.512821	4.695652	1.230769
0.000457825	10.695652	-53.846154	78.26087	23.076923	4.695652	1.384615
0.000528099	10.695652	-48.717949	78.26087	25.641026	4.695652	1.538462
0.000577013	10.695652	-43.589744	78.26087	28.205128	4.695652	1.692308
0.000606792	10.695652	-38.461538	78.26087	30.769231	4.695652	1.846154
0.000621056	10.695652	-33.333333	78.26087	33.333333	4.695652	2
0.000622795	10.695652	-28.205128	78.26087	35.897436	4.695652	2.153846
0.000616325	10.695652	-23.076923	78.26087	38.461538	4.695652	2.307692
0.000609019	10.695652	-17.948718	78.26087	41.025641	4.695652	2.461538
0.000609715	10.695652	-12.820513	78.26087	43.589744	4.695652	2.615385
0.000623561	10.695652	-7.692308	78.26087	46.153846	4.695652	2.769231
0.000649026	10.695652	-2.564103	78.26087	48.717949	4.695652	2.923077
0.000682494	10.695652	2.564103	78.26087	51.282051	4.695652	3.076923
0.000727998	10.695652	7.692308	78.26087	53.846154	4.695652	3.230769
0.000801542	10.695652	12.820513	78.26087	56.410256	4.695652	3.384615
0.000923513	10.695652	17.948718	78.26087	58.974359	4.695652	3.538462
0.001099198	10.695652	23.076923	78.26087	61.538462	4.695652	3.692308
0.001303132	10.695652	28.205128	78.26087	64.102564	4.695652	3.846154
0.001480905	10.695652	33.333333	78.26087	66.666667	4.695652	4
0.00157073	10.695652	38.461538	78.26087	69.230769	4.695652	4.153846
0.001532323	10.695652	43.589744	78.26087	71.794872	4.695652	4.307692
0.001365266	10.695652	48.717949	78.26087	74.358974	4.695652	4.461538
0.001107339	10.695652	53.846154	78.26087	76.923077	4.695652	4.615385
0.000816293	10.695652	58.974359	78.26087	79.487179	4.695652	4.769231
0.000546259	10.695652	64.102564	78.26087	82.051282	4.695652	4.923077
0.00033168	10.695652	69.230769	78.26087	84.615385	4.695652	5.076923
0.000182782	10.695652	74.358974	78.26087	87.179487	4.695652	5.230769
9.1565E-05	10.695652	79.487179	78.26087	89.74359	4.695652	5.384615
4.19557E-05	10.695652	84.615385	78.26087	92.307692	4.695652	5.538462
1.76729E-05	10.695652	89.74359	78.26087	94.871795	4.695652	5.692308
6.88825E-06	10.695652	94.871795	78.26087	97.435897	4.695652	5.846154
2.50482E-06	10.695652	100	78.26087	100	4.695652	6
4.1747E-07	10.956522	-100	82.608696	0	4.956522	0
1.25241E-06	10.956522	-94.871795	82.608696	2.564103	4.956522	0.153846
3.40934E-06	10.956522	-89.74359	82.608696	5.128205	4.956522	0.307692
8.07108E-06	10.956522	-84.615385	82.608696	7.692308	4.956522	0.461538
1.70467E-05	10.956522	-79.487179	82.608696	10.25641	4.956522	0.615385
3.24235E-05	10.956522	-74.358974	82.608696	12.820513	4.956522	0.769231
5.53148E-05	10.956522	-69.230769	82.608696	15.384615	4.956522	0.923077
8.53726E-05	10.956522	-64.102564	82.608696	17.948718	4.956522	1.076923
0.00012044	10.956522	-58.974359	82.608696	20.512821	4.956522	1.230769
0.000158151	10.956522	-53.846154	82.608696	23.076923	4.956522	1.384615
0.000197115	10.956522	-48.717949	82.608696	25.641026	4.956522	1.538462
0.000238236	10.956522	-43.589744	82.608696	28.205128	4.956522	1.692308
0.000282627	10.956522	-38.461538	82.608696	30.769231	4.956522	1.846154
0.000328479	10.956522	-33.333333	82.608696	33.333333	4.956522	2
0.000369878	10.956522	-28.205128	82.608696	35.897436	4.956522	2.153846
0.000398823	10.956522	-23.076923	82.608696	38.461538	4.956522	2.307692
0.000410373	10.956522	-17.948718	82.608696	41.025641	4.956522	2.461538
0.000406407	10.956522	-12.820513	82.608696	43.589744	4.956522	2.615385
0.000394857	10.956522	-7.692308	82.608696	46.153846	4.956522	2.769231
0.000385951	10.956522	-2.564103	82.608696	48.717949	4.956522	2.923077
0.000389847	10.956522	2.564103	82.608696	51.282051	4.956522	3.076923
0.0004174	10.956522	7.692308	82.608696	53.846154	4.956522	3.230769
0.000480577	10.956522	12.820513	82.608696	56.410256	4.956522	3.384615
0.000587728	10.956522	17.948718	82.608696	58.974359	4.956522	3.538462
0.000733425	10.956522	23.076923	82.608696	61.538462	4.956522	3.692308
0.000890533	10.956522	28.205128	82.608696	64.102564	4.956522	3.846154
0.001014382	10.956522	33.333333	82.608696	66.666667	4.956522	4
0.001060721	10.956522	38.461538	82.608696	69.230769	4.956522	4.153846
0.001007285	10.956522	43.589744	82.608696	71.794872	4.956522	4.307692
0.000864858	10.956522	48.717949	82.608696	74.358974	4.956522	4.461538
0.000670526	10.956522	53.846154	82.608696	76.923077	4.956522	4.615385
0.000469584	10.956522	58.974359	82.608696	79.487179	4.956522	4.769231
0.000297239	10.956522	64.102564	82.608696	82.051282	4.956522	4.923077
0.000170258	10.956522	69.230769	82.608696	84.615385	4.956522	5.076923
8.82949E-05	10.956522	74.358974	82.608696	87.179487	4.956522	5.230769
4.14687E-05	10.956522	79.487179	82.608696	89.74359	4.956522	5.384615
1.76729E-05	10.956522	84.615385	82.608696	92.307692	4.956522	5.538462
6.88825E-06	10.956522	89.74359	82.608696	94.871795	4.956522	5.692308
2.43524E-06	10.956522	94.871795	82.608696	97.435897	4.956522	5.846154
8.3494E-07	10.956522	100	82.608696	100	4.956522	6
6.95783E-08	11.217391	-100	86.956522	0	5.217391	0
2.78313E-07	11.217391	-94.871795	86.956522	2.564103	5.217391	0.153846
7.65361E-07	11.217391	-89.74359	86.956522	5.128205	5.217391	0.307692
1.80904E-06	11.217391	-84.615385	86.956522	7.692308	5.217391	0.461538
3.96596E-06	11.217391	-79.487179	86.956522	10.25641	5.217391	0.615385
7.79277E-06	11.217391	-74.358974	86.956522	12.820513	5.217391	0.769231
1.39852E-05	11.217391	-69.230769	86.956522	15.384615	5.217391	0.923077
2.32392E-05	11.217391	-64.102564	86.956522	17.948718	5.217391	1.076923
3.65982E-05	11.217391	-58.974359	86.956522	20.512821	5.217391	1.230769
5.57322E-05	11.217391	-53.846154	86.956522	23.076923	5.217391	1.384615
8.37723E-05	11.217391	-48.717949	86.956522	25.641026	5.217391	1.538462
0.000124197	11.217391	-43.589744	86.956522	28.205128	5.217391	1.692308
0.000178886	11.217391	-38.461538	86.956522	30.769231	5.217391	1.846154
0.00024422	11.217391	-33.333333	86.956522	33.333333	5.217391	2
0.000309136	11.217391	-28.205128	86.956522	35.897436	5.217391	2.153846
0.000357911	11.217391	-23.076923	86.956522	38.461538	5.217391	2.307692
0.000376697	11.217391	-17.948718	86.956522	41.025641	5.217391	2.461538
0.000361807	11.217391	-12.820513	86.956522	43.589744	5.217391	2.615385
0.000321661	11.217391	-7.692308	86.956522	46.153846	5.217391	2.769231
0.000273443	11.217391	-2.564103	86.956522	48.717949	5.217391	2.923077
0.000235592	11.217391	2.564103	86.956522	51.282051	5.217391	3.076923
0.000223138	11.217391	7.692308	86.956522	53.846154	5.217391	3.230769
0.000245751	11.217391	12.820513	86.956522	56.410256	5.217391	3.384615
0.000306632	11.217391	17.948718	86.956522	58.974359	5.217391	3.538462
0.000399588	11.217391	23.076923	86.956522	61.538462	5.217391	3.692308
0.000505417	11.217391	28.205128	86.956522	64.102564	5.217391	3.846154
0.000594686	11.217391	33.333333	86.956522	66.666667	5.217391	4
0.000637129	11.217391	38.461538	86.956522	69.230769	5.217391	4.153846
0.000615559	11.217391	43.589744	86.956522	71.794872	5.217391	4.307692
0.000533944	11.217391	48.717949	86.956522	74.358974	5.217391	4.461538
0.000415035	11.217391	53.846154	86.956522	76.923077	5.217391	4.615385
0.000289028	11.217391	58.974359	86.956522	79.487179	5.217391	4.769231
0.000180208	11.217391	64.102564	86.956522	82.051282	5.217391	4.923077
0.00010068	11.217391	69.230769	86.956522	84.615385	5.217391	5.076923
5.04443E-05	11.217391	74.358974	86.956522	87.179487	5.217391	5.230769
2.26129E-05	11.217391	79.487179	86.956522	89.74359	5.217391	5.384615
9.11476E-06	11.217391	84.615385	86.956522	92.307692	5.217391	5.538462
3.27018E-06	11.217391	89.74359	86.956522	94.871795	5.217391	5.692308
1.04367E-06	11.217391	94.871795	86.956522	97.435897	5.217391	5.846154
3.47892E-07	11.217391	100	86.956522	100	5.217391	6
0	11.478261	-100	91.304348	0	5.478261	0
6.95783E-08	11.478261	-94.871795	91.304348	2.564103	5.478261	0.153846
1.39157E-07	11.478261	-89.74359	91.304348	5.128205	5.478261	0.307692
3.47892E-07	11.478261	-84.615385	91.304348	7.692308	5.478261	0.461538
8.3494E-07	11.478261	-79.487179	91.304348	10.25641	5.478261	0.615385
1.66988E-06	11.478261	-74.358974	91.304348	12.820513	5.478261	0.769231
3.40934E-06	11.478261	-69.230769	91.304348	15.384615	5.478261	0.923077
6.7491E-06	11.478261	-64.102564	91.304348	17.948718	5.478261	1.076923
1.30807E-05	11.478261	-58.974359	91.304348	20.512821	5.478261	1.230769
2.55352E-05	11.478261	-53.846154	91.304348	23.076923	5.478261	1.384615
4.85657E-05	11.478261	-48.717949	91.304348	25.641026	5.478261	1.538462
8.78774E-05	11.478261	-43.589744	91.304348	28.205128	5.478261	1.692308
0.000147228	11.478261	-38.461538	91.304348	30.769231	5.478261	1.846154
0.000224181	11.478261	-33.333333	91.304348	33.333333	5.478261	2
0.000306492	11.478261	-28.205128	91.304348	35.897436	5.478261	2.153846
0.000373775	11.478261	-23.076923	91.304348	38.461538	5.478261	2.307692
0.000405363	11.478261	-17.948718	91.304348	41.025641	5.478261	2.461538
0.0003911	11.478261	-12.820513	91.304348	43.589744	5.478261	2.615385
0.000337316	11.478261	-7.692308	91.304348	46.153846	5.478261	2.769231
0.000263632	11.478261	-2.564103	91.304348	48.717949	5.478261	2.923077
0.000193428	11.478261	2.564103	91.304348	51.282051	5.478261	3.076923
0.000144445	11.478261	7.692308	91.304348	53.846154	5.478261	3.230769
0.000125589	11.478261	12.820513	91.304348	56.410256	5.478261	3.384615
0.000137487	11.478261	17.948718	91.304348	58.974359	5.478261	3.538462
0.000174781	11.478261	23.076923	91.304348	61.538462	5.478261	3.692308
0.000226547	11.478261	28.205128	91.304348	64.102564	5.478261	3.846154
0.000277409	11.478261	33.333333	91.304348	66.666667	5.478261	4
0.000310458	11.478261	38.461538	91.304348	69.230769	5.478261	4.153846
0.00031345	11.478261	43.589744	91.304348	71.794872	5.478261	4.307692
0.000283879	11.478261	48.717949	91.304348	74.358974	5.478261	4.461538
0.000229956	11.478261	53.846154	91.304348	76.923077	5.478261	4.615385
0.000166292	11.478261	58.974359	91.304348	79.487179	5.478261	4.769231
0.00010722	11.478261	64.102564	91.304348	82.051282	5.478261	4.923077
6.15768E-05	11.478261	69.230769	91.304348	84.615385	5.478261	5.076923
3.14494E-05	11.478261	74.358974	91.304348	87.179487	5.478261	5.230769
1.43331E-05	11.478261	79.487179	91.304348	89.74359	5.478261	5.384615
5.775E-06	11.478261	84.615385	91.304348	92.307692	5.478261	5.538462
2.08735E-06	11.478261	89.74359	91.304348	94.871795	5.478261	5.692308
6.95783E-07	11.478261	94.871795	91.304348	97.435897	5.478261	5.846154
2.08735E-07	11.478261	100	91.304348	100	5.478261	6
0	11.73913	-100	95.652174	0	5.73913	0
0	11.73913	-94.871795	95.652174	2.564103	5.73913	0.153846
0	11.73913	-89.74359	95.652174	5.128205	5.73913	0.307692
6.95783E-08	11.73913	-84.615385	95.652174	7.692308	5.73913	0.461538
1.39157E-07	11.73913	-79.487179	95.652174	10.25641	5.73913	0.615385
3.47892E-07	11.73913	-74.358974	95.652174	12.820513	5.73913	0.769231
9.04518E-07	11.73913	-69.230769	95.652174	15.384615	5.73913	0.923077
2.36566E-06	11.73913	-64.102564	95.652174	17.948718	5.73913	1.076923
5.91416E-06	11.73913	-58.974359	95.652174	20.512821	5.73913	1.230769
1.41244E-05	11.73913	-53.846154	95.652174	23.076923	5.73913	1.384615
3.1519E-05	11.73913	-48.717949	95.652174	25.641026	5.73913	1.538462
6.39425E-05	11.73913	-43.589744	95.652174	28.205128	5.73913	1.692308
0.000116335	11.73913	-38.461538	95.652174	30.769231	5.73913	1.846154
0.000188557	11.73913	-33.333333	95.652174	33.333333	5.73913	2
0.000270799	11.73913	-28.205128	95.652174	35.897436	5.73913	2.153846
0.000343786	11.73913	-23.076923	95.652174	38.461538	5.73913	2.307692
0.000385464	11.73913	-17.948718	95.652174	41.025641	5.73913	2.461538
0.000381567	11.73913	-12.820513	95.652174	43.589744	5.73913	2.615385
0.000333976	11.73913	-7.692308	95.652174	46.153846	5.73913	2.769231
0.000259527	11.73913	-2.564103	95.652174	48.717949	5.73913	2.923077
0.000181251	11.73913	2.564103	95.652174	51.282051	5.73913	3.076923
0.000117726	11.73913	7.692308	95.652174	53.846154	5.73913	3.230769
7.79277E-05	11.73913	12.820513	95.652174	56.410256	5.73913	3.384615
6.19943E-05	11.73913	17.948718	95.652174	58.974359	5.73913	3.538462
6.50557E-05	11.73913	23.076923	95.652174	61.538462	5.73913	3.692308
8.04325E-05	11.73913	28.205128	95.652174	64.102564	5.73913	3.846154
0.00010061	11.73913	33.333333	95.652174	66.666667	5.73913	4
0.000117726	11.73913	38.461538	95.652174	69.230769	5.73913	4.153846
0.000125241	11.73913	43.589744	95.652174	71.794872	5.73913	4.307692
0.000119744	11.73913	48.717949	95.652174	74.358974	5.73913	4.461538
0.000102419	11.73913	53.846154	95.652174	76.923077	5.73913	4.615385
7.80669E-05	11.73913	58.974359	95.652174	79.487179	5.73913	4.769231
5.29491E-05	11.73913	64.102564	95.652174	82.051282	5.73913	4.923077
3.18669E-05	11.73913	69.230769	95.652174	84.615385	5.73913	5.076923
1.70467E-05	11.73913	74.358974	95.652174	87.179487	5.73913	5.230769
8.07108E-06	11.73913	79.487179	95.652174	89.74359	5.73913	5.384615
3.33976E-06	11.73913	84.615385	95.652174	92.307692	5.73913	5.538462
1.25241E-06	11.73913	89.74359	95.652174	94.871795	5.73913	5.692308
4.1747E-07	11.73913	94.871795	95.652174	97.435897	5.73913	5.846154
1.39157E-07	11.73913	100	95.652174	100	5.73913	6
0	12	-100	100	0	6	0
0	12	-94.871795	100	2.564103	6	0.153846
0	12	-89.74359	100	5.128205	6	0.307692
0	12	-84.615385	100	7.692308	6	0.461538
0	12	-79.487179	100	10.25641	6	0.615385
6.95783E-08	12	-74.358974	100	12.820513	6	0.769231
2.78313E-07	12	-69.230769	100	15.384615	6	0.923077
9.04518E-07	12	-64.102564	100	17.948718	6	1.076923
2.64398E-06	12	-58.974359	100	20.512821	6	1.230769
7.16657E-06	12	-53.846154	100	23.076923	6	1.384615
1.7325E-05	12	-48.717949	100	25.641026	6	1.538462
3.73635E-05	12	-43.589744	100	28.205128	6	1.692308
7.14569E-05	12	-38.461538	100	30.769231	6	1.846154
0.000120788	12	-33.333333	100	33.333333	6	2
0.000180208	12	-28.205128	100	35.897436	6	2.153846
0.000236914	12	-23.076923	100	38.461538	6	2.307692
0.000274417	12	-17.948718	100	41.025641	6	2.461538
0.000280053	12	-12.820513	100	43.589744	6	2.615385
0.000251873	12	-7.692308	100	46.153846	6	2.769231
0.000199968	12	-2.564103	100	48.717949	6	2.923077
0.000140757	12	2.564103	100	51.282051	6	3.076923
8.88515E-05	12	7.692308	100	53.846154	6	3.230769
5.21837E-05	12	12.820513	100	56.410256	6	3.384615
3.1519E-05	12	17.948718	100	58.974359	6	3.538462
2.35175E-05	12	23.076923	100	61.538462	6	3.692308
2.38654E-05	12	28.205128	100	64.102564	6	3.846154
2.85271E-05	12	33.333333	100	66.666667	6	4
3.42325E-05	12	38.461538	100	69.230769	6	4.153846
3.81985E-05	12	43.589744	100	71.794872	6	4.307692
3.84768E-05	12	48.717949	100	74.358974	6	4.461538
3.465E-05	12	53.846154	100	76.923077	6	4.615385
2.78313E-05	12	58.974359	100	79.487179	6	4.769231
1.98298E-05	12	64.102564	100	82.051282	6	4.923077
1.25241E-05	12	69.230769	100	84.615385	6	5.076923
6.95783E-06	12	74.358974	100	87.179487	6	5.230769
3.47892E-06	12	79.487179	100	89.74359	6	5.384615
1.53072E-06	12	84.615385	100	92.307692	6	5.538462
5.56626E-07	12	89.74359	100	94.871795	6	5.692308
2.08735E-07	12	94.871795	100	97.435897	6	5.846154
6.95783E-08	12	100	100	100	6	6
