Normalized Kde	Rot1	Rot2	Percentile
0.011222937723002	20.512821	20.512821	0.011222937723002
0.011151861486631	23.076923	23.076923	0.022374799209632
0.011116323368445	17.948718	17.948718	0.033491122578077
0.010967063272066	25.641026	25.641026	0.044458185850143
0.010796480304775	15.384615	15.384615	0.055254666154918
0.010718296444767	28.205128	28.205128	0.065972962599684
0.010469529617468	30.769231	30.769231	0.076442492217152
0.010270516155629	33.333333	33.333333	0.086713008372781
0.010234978037443	12.820513	12.820513	0.096947986410224
0.010142578930161	35.897436	35.897436	0.107090565340384
0.010092825564701	43.589744	43.589744	0.117183390905085
0.010085717941064	38.461538	38.461538	0.127269108846148
0.010085717941064	41.025641	41.025641	0.137354826787212
0.010043072199241	46.153846	46.153846	0.147397898986453
0.010014641704693	48.717949	46.153846	0.157412540691145
0.009957780715596	46.153846	43.589744	0.167370321406741
0.009950673091958	51.282051	48.717949	0.177320994498699
0.009893812102862	48.717949	48.717949	0.187214806601561
0.009808520619216	43.589744	41.025641	0.197023327220777
0.009730336759208	53.846154	51.282051	0.206753663979985
0.009623722404651	41.025641	38.461538	0.216377386384636
0.009588184286466	51.282051	51.282051	0.225965570671102
0.009453139437361	10.25641	10.25641	0.235418710108462
0.009424708942812	38.461538	35.897436	0.244843419051274
0.009339417459167	56.410256	53.846154	0.254182836510441
0.009318094588255	20.512821	23.076923	0.263500931098696
0.009310986964618	23.076923	25.641026	0.272811918063315
0.009247018351884	25.641026	28.205128	0.282058936415199
0.009239910728247	17.948718	20.512821	0.291298847143446
0.009239910728247	35.897436	33.333333	0.300538757871693
0.009147511620965	28.205128	30.769231	0.309686269492658
0.009111973502779	53.846154	53.846154	0.318798242995437
0.009076435384594	33.333333	30.769231	0.32787467838003
0.009055112513682	15.384615	17.948718	0.336929790893712
0.009026682019134	30.769231	33.333333	0.345956472912846
0.008927175288214	30.769231	28.205128	0.35488364820106
0.008898744793666	33.333333	35.897436	0.363782392994726
0.008792130439109	58.974359	56.410256	0.372574523433835
0.008785022815472	35.897436	38.461538	0.381359546249307
0.008777915191835	28.205128	25.641026	0.390137461441142
0.008742377073649	12.820513	15.384615	0.398879838514791
0.008664193213641	38.461538	41.025641	0.407544031728432
0.008607332224544	25.641026	23.076923	0.416151363952976
0.008514933117262	41.025641	43.589744	0.424666297070237
0.008486502622713	7.692308	7.692308	0.43315279969295
0.008465179751802	56.410256	56.410256	0.441617979444752
0.008379888268156	23.076923	20.512821	0.449997867712909
0.008315919655422	43.589744	46.153846	0.458313787368331
0.008287489160874	10.25641	12.820513	0.466601276529205
0.008102690946309	61.538462	58.974359	0.474703967475514
0.008088475699035	20.512821	17.948718	0.482792443174549
0.008031614709938	46.153846	48.717949	0.490824057884487
0.007711771646268	17.948718	15.384615	0.498535829530754
0.007690448775356	7.692308	10.25641	0.506226278306111
0.007683341151719	58.974359	58.974359	0.51390961945783
0.007647803033534	48.717949	51.282051	0.521557422491364
0.007377713335323	5.128205	5.128205	0.528935135826687
0.007320852346227	64.102564	61.538462	0.536255988172914
0.007256883733493	15.384615	12.820513	0.543512871906407
0.007157377002573	51.282051	53.846154	0.550670248908979
0.006951255917097	5.128205	7.692308	0.557621504826076
0.006816211067992	61.538462	61.538462	0.564437715894068
0.006709596713435	12.820513	10.25641	0.571147312607503
0.006581659487967	53.846154	56.410256	0.577728972095469
0.006496368004321	66.666667	64.102564	0.584225340099791
0.006212063058837	2.564103	2.564103	0.590437403158628
0.006112556327917	2.564103	5.128205	0.596549959486545
0.006098341080643	10.25641	7.692308	0.602648300567188
0.005956188607901	56.410256	58.974359	0.608604489175089
0.00593486573699	64.102564	64.102564	0.614539354912078
0.005686098909691	69.230769	66.666667	0.620225453821769
0.005437332082392	7.692308	5.128205	0.62566278590416
0.005316502480561	58.974359	61.538462	0.630979288384721
0.005202780502367	0	2.564103	0.636182068887088
0.005174350007818	53.846154	48.717949	0.641356418894906
0.005124596642359	56.410256	51.282051	0.646481015537265
0.00509616614781	66.666667	66.666667	0.651577181685075
0.005081950900536	51.282051	46.153846	0.656659132585611
0.005060628029625	0	0	0.661719760615236
0.004932690804157	71.794872	69.230769	0.666652451419392
0.004925583180519	58.974359	53.846154	0.671578034599912
0.004854506944148	48.717949	43.589744	0.67643254154406
0.004733677342317	5.128205	2.564103	0.681166218886377
0.00472656971868	61.538462	64.102564	0.685892788605058
0.004612847740486	61.538462	56.410256	0.690505636345544
0.004527556256841	46.153846	41.025641	0.695033192602385
0.004349865665913	69.230769	69.230769	0.699383058268298
0.004278789429542	74.358974	71.794872	0.70366184769784
0.004243251311357	7.692308	12.820513	0.707905099009197
0.004243251311357	10.25641	15.384615	0.712148350320554
0.004214820816808	64.102564	66.666667	0.716363171137362
0.004200605569534	64.102564	58.974359	0.720563776706896
0.004165067451348	12.820513	17.948718	0.724728844158244
0.004143744580437	43.589744	38.461538	0.728872588738681
0.0041366369568	5.128205	10.25641	0.733009225695481
0.00403713022588	15.384615	20.512821	0.737046355921361
0.004022914978606	2.564103	0	0.741069270899967
0.003909193000412	2.564103	7.692308	0.744978463900379
0.003894977753138	17.948718	23.076923	0.748873441653517
0.003845224387678	41.025641	46.153846	0.752718666041195
0.003831009140404	43.589744	48.717949	0.756549675181599
0.003809686269493	38.461538	43.589744	0.760359361451092
0.003809686269493	66.666667	69.230769	0.764169047720585
0.00376704052767	46.153846	51.282051	0.767936088248255
0.003759932904033	20.512821	25.641026	0.771696021152288
0.003745717656759	35.897436	41.025641	0.775441738809046
0.003745717656759	66.666667	61.538462	0.779187456465805
0.003731502409484	41.025641	35.897436	0.782918958875289
0.003731502409484	76.923077	74.358974	0.786650461284774
0.003724394785847	71.794872	71.794872	0.790374856070621
0.003681749044025	33.333333	38.461538	0.794056605114646
0.003660426173113	23.076923	28.205128	0.797717031287759
0.003631995678565	48.717949	53.846154	0.801349026966324
0.003624888054928	30.769231	35.897436	0.804973915021251
0.003603565184016	25.641026	30.769231	0.808577480205268
0.003589349936742	28.205128	33.333333	0.81216683014201
0.003582242313105	0	5.128205	0.815749072455115
0.003518273700371	69.230769	71.794872	0.819267346155486
0.003440089840363	51.282051	56.410256	0.822707435995849
0.00334769073308	38.461538	33.333333	0.826055126728929
0.003326367862169	71.794872	74.358974	0.829381494591098
0.003305044991258	79.487179	76.923077	0.832686539582356
0.003283722120346	69.230769	64.102564	0.835970261702702
0.003226861131249	74.358974	74.358974	0.839197122833951
0.003212645883975	74.358974	76.923077	0.842409768717927
0.003205538260338	53.846154	58.974359	0.845615306978265
0.003148677271241	76.923077	79.487179	0.848763984249506
0.003098923905781	79.487179	82.051282	0.851862908155287
0.003049170540322	82.051282	84.615385	0.854912078695609
0.003013632422136	35.897436	30.769231	0.857925711117745
0.00297809430395	82.051282	79.487179	0.860903805421695
0.002963879056676	84.615385	87.179487	0.863867684478371
0.002935448562128	56.410256	61.538462	0.866803133040499
0.002864372325757	76.923077	76.923077	0.869667505366256
0.00285726470212	71.794872	66.666667	0.872524770068375
0.002828834207571	87.179487	89.74359	0.875353604275946
0.002743542723926	33.333333	28.205128	0.878097146999872
0.002729327476651	84.615385	82.051282	0.880826474476523
0.002665358863917	58.974359	64.102564	0.883491833340441
0.002644035993006	89.74359	92.307692	0.886135869333447
0.002608497874821	79.487179	79.487179	0.888744367208267
0.002544529262087	30.769231	25.641026	0.891288896470354
0.002530314014812	87.179487	84.615385	0.893819210485166
0.002473453025715	74.358974	69.230769	0.896292663510881
0.00243791490753	82.051282	82.051282	0.898730578418411
0.002416592036618	28.205128	23.076923	0.90114717045503
0.002416592036618	61.538462	66.666667	0.903563762491648
0.002402376789344	92.307692	94.871795	0.905966139280993
0.002345515800247	89.74359	87.179487	0.90831165508124
0.00233840817661	25.641026	20.512821	0.91065006325785
0.002309977682062	84.615385	84.615385	0.912960040939912
0.002295762434788	23.076923	17.948718	0.915255803374699
0.002267331940239	20.512821	15.384615	0.917523135314939
0.002224686198416	17.948718	12.820513	0.919747821513355
0.002203363327505	64.102564	69.230769	0.92195118484086
0.002203363327505	87.179487	87.179487	0.924154548168365
0.00216782520932	92.307692	89.74359	0.926322373377685
0.002160717585682	76.923077	71.794872	0.928483090963367
0.002146502338408	15.384615	10.25641	0.930629593301775
0.00211807184386	94.871795	97.435897	0.932747665145635
0.002082533725674	89.74359	89.74359	0.934830198871309
0.002039887983851	66.666667	71.794872	0.93687008685516
0.002032780360214	12.820513	7.692308	0.938902867215375
0.001961704123843	94.871795	92.307692	0.940864571339218
0.001933273629295	92.307692	92.307692	0.942797844968513
0.001926166005658	69.230769	74.358974	0.94472401097417
0.001897735511109	79.487179	74.358974	0.94662174648528
0.001869305016561	10.25641	5.128205	0.94849105150184
0.001869305016561	71.794872	76.923077	0.950360356518401
0.001847982145649	74.358974	79.487179	0.952208338664051
0.001847982145649	76.923077	82.051282	0.9540563208097
0.001840874522012	79.487179	84.615385	0.955897195331712
0.001819551651101	82.051282	87.179487	0.957716746982813
0.001805336403827	97.435897	100	0.95952208338664
0.001762690662004	84.615385	89.74359	0.961284774048644
0.00174847541473	94.871795	94.871795	0.963033249463374
0.001741367791093	97.435897	94.871795	0.964774617254466
0.001691614425633	82.051282	76.923077	0.966466231680099
0.001663183931084	7.692308	2.564103	0.968129415611184
0.001656076307447	87.179487	92.307692	0.969785491918631
0.001535246705616	97.435897	97.435897	0.971320738624248
0.001513923834705	84.615385	79.487179	0.972834662458953
0.001513923834705	89.74359	94.871795	0.974348586293658
0.001492600963794	100	97.435897	0.975841187257452
0.00142863235106	5.128205	0	0.977269819608511
0.001364663738326	87.179487	82.051282	0.978634483346837
0.001336233243777	92.307692	97.435897	0.979970716590614
0.001300695125592	100	100	0.981271411716206
0.001222511265583	89.74359	84.615385	0.98249392298179
0.001130112158301	94.871795	100	0.983624035140091
0.001087466416478	92.307692	87.179487	0.984711501556569
0.000952421567373	94.871795	89.74359	0.985663923123942
0.000817376718268	97.435897	92.307692	0.98648129984221
0.0006894394928	100	94.871795	0.98717073933501
0.000362488805493	56.410256	48.717949	0.987533228140503
0.000355381181856	53.846154	46.153846	0.987888609322358
0.000355381181856	58.974359	51.282051	0.988243990504214
0.000341165934581	61.538462	53.846154	0.988585156438795
0.000334058310944	51.282051	43.589744	0.98891921474974
0.000312735440033	64.102564	56.410256	0.989231950189773
0.000305627816396	48.717949	41.025641	0.989537578006169
0.000291412569122	43.589744	51.282051	0.98982899057529
0.000291412569122	46.153846	53.846154	0.990120403144412
0.000284304945485	41.025641	48.717949	0.990404708089896
0.000284304945485	48.717949	56.410256	0.990689013035381
0.000277197321847	66.666667	58.974359	0.990966210357228
0.00027008969821	38.461538	46.153846	0.991236300055439
0.00027008969821	46.153846	38.461538	0.991506389753649
0.000262982074573	51.282051	58.974359	0.991769371828222
0.000248766827299	35.897436	43.589744	0.992018138655521
0.000241659203662	53.846154	61.538462	0.992259797859183
0.000241659203662	69.230769	61.538462	0.992501457062845
0.000234551580025	43.589744	35.897436	0.992736008642869
0.000227443956388	33.333333	41.025641	0.992963452599257
0.000213228709113	56.410256	64.102564	0.99317668130837
0.000206121085476	0	7.692308	0.993382802393847
0.000206121085476	2.564103	10.25641	0.993588923479323
0.000206121085476	5.128205	12.820513	0.993795044564799
0.000206121085476	30.769231	38.461538	0.994001165650275
0.000206121085476	71.794872	64.102564	0.994207286735752
0.000199013461839	7.692308	15.384615	0.994406300197591
0.000199013461839	41.025641	33.333333	0.99460531365943
0.000184798214565	10.25641	17.948718	0.994790111873995
0.000184798214565	28.205128	35.897436	0.99497491008856
0.000184798214565	58.974359	66.666667	0.995159708303125
0.000177690590928	74.358974	66.666667	0.995337398894053
0.000170582967291	12.820513	20.512821	0.995507981861343
0.000170582967291	38.461538	30.769231	0.995678564828634
0.000163475343654	15.384615	23.076923	0.995842040172288
0.000163475343654	25.641026	33.333333	0.996005515515941
0.000156367720016	17.948718	25.641026	0.996161883235958
0.000156367720016	23.076923	30.769231	0.996318250955974
0.000156367720016	61.538462	69.230769	0.996474618675991
0.000156367720016	76.923077	69.230769	0.996630986396007
0.000149260096379	20.512821	28.205128	0.996780246492386
0.000149260096379	35.897436	28.205128	0.996929506588766
0.000135044849105	20.512821	12.820513	0.997064551437871
0.000135044849105	33.333333	25.641026	0.997199596286976
0.000135044849105	64.102564	71.794872	0.997334641136082
0.000135044849105	79.487179	71.794872	0.997469685985187
0.000127937225468	15.384615	7.692308	0.997597623210655
0.000127937225468	17.948718	10.25641	0.997725560436123
0.000127937225468	23.076923	15.384615	0.997853497661591
0.000127937225468	25.641026	17.948718	0.997981434887059
0.000127937225468	28.205128	20.512821	0.998109372112527
0.000127937225468	30.769231	23.076923	0.998237309337995
0.000120829601831	82.051282	74.358974	0.998358138939826
0.000113721978194	12.820513	5.128205	0.998471860918019
0.000113721978194	66.666667	74.358974	0.998585582896213
0.000106614354557	84.615385	76.923077	0.99869219725077
9.95067309195843E-05	10.25641	2.564103	0.99879170398169
9.95067309195843E-05	69.230769	76.923077	0.998891210712609
9.95067309195843E-05	87.179487	79.487179	0.998990717443529
8.5291483645358E-05	7.692308	0	0.999076008927174
8.5291483645358E-05	71.794872	79.487179	0.999161300410819
8.5291483645358E-05	89.74359	82.051282	0.999246591894465
7.81838600082448E-05	74.358974	82.051282	0.999324775754473
7.81838600082448E-05	76.923077	84.615385	0.999402959614481
7.81838600082448E-05	92.307692	84.615385	0.999481143474489
7.10762363711316E-05	79.487179	87.179487	0.999552219710861
7.10762363711316E-05	82.051282	89.74359	0.999623295947232
6.39686127340185E-05	84.615385	92.307692	0.999687264559966
6.39686127340185E-05	94.871795	87.179487	0.9997512331727
5.68609890969053E-05	87.179487	94.871795	0.999808094161797
5.68609890969053E-05	97.435897	89.74359	0.999864955150894
4.97533654597922E-05	89.74359	97.435897	0.999914708516353
4.2645741822679E-05	92.307692	100	0.999957354258176
4.2645741822679E-05	100	92.307692	0.999999999999999
