Normalized Kde	zShift1	zShift2	Percentile
0.021532771143149	3.130435	3.130435	0.021532771143149
0.021377861680152	3.391304	3.391304	0.042910632823302
0.020927862854248	2.869565	2.869565	0.063838495677549
0.020312352126216	3.652174	3.652174	0.084150847803765
0.019961048488726	2.608696	2.608696	0.104111896292491
0.018971463784132	2.347826	2.347826	0.123083360076622
0.018603793965433	3.913043	3.913043	0.141687154042055
0.018075806728208	2.086957	2.086957	0.159762960770264
0.017219001563326	1.826087	1.826087	0.17698196233359
0.016777683929193	4.173913	4.173913	0.193759646262783
0.016392794041572	2.869565	3.130435	0.210152440304354
0.016285773447935	1.565217	1.565217	0.226438213752289
0.0162617934346	2.608696	2.869565	0.242700007186888
0.015988051264572	3.130435	3.391304	0.25868805845146
0.01586423754587	2.347826	2.608696	0.27455229599733
0.01584466928573	3.130435	2.869565	0.29039696528306
0.015835561150101	2.869565	2.608696	0.306232526433162
0.015756363064518	1.826087	1.565217	0.321988889497679
0.015740993085644	2.086957	1.826087	0.337729882583324
0.015676880349696	2.608696	2.347826	0.353406762933019
0.015637530357487	2.347826	2.086957	0.369044293290506
0.015405557528194	3.391304	3.130435	0.384449850818701
0.01538143520024	1.565217	1.304348	0.399831286018941
0.015291705832836	2.086957	2.347826	0.415122991851777
0.015236558917897	4.434783	4.434783	0.430359550769673
0.015137223313696	1.304348	1.304348	0.445496774083369
0.014843912883529	3.391304	3.652174	0.460340686966898
0.014448989815254	1.304348	1.043478	0.474789676782153
0.014443226073177	3.652174	3.391304	0.489232902855329
0.014420384576796	1.826087	2.086957	0.503653287432125
0.013981770920427	4.695652	4.695652	0.517635058352552
0.013617516652589	1.043478	1.043478	0.531252575005141
0.013185662940633	3.913043	3.652174	0.544438237945774
0.013087608168005	1.565217	1.826087	0.557525846113779
0.01302997074723	3.652174	3.913043	0.570555816861009
0.012996171025171	1.043478	0.782609	0.58355198788618
0.012674397671164	4.956522	4.956522	0.596226385557343
0.012001107207737	4.173913	3.913043	0.608227492765081
0.011628456377367	0.782609	0.782609	0.619855949142448
0.011281208706524	1.304348	1.565217	0.631137157848972
0.011180378798822	0.782609	0.521739	0.642317536647794
0.011126797344694	4.434783	4.173913	0.653444333992487
0.010961997015663	5.217391	5.217391	0.66440633100815
0.010860597849484	3.913043	4.173913	0.675266928857634
0.010505095930727	4.695652	4.434783	0.685772024788361
0.009843617580694	4.956522	4.695652	0.695615642369055
0.009240488224533	0.521739	0.521739	0.704856130593587
0.009169402072243	1.043478	1.304348	0.71402553266583
0.009162713285141	0.521739	0.26087	0.723188245950971
0.00883446461596	5.217391	4.956522	0.732022710566932
0.008777467610972	5.478261	5.478261	0.740800178177903
0.00869072685057	4.173913	4.434783	0.749490905028474
0.007364781543502	5.478261	5.217391	0.756855686571975
0.007073178888765	0.26087	0	0.76392886546074
0.007055816505223	1.043478	0.521739	0.770984681965963
0.006998534870995	0.782609	1.043478	0.777983216836958
0.00686817467981	0.782609	0.26087	0.784851391516768
0.006757952007241	4.434783	4.695652	0.791609343524009
0.00671725002615	0.26087	0.26087	0.798326593550159
0.006698535653726	1.304348	0.782609	0.805025129203885
0.006381031738295	5.73913	5.73913	0.81140616094218
0.006098110275329	1.565217	1.043478	0.817504271217509
0.006009448267569	0.521739	0	0.823513719485078
0.005580013904138	5.73913	5.478261	0.829093733389216
0.005524013101484	1.826087	1.304348	0.8346177464907
0.005358074255499	3.391304	3.913043	0.839975820746199
0.005244080245521	3.652174	4.173913	0.84521990099172
0.005197543365043	3.130435	3.652174	0.850417444356763
0.00517690774526	4.695652	4.956522	0.855594352102023
0.005089526569072	2.086957	1.565217	0.860683878671095
0.004988340874822	0.521739	0.782609	0.865672219545917
0.004925793599685	2.869565	3.391304	0.870598013145602
0.004795077621951	3.913043	4.434783	0.875393090767553
0.004784404025511	2.347826	1.826087	0.880177494793064
0.004722710638089	2.608696	3.130435	0.884900205431153
0.004663365441883	2.347826	2.869565	0.889563570873036
0.004656747812091	2.086957	2.608696	0.894220318685127
0.004580324861581	2.608696	2.086957	0.898800643546708
0.00454851754419	3.391304	2.869565	0.903349161090899
0.004509950282388	1.826087	2.347826	0.907859111373286
0.004497426595898	3.652174	3.130435	0.912356537969185
0.004496003449706	3.130435	2.608696	0.916852541418891
0.004483693235146	2.869565	2.347826	0.921336234654037
0.004406416396921	0	0	0.925742651050958
0.004200629457561	3.913043	3.391304	0.929943280508519
0.004166047005096	6	6	0.934109327513614
0.004082010222459	1.565217	2.086957	0.938191337736074
0.004061374602675	4.173913	4.695652	0.942252712338749
0.003994273259723	4.956522	5.217391	0.946246985598472
0.00378542655605	6	5.73913	0.950032412154523
0.003618918451588	4.173913	3.652174	0.953651330606111
0.003407367770151	1.304348	1.826087	0.957058698376262
0.003292662187077	0.26087	0.521739	0.960351360563339
0.003192543852471	5.217391	5.478261	0.963543904415809
0.003163084726297	4.434783	4.956522	0.966706989142106
0.002854688946495	4.434783	3.913043	0.969561678088601
0.002680068908739	1.043478	1.565217	0.97224174699734
0.002664129671388	5.478261	5.73913	0.974905876668728
0.002244159230135	4.695652	5.217391	0.977150035898863
0.002242664926633	5.73913	6	0.979392700825496
0.002108960341897	0.782609	1.304348	0.981501661167393
0.002088680508661	4.695652	4.173913	0.983590341676054
0.001993543185727	0	0.26087	0.985583884861781
0.001770607334753	0.521739	1.043478	0.987354492196534
0.001581898149696	0.26087	0.782609	0.98893639034623
0.001467263723932	4.956522	4.434783	0.990403654070163
0.001434815990755	4.956522	5.478261	0.991838470060918
0.001398312290931	0	0.521739	0.993236782351849
0.00103284834883	5.217391	4.695652	0.994269630700679
0.000818878318866	5.217391	5.73913	0.995088509019545
0.000741530323332	5.478261	4.956522	0.995830039342877
0.000527773765296	5.73913	5.217391	0.996357813108173
0.00041534521613	5.478261	6	0.996773158324302
0.000353580671398	6	5.478261	0.9971267389957
0.000135341202857	0.782609	0	0.997262080198558
0.000131569865449	1.043478	0.26087	0.997393650064006
0.000120113538603	1.304348	0.521739	0.997513763602609
0.000112286234547	3.652174	4.434783	0.997626049837157
0.000110151515259	3.391304	4.173913	0.997736201352416
0.000109012998306	1.565217	0.782609	0.997845214350722
0.000104530087801	3.913043	4.695652	0.997949744438523
0.000102039581965	1.826087	1.043478	0.998051784020488
0.000100829907702	3.130435	3.913043	0.99815261392819
9.72720422219012E-05	2.086957	1.304348	0.998249885970412
9.10813562867839E-05	2.347826	1.565217	0.998340967326698
8.95870527852038E-05	2.869565	3.652174	0.998430554379483
8.81639065932228E-05	4.173913	4.956522	0.998518718286077
8.2613636444497E-05	2.608696	1.826087	0.998601331922521
8.11193329429169E-05	2.608696	3.391304	0.998682451255464
7.68498943669739E-05	2.347826	3.130435	0.998759301149831
7.49286470077996E-05	2.086957	2.869565	0.998834229796839
7.46440177694034E-05	2.869565	2.086957	0.998908873814608
7.20823546238376E-05	1.826087	2.608696	0.998980956169232
7.05880511222575E-05	3.130435	2.347826	0.999051544220354
7.01611072646632E-05	3.391304	2.608696	0.999121705327619
6.96630060974699E-05	3.652174	2.869565	0.999191368333717
6.79552306670927E-05	0.26087	1.043478	0.999259323564383
6.72436575711022E-05	4.434783	5.217391	0.999326567221955
6.68878710231069E-05	1.565217	2.347826	0.999393455092978
6.52512529023288E-05	0.521739	1.304348	0.99945870634588
6.46108371159373E-05	3.913043	3.130435	0.999523317182996
6.36857920911497E-05	0	0.782609	0.999587002975087
6.09818143263858E-05	1.304348	2.086957	0.999647984789413
6.01990839207962E-05	0.782609	1.565217	0.999708183873334
5.80643646328247E-05	1.043478	1.826087	0.999766248237967
5.36526114376836E-05	4.173913	3.391304	0.999819900849405
4.63234085489815E-05	4.695652	5.478261	0.999866224257954
3.90653629698784E-05	4.434783	3.652174	0.999905289620923
2.86763957684171E-05	4.956522	5.73913	0.999933966016692
2.47627437404694E-05	4.695652	3.913043	0.999958728760432
1.58680800405881E-05	5.217391	6	0.999974596840473
1.36622034430176E-05	4.956522	4.173913	0.999988259043916
6.75994441190974E-06	5.217391	4.434783	0.999995018988328
3.05976431275915E-06	5.478261	4.695652	0.999998078752641
1.35198888238195E-06	5.73913	4.956522	0.999999430741523
5.69258476792399E-07	6	5.217391	1
