0.004550978	8.347826	-48.717949
0.004439515	8.608696	-48.717949
0.004412328	8.347826	-43.589744
0.004401454	8.086957	-48.717949
0.004382424	8.347826	-53.846154
0.004300865	8.608696	-43.589744
0.004275038	8.086957	-43.589744
0.004272319	8.608696	-53.846154
0.004242414	8.086957	-53.846154
0.00415134	8.869565	-48.717949
0.004052111	7.826087	-48.717949
0.00401405	8.869565	-43.589744
0.004000457	8.347826	-38.461538
0.004000457	8.869565	-53.846154
0.003999097	7.826087	-43.589744
0.003932491	8.347826	-58.974359
0.00389443	8.608696	-38.461538
0.003890352	8.086957	-38.461538
0.003867244	7.826087	-53.846154
0.003826465	8.608696	-58.974359
0.003822387	8.086957	-58.974359
0.003810153	7.565217	-43.589744
0.003799278	7.304348	-38.461538
0.003787045	9.130435	-48.717949
0.003769374	7.304348	-43.589744
0.003765296	7.043478	-38.461538
0.003715001	7.826087	-38.461538
0.003704127	7.565217	-48.717949
0.003691893	7.565217	-38.461538
0.003685096	7.043478	-43.589744
0.003660629	9.130435	-43.589744
0.003656551	9.130435	-53.846154
0.003625286	8.869565	-38.461538
0.003591304	8.869565	-58.974359
0.003524697	7.304348	-33.333333
0.003489355	7.043478	-33.333333
0.003483918	7.304348	-48.717949
0.003473043	7.826087	-58.974359
0.00342139	9.391304	-48.717949
0.003413234	7.565217	-53.846154
0.003396922	8.347826	-33.333333
0.003358861	6.782609	-38.461538
0.003354783	9.130435	28.205128
0.003342549	7.565217	-33.333333
0.003326238	6.782609	-43.589744
0.003318082	8.086957	-33.333333
0.003314004	9.391304	-53.846154
0.003312645	9.391304	-43.589744
0.003309926	9.130435	-38.461538
0.003308567	8.608696	-33.333333
0.003307207	9.391304	28.205128
0.00330177	7.043478	-48.717949
0.003300411	9.130435	-58.974359
0.003285458	8.347826	-64.102564
0.003256913	9.130435	33.333333
0.00324196	7.826087	-33.333333
0.003229727	9.391304	33.333333
0.003212055	8.086957	-64.102564
0.003191666	8.608696	-64.102564
0.003175354	9.130435	23.076923
0.003133215	8.869565	28.205128
0.003131856	9.652174	-48.717949
0.003122341	9.391304	23.076923
0.003099233	9.652174	28.205128
0.003077484	8.869565	-33.333333
0.003047579	6.782609	-33.333333
0.003040782	9.652174	-53.846154
0.003040782	9.652174	33.333333
0.003036704	9.652174	-43.589744
0.003035345	7.304348	-53.846154
0.003016314	9.391304	-58.974359
0.003010877	9.391304	-38.461538
0.003008159	8.869565	-64.102564
0.003002721	8.869565	33.333333
0.002991847	8.869565	23.076923
0.002989128	7.565217	-58.974359
0.002987769	7.304348	-28.205128
0.002976894	6.782609	-48.717949
0.002951067	9.913043	-48.717949
0.0029266	7.826087	-64.102564
0.002923881	9.652174	23.076923
0.002918444	9.391304	38.461538
0.002917085	7.043478	-28.205128
0.002915725	9.130435	38.461538
0.002881743	9.913043	-43.589744
0.002862712	9.913043	28.205128
0.002842322	9.913043	-53.846154
0.002832807	9.913043	33.333333
0.002816496	9.130435	-33.333333
0.00280698	7.565217	-28.205128
0.002793387	9.130435	-64.102564
0.002782513	9.652174	-58.974359
0.002777075	9.652174	-38.461538
0.002774357	10.173913	-48.717949
0.002770279	9.652174	38.461538
0.002763482	10.173913	-43.589744
0.002762123	9.130435	17.948718
0.002744452	7.043478	-53.846154
0.002721344	9.391304	17.948718
0.002707751	8.347826	-28.205128
0.002687361	9.913043	23.076923
0.002661534	8.608696	28.205128
0.002654737	9.913043	-38.461538
0.002653378	8.086957	-28.205128
0.0026493	8.608696	-28.205128
0.0026493	8.869565	38.461538
0.002647941	7.826087	-28.205128
0.002641144	6.521739	-43.589744
0.002638426	10.173913	33.333333
0.002631629	10.173913	28.205128
0.002613958	9.913043	38.461538
0.002612599	8.869565	17.948718
0.002611239	10.173913	-53.846154
0.002593568	6.521739	-38.461538
0.002586772	8.608696	23.076923
0.002586772	9.391304	-64.102564
0.002585412	10.173913	-38.461538
0.002582694	9.391304	-33.333333
0.002573179	9.913043	-58.974359
0.002555508	9.652174	17.948718
0.002552789	8.347826	-69.230769
0.002524243	7.304348	-58.974359
0.002513369	8.086957	-69.230769
0.002505213	10.434783	-43.589744
0.002498416	8.608696	33.333333
0.002484823	7.565217	-64.102564
0.002480745	8.608696	-69.230769
0.002479386	6.782609	-28.205128
0.002475308	8.869565	-28.205128
0.002475308	10.173913	38.461538
0.002458996	9.391304	43.589744
0.0024522	10.434783	-48.717949
0.002444044	10.173913	23.076923
0.002430451	6.782609	-53.846154
0.002427732	9.130435	43.589744
0.002414139	6.521739	-48.717949
0.002405983	9.652174	-33.333333
0.002400546	9.652174	-64.102564
0.002397827	10.434783	-38.461538
0.002389671	10.434783	33.333333
0.002361126	9.652174	43.589744
0.002358407	8.869565	-69.230769
0.002348892	10.434783	28.205128
0.002344814	9.913043	17.948718
0.002320346	9.913043	-33.333333
0.002308113	7.826087	-69.230769
0.002304035	10.173913	-58.974359
0.002299957	7.304348	-23.076923
0.002290442	8.608696	17.948718
0.002289082	10.173913	-33.333333
0.002279567	6.521739	-33.333333
0.002279567	9.130435	-28.205128
0.002278208	10.434783	38.461538
0.002268693	9.913043	43.589744
0.002246944	10.434783	-53.846154
0.002225195	9.130435	12.820513
0.002223835	9.130435	-69.230769
0.002210242	9.391304	12.820513
0.002198008	7.043478	-23.076923
0.00219393	10.173913	43.589744
0.002192571	9.913043	-64.102564
0.002172181	7.565217	-23.076923
0.002166744	8.869565	43.589744
0.002165385	10.434783	-33.333333
0.00215451	7.043478	-58.974359
0.00215451	8.608696	38.461538
0.002153151	10.434783	23.076923
0.002120528	10.173913	17.948718
0.002113731	9.391304	-28.205128
0.002100138	8.869565	12.820513
0.002094701	9.391304	-69.230769
0.002090623	9.652174	12.820513
0.002057999	8.347826	28.205128
0.002052562	8.347826	23.076923
0.002052562	10.434783	43.589744
0.002049843	10.695652	-43.589744
0.002040328	10.695652	33.333333
0.002033532	8.347826	-23.076923
0.002019938	7.826087	-23.076923
0.00201722	7.304348	-64.102564
0.002014501	8.608696	-23.076923
0.002002267	10.695652	-38.461538
0.001995471	9.652174	-28.205128
0.001992752	8.086957	-23.076923
0.001991393	6.521739	-53.846154
0.0019778	10.695652	28.205128
0.001969644	10.695652	-48.717949
0.001966925	10.695652	38.461538
0.001954691	9.652174	-69.230769
0.001953332	7.565217	-69.230769
0.001947895	9.391304	48.717949
0.001943817	9.913043	-28.205128
0.00193702	10.173913	-28.205128
0.001930224	10.434783	-58.974359
0.001924787	9.913043	12.820513
0.001911193	8.869565	-23.076923
0.001911193	10.173913	-64.102564
0.001901678	9.652174	48.717949
0.001894882	9.130435	48.717949
0.001882648	8.347826	33.333333
0.001869055	9.913043	48.717949
0.001862258	10.434783	-28.205128
0.00185954	8.347826	17.948718
0.001855462	10.173913	48.717949
0.001854102	8.608696	12.820513
0.001851384	10.434783	17.948718
0.001847306	8.347826	-74.358974
0.001843228	10.695652	-33.333333
0.001841868	6.782609	-58.974359
0.001828275	8.086957	-74.358974
0.001811964	6.782609	-23.076923
0.001802448	8.608696	-74.358974
0.001792933	6.521739	-28.205128
0.001788855	10.695652	23.076923
0.001787496	10.695652	43.589744
0.001786137	9.130435	-23.076923
0.00177934	6.26087	-43.589744
0.001775262	10.695652	-53.846154
0.001769825	10.434783	48.717949
0.00176031	9.913043	-69.230769
0.001738561	10.173913	12.820513
0.001737201	8.869565	-74.358974
0.001723608	8.608696	43.589744
0.001711374	9.391304	7.692308
0.001697781	7.826087	-74.358974
0.001697781	9.130435	7.692308
0.001685548	6.26087	-38.461538
0.001684188	9.391304	-23.076923
0.00168011	6.26087	-48.717949
0.001670595	9.130435	-74.358974
0.00166108	8.869565	48.717949
0.001639331	9.652174	7.692308
0.001635253	10.956522	33.333333
0.001624378	7.043478	-64.102564
0.001616223	10.695652	-28.205128
0.001614863	9.652174	-23.076923
0.001609426	7.304348	-17.948718
0.00160127	9.391304	-74.358974
0.001591755	10.173913	-23.076923
0.001589036	9.913043	-23.076923
0.001584958	8.347826	38.461538
0.001584958	8.869565	7.692308
0.001584958	10.956522	38.461538
0.001570006	10.956522	28.205128
0.00156185	10.434783	-64.102564
0.001548257	7.304348	-69.230769
0.001548257	7.565217	-17.948718
0.001548257	10.695652	48.717949
0.001546898	10.434783	-23.076923
0.001536023	8.347826	12.820513
0.001525149	10.956522	-43.589744
0.00152243	9.913043	7.692308
0.001518352	10.695652	17.948718
0.001512915	10.434783	12.820513
0.001510196	10.173913	53.846154
0.0015034	10.695652	-58.974359
0.00150204	6.521739	-58.974359
0.001500681	9.652174	-74.358974
0.001500681	10.956522	-38.461538
0.001495244	7.043478	-17.948718
0.001493884	10.173913	-69.230769
0.001488447	8.086957	23.076923
0.001476213	8.608696	-17.948718
0.001473495	9.913043	53.846154
0.001472135	10.434783	53.846154
0.001465339	9.391304	53.846154
0.001458542	9.652174	53.846154
0.001455824	8.347826	-17.948718
0.001455824	10.956522	-48.717949
0.001454464	8.086957	28.205128
0.001444949	7.565217	-74.358974
0.001444949	8.869565	-17.948718
0.001442231	7.826087	-17.948718
0.001438153	10.956522	43.589744
0.001427278	6.26087	-33.333333
0.00142456	6.26087	-53.846154
0.001415044	8.086957	-17.948718
0.00140417	9.130435	53.846154
0.001401451	10.956522	23.076923
0.001400092	8.608696	7.692308
0.001396014	10.956522	-33.333333
0.001391936	9.130435	-17.948718
0.001386499	8.086957	17.948718
0.001386499	10.173913	7.692308
0.00136475	10.695652	-23.076923
0.00134436	9.391304	-17.948718
0.001332126	9.913043	-74.358974
0.001322611	6.782609	-64.102564
0.001322611	9.391304	2.564103
0.001310377	9.652174	-17.948718
0.001306299	10.956522	-53.846154
0.001303581	8.086957	33.333333
0.001299503	10.173913	-17.948718
0.001298143	9.913043	-17.948718
0.001296784	10.695652	53.846154
0.001295425	8.608696	48.717949
0.001288628	9.652174	2.564103
0.001287269	9.130435	2.564103
0.00126552	6.521739	-23.076923
0.00126552	10.434783	-17.948718
0.001262801	11.217391	33.333333
0.00124513	8.347826	-79.487179
0.00124513	8.347826	43.589744
0.001236974	10.956522	-28.205128
0.001235615	8.086957	-79.487179
0.001235615	10.956522	48.717949
0.001228819	10.695652	12.820513
0.001227459	8.608696	-79.487179
0.001220663	11.217391	38.461538
0.001215225	9.913043	2.564103
0.001212507	8.869565	53.846154
0.001212507	10.434783	7.692308
0.001204351	8.869565	-79.487179
0.001202992	11.217391	28.205128
0.001200273	10.695652	-64.102564
0.001196195	6.782609	-17.948718
0.001193476	10.434783	-69.230769
0.001190758	7.043478	-69.230769
0.00118668	10.434783	58.974359
0.001183961	8.869565	2.564103
0.001183961	9.130435	-79.487179
0.001182602	10.173913	58.974359
0.001178524	8.086957	12.820513
0.001175805	8.347826	7.692308
0.001167649	10.956522	17.948718
0.001160853	7.826087	-79.487179
0.001155416	9.391304	-79.487179
0.001135026	7.304348	-74.358974
0.001128229	10.695652	-17.948718
0.00112687	10.173913	2.564103
0.001124151	9.130435	-12.820513
0.001121433	9.391304	-12.820513
0.001114636	8.869565	-12.820513
0.001114636	9.913043	58.974359
0.00110784	9.652174	-12.820513
0.001102402	10.173913	-74.358974
0.001102402	10.956522	-58.974359
0.001098325	9.913043	-12.820513
0.001095606	6.26087	-58.974359
0.001095606	11.217391	43.589744
0.001092887	9.391304	-2.564103
0.001090169	10.173913	-12.820513
0.00108745	8.086957	38.461538
0.001084731	9.652174	-79.487179
0.001083372	8.608696	-12.820513
0.001082013	9.652174	-2.564103
0.001080653	6.26087	-28.205128
0.001069779	9.652174	58.974359
0.00106706	11.217391	-43.589744
0.001058904	10.956522	-23.076923
0.001057545	6.521739	-64.102564
0.001057545	10.695652	58.974359
0.001054827	9.391304	58.974359
0.001054827	11.217391	23.076923
0.001053467	9.130435	-2.564103
0.001052108	10.434783	-12.820513
0.001049389	11.217391	-38.461538
0.001042593	9.913043	-2.564103
0.001039874	8.608696	2.564103
0.001034437	7.304348	-12.820513
0.001031718	9.391304	-7.692308
0.001029	7.565217	-12.820513
0.00102764	8.347826	-12.820513
0.001026281	9.652174	-7.692308
0.001023562	10.956522	53.846154
0.001020844	11.217391	-48.717949
0.001007251	9.913043	-7.692308
0.001004532	9.130435	-7.692308
0.001001813	10.434783	2.564103
0.001000454	7.565217	-79.487179
0.001000454	9.130435	58.974359
0.000990939	10.173913	-2.564103
0.000985502	7.826087	23.076923
0.000984142	7.826087	-12.820513
0.000982783	10.173913	-7.692308
0.000982783	10.695652	7.692308
0.000980064	8.086957	-12.820513
0.000978705	6	-43.589744
0.000974627	11.217391	-33.333333
0.000965112	8.869565	-2.564103
0.000961034	6	-48.717949
0.000951519	7.826087	28.205128
0.000947441	9.913043	-79.487179
0.000946082	8.869565	-7.692308
0.000946082	11.478261	33.333333
0.000937926	7.826087	17.948718
0.000936566	8.608696	53.846154
0.000935207	10.695652	-12.820513
0.000932488	8.347826	48.717949
0.000931129	7.043478	-12.820513
0.000931129	8.086957	7.692308
0.000927051	10.956522	12.820513
0.000925692	10.434783	-7.692308
0.000922973	11.217391	48.717949
0.000920255	6.782609	-69.230769
0.000920255	10.434783	64.102564
0.000918895	11.217391	-53.846154
0.000914817	11.478261	38.461538
0.000906661	10.695652	-69.230769
0.000905302	10.434783	-2.564103
0.000891709	6	-38.461538
0.000891709	11.478261	28.205128
0.000886272	10.173913	64.102564
0.000886272	10.956522	-17.948718
0.000884912	8.347826	2.564103
0.000878116	10.956522	-64.102564
0.000868601	8.608696	-7.692308
0.000863163	8.086957	43.589744
0.000863163	11.217391	-28.205128
0.000861804	10.434783	-74.358974
0.000860445	8.869565	58.974359
0.000856367	11.217391	17.948718
0.000853648	7.826087	33.333333
0.000853648	8.608696	-2.564103
0.000848211	7.043478	-74.358974
0.000844133	6	-53.846154
0.000842774	10.695652	64.102564
0.00083054	10.956522	58.974359
0.000821025	7.826087	12.820513
0.000821025	10.695652	2.564103
0.00081151	11.478261	43.589744
0.000807432	6.521739	-17.948718
0.000807432	10.695652	-7.692308
0.000804713	9.913043	64.102564
0.00079112	9.130435	-84.615385
0.000788401	8.869565	-84.615385
0.000787042	7.304348	-79.487179
0.000785683	8.347826	-7.692308
0.000785683	8.608696	-84.615385
0.000784323	8.347826	-84.615385
0.000782964	9.391304	-84.615385
0.000780245	11.217391	-58.974359
0.000777527	8.086957	-84.615385
0.000776167	6.26087	-64.102564
0.000765293	10.173913	-79.487179
0.000763934	10.695652	-2.564103
0.000763934	11.478261	23.076923
0.0007517	9.652174	64.102564
0.000743544	11.217391	53.846154
0.000740825	8.347826	-2.564103
0.000739466	7.826087	-84.615385
0.000739466	11.217391	-23.076923
0.000736747	10.956522	-12.820513
0.000734029	6.26087	-23.076923
0.000734029	9.652174	-84.615385
0.000732669	9.391304	64.102564
0.000729951	7.826087	38.461538
0.000729951	10.956522	7.692308
0.000727232	8.086957	2.564103
0.000725873	6	-33.333333
0.000723154	6.782609	-12.820513
0.000721795	11.478261	-43.589744
0.000719076	8.086957	-7.692308
0.00071092	6.521739	-69.230769
0.000705483	11.478261	-38.461538
0.000697327	9.130435	64.102564
0.000697327	11.478261	-48.717949
0.000686453	8.347826	53.846154
0.000685094	7.826087	-7.692308
0.000682375	10.434783	69.230769
0.000676938	7.826087	7.692308
0.00067286	8.608696	58.974359
0.0006715	8.086957	48.717949
0.000670141	7.565217	-7.692308
0.000670141	10.956522	64.102564
0.000668782	6	-58.974359
0.000668782	11.73913	33.333333
0.000666063	11.478261	48.717949
0.000660626	10.956522	-69.230769
0.000656548	11.217391	12.820513
0.000653829	10.695652	69.230769
0.00065247	11.73913	38.461538
0.000651111	11.478261	-33.333333
0.000647033	7.565217	-84.615385
0.000645673	10.695652	-74.358974
0.000641596	8.086957	-2.564103
0.000637518	11.478261	-53.846154
0.00063344	7.304348	-7.692308
0.000629362	9.913043	-84.615385
0.000629362	10.173913	69.230769
0.000628002	6.782609	-74.358974
0.000628002	10.956522	-7.692308
0.000625284	11.217391	-64.102564
0.000618487	11.217391	-17.948718
0.000618487	11.73913	28.205128
0.000614409	7.565217	23.076923
0.000611691	7.826087	43.589744
0.000611691	8.869565	64.102564
0.000610331	10.956522	2.564103
0.000598098	7.565217	28.205128
0.000598098	11.478261	17.948718
0.000588582	11.217391	58.974359
0.000587223	7.565217	17.948718
0.000585864	10.434783	-79.487179
0.000580426	7.043478	-79.487179
0.000580426	10.956522	-2.564103
