>10_A70_Premixed PHD_FILE: 10_A70_Premixed.phd.1
6 6 8 8 9 7 8 7 8 8 10 10 8 8 8 8 8 8 8 8 8 8 8 8 8
9 11 11 12 15 18 12 12 14 13 11 9 9 6 8 8 8 10 8 10
10 10 10 10 10 12 10 10 8 9 9 8 8 8 10 10 10 10 12
11 12 9 9 9 14 12 13 15 11 11 12 10 13 15 8 10 10 10
12 12 12 10 8 8 8 8 13 16 16 13 15 10 10 10 11 13 9
11 10 10 10 10 11 16 11 16 13 15 15 15 10 8 8 8 8 8
8 10 10 14 18 12 12 10 10 11 11 15 11 11 11 11 12 12
12 15 11 9 9 8 8 10 9 9 9 12 12 12 12 8 8 8 8 8 8 11
11 14 18 23 23 24 25 21 20 15 10 8 8 10 10 10 12 10
13 15 14 14 14 23 21 23 21 19 12 11 11 13 10 10 10
12 12 21 21 32 32 22 22 17 22 19 23 23 29 24 12 10
10 10 10 10 10 10 11 11 11 12 12 13 13 11 11 11 12
21 21 11 9 8 8 8 8 8 8 10 16 18 20 15 15 15 21 15 12
11 11 15 11 12 12 15 13 13 13 13 14 14 14 14 18 11
10 9 9 9 10 8 8 8 10 14 12 25 25 30 28 24 21 12 15
11 11 11 12 11 8 10 10 8 8 10 15 12 12 12 18 18 18
18 15 18 13 17 13 18 13 13 13 16 15 12 12 12 12 12
12 12 11 12 12 18 18 27 18 18 14 14 14 15 15 15 12
12 13 18 13 14 14 14 14 17 17 15 15 24 15 12 12 12
16 15 20 20 20 16 16 12 11 11 12 12 14 18 15 15 13
13 12 12 12 12 12 12 12 12 12 13 18 18 19 19 20 15
15 19 12 12 12 12 12 11 11 11 11 20 15 13 11 11 12
12 12 11 12 12 13 12 14 15 18 20 23 24 21 17 17 8 12
6 6 8 8 9 11 13 20 24 30 28 20 18 11 11 11 11 12 12
16 19 17 21 14 14 14 22 22 15 13 13 15 10 10 10 8 8
9 12 11 21 18 13 13 12 18 12 11 11 18 19 22 28 19 19
19 14 9 9 13 17 12 18 12 12 11 15 15 22 19 21 18 12
11 10 10 10 10 13 12 11 8 8 6 6 8 8 10 10 11 11 11
11 11 11 12 15 15 15 21 12 12 14 14 18 18 17 15 14
21 15 15 15 16 16 16 19 17 13 15 15 12 14 12 12 11
11 11 12 8 8 8 8 8 8 8 8 10 13 23 22 23 18 16 9 9 9
9 9 11 11 10 9 9 10 10 10 11 11 10 8 8 10 8 10 10 13
12 13 7 8 8 8 11 11 15 12 8 12 7 6 8 8 10 13 8 10 10
10 10 8 16 10 10 10 14 14 12 12 14 13 13 11 10 8 8
8 8 8 8 8 8 8 16 15 17 17 15 17 15 12 11 11 11 10 13
13 15 19 18 19 17 15 12 12 12 14 14 14 12 12 12 10
10 10 10 10 9 8 8 6 6 8 8 8 8 9 13 13 13 13 9 9 9 14
16 23 18 16 12 12 14 14 12 9 10 9 9 13 8 8 8 10 10
10 10 9 12 12 15 15 12 12 11 11 11 15 12 12 10 13 10
10 11 10 10 10 9 9 8 8 8 8 8 8 8 8 8 10 8 8 8 8 8 8
10 15 10 10 8 10 8 8 8 8 8 8 8 8 6 6 8 8 8 10 10 10
10 11 11 11 11 11 11 11 11 10 10 13 10 9 9 10 10 10
9 10 10 10 10 9 8 8 8 8 8 8 8 10 10 10 10 13 10 10
9 8 8 6 6 12 11 6 6 8 8 10 10 10 10 13 15 11 9 9 8
8 8 8 8 14 16 13 12 12 12 11 11 12 12 10 10 11 8 8
6 6 8 8 9 9 10 10 11 11 10 9 10 9 9 8 8 8 8 10 8 8
8 8 8 8 6 8 8 8 8 10 10 11 10 11 9 10 8 8 8 8 8 8 8
8 8 15 11 9 9 15 17 24 21 10 10 6 6 8 8 11 10 10 10
10 10 8 8 8 8 8 8 8 8 8 8 11 12 11 11 8 8 8 8 8 8 7
7 8 8 6 6 8 8 8 8 8 8 8 8 9 10 9 10 10 10 10 10 10
10 10 9 9 9 13 10 10 10 
>11_A70_Premixed PHD_FILE: 11_A70_Premixed.phd.1
10 10 9 9 6 6 6 6 6 6 9 10 8 9 9 8 10 8 8 8 10 10 10
10 10 15 15 10 8 8 8 19 10 11 12 13 20 19 23 23 22
23 16 15 15 19 32 33 33 33 33 33 39 39 47 36 50 38
42 36 36 47 50 48 48 48 48 48 48 53 53 48 48 48 42
42 42 42 39 39 33 30 27 25 25 23 32 34 68 68 68 68
68 57 57 57 57 57 57 57 57 57 57 57 57 57 57 57 57
57 37 44 44 59 57 57 57 59 59 59 57 57 68 59 68 68
57 57 57 57 68 68 57 57 54 54 54 57 57 59 59 59 59
68 68 68 57 57 57 57 57 59 59 59 59 59 57 68 68 68
68 68 68 68 68 68 68 68 68 68 68 68 68 68 68 68 68
68 68 68 68 68 68 68 68 68 68 68 68 68 68 68 68 68
68 68 68 68 68 68 68 68 68 68 68 68 68 68 68 68 68
68 68 68 68 68 68 62 62 62 62 62 62 62 62 62 62 62
62 62 62 62 62 62 62 62 62 62 62 68 68 68 68 68 68
68 68 68 68 68 68 68 68 68 68 68 68 62 62 62 62 62
62 68 68 68 68 68 68 68 68 68 68 68 68 68 68 68 68
68 68 68 68 68 68 68 68 68 68 68 68 68 68 68 68 68
68 68 68 68 68 68 68 68 68 68 68 68 68 68 68 68 68
68 68 68 68 68 68 68 68 68 62 68 62 62 62 62 62 68
62 68 68 68 68 68 68 68 68 68 68 68 68 68 68 68 68
62 62 62 68 68 68 68 68 68 68 68 68 68 68 62 62 62
62 62 62 62 68 62 68 68 68 62 62 62 68 68 68 68 68
68 62 62 62 62 62 62 62 68 68 68 68 68 68 68 62 68
68 62 62 62 62 62 62 62 62 68 68 68 68 62 62 62 62
62 62 62 68 68 68 68 68 68 62 62 62 62 62 62 62 62
62 62 62 62 62 68 68 68 68 68 62 62 62 62 62 62 62
62 62 62 62 62 62 62 62 62 68 68 68 68 68 68 68 62
62 62 62 62 62 62 62 62 62 62 62 62 62 62 62 62 62
62 62 68 68 68 68 68 68 68 62 62 62 62 62 62 62 62
62 62 62 62 62 62 62 62 62 62 62 62 62 62 62 62 62
62 62 62 62 62 62 62 62 62 62 62 62 62 62 62 62 62
62 62 62 62 62 62 62 68 62 62 62 62 62 62 62 62 62
62 62 62 62 62 62 62 62 62 62 57 57 57 59 59 68 68
68 68 68 68 68 59 59 59 59 59 57 57 59 59 59 59 59
59 68 68 68 68 57 57 57 57 57 57 57 57 57 57 57 59
57 68 68 68 68 68 68 68 57 57 57 57 57 57 57 57 57
57 68 68 59 59 59 59 57 57 57 57 57 57 54 57 57 54
54 54 57 57 57 57 57 57 57 59 59 68 68 68 57 57 57
57 57 57 57 57 59 57 57 57 59 57 57 57 68 57 57 59
57 57 57 57 57 57 57 57 57 57 57 57 57 57 57 57 57
57 57 57 57 57 54 54 57 57 59 59 57 57 68 68 57 57
57 48 48 48 48 57 57 57 48 48 48 57 57 48 48 48 48
57 48 48 48 48 41 41 41 41 41 37 37 31 31 37 41 41
41 42 42 42 48 48 50 50 57 57 57 57 48 48 48 47 47
47 43 43 48 48 48 42 48 57 57 43 43 43 48 48 50 50
50 50 50 57 48 47 47 47 47 47 48 57 57 48 48 48 48
39 39 39 37 37 37 41 41 37 37 37 32 31 32 37 41 41
41 31 31 32 37 37 41 47 47 47 47 47 47 47 41 41 41
37 37 37 41 37 25 19 19 24 27 30 34 34 18 18 20 23
25 29 32 12 14 14 14 19 19 28 31 37 37 37 28 28 30
30 32 28 32 30 25 18 18 15 24 12 12 12 27 15 22 23
23 16 12 11 9 9 9 9 13 15 21 16 13 18 19 14 14 12 11
21 20 24 28 10 8 7 7 7 7 16 16 20 32 28 24 24 20 29
30 22 16 17 11 11 8 8 8 9 8 10 9 10 10 15 10 15 16
13 10 10 10 10 10 10 10 10 12 8 11 11 8 8 8 13 15 21
27 19 10 10 14 9 9 8 9 9 9 9 9 9 9 9 10 12 13 11 10
11 11 8 8 9 9 9 9 11 13 15 15 20 21 12 10 8 10 8 8
11 14 15 19 19 19 18 14 18 13 15 13 12 12 8 8 8 8 8
8 
>12_A70_Premixed PHD_FILE: 12_A70_Premixed.phd.1
10 10 10 10 10 10 6 6 6 6 6 6 11 9 9 10 8 10 10 12
10 10 10 10 15 15 21 25 22 12 12 10 10 11 11 10 10
10 10 10 15 16 14 12 12 13 12 9 9 8 10 8 8 8 10 10
10 13 13 13 12 12 11 10 9 8 8 9 8 8 8 10 10 10 12 10
10 9 9 9 9 8 14 10 9 9 10 12 11 15 12 12 9 9 8 8 8
8 8 8 8 8 8 10 10 11 17 11 15 15 21 19 19 10 10 8 8
8 8 8 10 8 10 10 10 10 12 13 10 10 10 10 10 11 15 12
11 11 13 17 13 11 9 10 10 10 10 10 10 12 14 18 20 20
15 15 11 11 10 15 10 10 8 12 12 9 14 12 9 9 9 9 9 10
18 23 23 23 26 25 19 11 11 11 13 13 13 10 8 8 8 8 8
8 8 12 13 15 15 12 10 18 12 12 12 12 12 11 11 11 13
13 8 8 8 13 10 13 13 8 8 6 6 8 8 10 14 24 10 10 8 8
8 8 8 11 11 9 10 10 8 8 8 8 8 8 9 9 10 10 13 15 18
12 11 11 11 12 12 12 12 12 12 18 15 18 13 8 8 8 8 8
8 10 10 8 8 8 8 11 11 13 8 8 8 8 8 10 9 8 8 6 6 6 8
8 10 10 9 12 9 9 9 9 16 17 16 11 11 11 13 14 15 16
10 10 10 10 10 11 11 11 9 9 9 12 12 12 12 12 15 15
12 13 13 13 12 14 11 10 10 11 12 12 11 11 12 11 11
11 11 11 12 24 13 8 8 8 8 8 8 12 12 12 12 12 12 12
21 10 10 10 10 8 8 10 10 10 13 13 15 14 14 10 13 10
9 9 10 10 10 14 14 14 11 11 12 12 11 13 13 13 8 8 8
8 8 8 15 21 19 13 13 11 21 12 10 8 8 8 8 9 10 10 10
10 10 9 12 14 15 15 18 11 11 11 9 8 8 8 8 8 8 8 11
11 10 8 8 8 10 10 10 15 14 13 13 15 15 10 9 9 9 13
10 14 14 12 9 8 8 8 8 8 10 12 11 10 10 8 8 8 8 8 8
9 9 9 10 12 12 16 9 10 10 10 12 10 10 8 8 6 6 8 8 10
9 9 12 10 10 10 12 8 12 8 8 8 8 12 12 19 12 15 15 15
15 12 11 11 11 10 11 10 10 14 15 21 25 24 24 10 10
8 8 8 8 8 8 10 16 14 8 8 8 8 8 8 9 10 10 11 11 10 10
10 9 9 10 9 9 9 10 12 13 12 10 8 8 8 8 8 9 8 9 8 8
8 10 13 12 13 14 10 9 9 11 11 10 10 10 10 16 13 12
8 8 8 12 8 8 8 8 8 8 8 8 9 8 8 8 7 9 9 9 9 10 13 22
17 15 10 12 10 10 9 9 13 10 8 8 8 8 10 8 9 10 10 10
13 13 14 14 13 19 12 12 10 10 8 10 7 7 8 8 10 14 14
21 22 11 16 16 17 16 11 11 10 9 9 9 9 12 8 8 6 6 8
8 10 15 15 13 11 10 12 11 11 11 10 10 14 13 13 9 9
8 8 6 6 8 6 8 12 10 8 10 13 15 10 10 10 8 9 8 8 8 8
8 10 8 8 8 10 13 21 28 14 12 12 10 10 10 10 9 9 10
13 11 11 11 9 8 8 8 8 8 8 8 8 8 8 12 11 10 10 10 10
12 19 19 22 11 9 9 8 8 6 7 6 6 8 8 8 13 22 10 10 10
10 10 10 10 10 8 9 10 8 8 8 6 6 6 8 10 10 8 8 8 8 8
8 8 8 10 10 8 8 8 8 10 10 8 8 8 8 8 10 8 8 8 8 8 8
9 13 13 11 9 8 8 8 8 10 11 10 8 8 8 6 6 8 8 9 10 12
10 8 8 8 8 6 6 8 8 8 8 8 6 6 8 6 8 10 8 9 9 11 11 11
10 10 11 9 8 8 8 10 8 8 8 8 10 9 12 10 15 10 9 9 9
10 9 10 11 11 12 11 11 11 11 15 13 14 18 15 11 8 8
8 8 8 8 8 8 8 8 8 10 12 14 11 11 11 11 11 13 10 9 9
9 12 11 13 16 16 16 18 11 11 13 8 8 8 11 6 11 6 6 8
6 
>13_A70_Premixed PHD_FILE: 13_A70_Premixed.phd.1
9 9 11 9 8 6 6 6 6 6 6 9 9 8 8 8 8 8 8 9 9 6 6 6 6
6 6 8 8 8 8 17 11 10 11 10 10 8 8 11 10 8 8 8 13 13
11 9 9 10 10 9 10 13 19 20 14 14 13 9 9 13 15 15 11
11 10 14 12 14 14 14 17 22 18 19 17 19 12 12 13 20
20 24 26 28 28 22 15 8 8 8 12 14 19 19 17 26 29 39
39 43 57 48 57 48 48 48 34 33 33 33 33 32 29 16 10
10 10 15 22 8 8 8 17 22 33 37 37 37 37 41 48 48 48
48 57 48 39 43 43 43 43 26 19 10 10 10 28 26 39 39
39 39 42 36 37 39 39 43 43 59 43 48 48 48 48 47 48
48 48 48 59 59 59 59 59 48 48 48 48 57 57 57 59 59
59 57 57 57 57 57 57 57 57 48 48 37 43 43 59 57 68
68 68 57 57 68 68 68 68 57 59 59 57 57 57 59 59 59
57 57 57 57 57 57 57 57 57 57 57 57 57 57 59 59 68
68 59 59 68 68 68 68 68 68 68 68 68 68 68 68 68 68
68 68 68 68 68 68 68 68 68 59 59 59 59 59 59 68 68
68 59 59 52 52 52 59 59 68 68 68 68 68 68 68 68 68
68 68 68 68 68 68 68 68 68 68 68 68 68 68 68 68 68
68 68 68 68 68 68 68 68 68 68 68 68 68 68 68 68 68
68 68 68 68 68 68 62 62 62 68 68 68 68 68 68 68 68
68 68 68 68 68 68 68 68 68 68 68 68 68 68 68 68 68
68 68 68 68 68 68 68 68 68 68 68 62 62 62 62 62 62
62 68 62 68 68 68 68 68 68 68 68 68 68 68 68 68 68
68 68 68 68 68 68 68 68 68 68 68 68 68 68 68 68 68
68 62 62 68 68 68 68 68 68 68 62 62 62 62 62 62 62
68 68 68 68 68 68 68 68 68 68 68 68 62 62 62 62 62
62 62 68 68 68 68 68 68 68 68 68 68 68 62 62 62 62
62 62 62 68 68 68 68 68 68 68 68 68 68 68 62 62 62
62 62 62 62 62 62 62 62 68 68 68 68 68 68 68 68 68
68 68 68 68 68 68 62 62 62 62 62 62 62 62 62 62 62
62 59 59 59 59 59 59 59 59 57 57 57 57 57 57 57 57
57 57 57 59 68 68 59 59 59 59 59 59 59 59 59 59 59
59 59 59 57 57 57 57 57 57 57 57 57 59 59 59 59 57
57 57 57 57 57 59 59 54 54 54 59 59 57 57 57 57 57
57 59 59 59 59 59 59 57 57 57 57 57 59 59 59 68 68
68 68 59 59 57 57 59 59 59 59 57 54 54 59 57 57 54
57 57 57 57 57 57 57 54 48 48 57 57 48 57 57 57 59
59 59 59 59 54 54 54 57 54 54 54 46 46 39 39 39 46
46 54 54 54 54 57 59 59 68 59 59 48 48 48 48 48 48
57 57 57 59 59 48 59 57 57 48 48 48 48 59 59 59 59
59 59 44 41 41 44 44 47 47 59 59 41 48 48 48 48 57
57 57 48 48 57 57 59 59 57 57 48 48 48 39 39 39 39
37 37 41 41 47 47 47 44 37 32 32 37 37 41 59 59 59
41 48 41 41 41 41 41 44 44 37 37 41 43 40 41 41 41
41 39 48 47 47 47 41 41 41 41 29 29 37 37 37 37 41
47 41 41 41 41 41 41 41 31 31 43 41 44 44 44 37 37
43 39 38 32 32 39 34 37 43 43 47 41 41 41 37 37 37
37 37 37 41 47 41 41 41 41 37 37 44 43 43 41 31 31
32 31 25 31 39 41 39 39 34 34 38 39 41 41 37 37 37
41 41 37 31 37 41 41 41 32 32 18 18 18 28 31 37 41
37 37 37 37 41 41 37 37 41 41 41 41 41 37 37 44 36
36 32 29 29 37 41 41 37 37 37 37 31 31 41 40 37 39
37 37 32 32 28 31 37 41 34 34 41 41 30 25 22 24 24
30 24 30 22 14 14 15 14 17 24 34 36 36 37 37 37 37
36 41 32 32 31 31 25 13 11 8 8 8 13 17 28 33 24 24
30 30 32 31 17 9 3 0 3 9 9 11 11 12 12 12 15 24 25
26 27 25 25 30 29 27 16 9 3 0 3 13 13 18 23 17 15 10
10 10 13 14 14 16 12 12 11 15 22 14 11 10 10 12 13
20 19 15 15 16 15 12 13 21 21 17 23 14 15 19 23 18
11 11 11 12 12 10 10 10 11 15 18 24 12 12 12 10 11
11 10 11 9 14 13 15 15 15 17 10 10 10 12 13 10 10 11
14 13 15 10 8 8 8 8 8 8 8 8 8 8 9 9 9 10 10 10 10 10
10 9 10 10 9 9 8 8 8 8 8 11 10 10 10 11 11 11 16 11
10 10 10 10 10 10 10 10 10 10 11 9 9 7 7 8 8 8 
>14_A70_Premixed PHD_FILE: 14_A70_Premixed.phd.1
6 6 6 6 6 7 6 6 6 6 6 8 8 10 9 9 9 7 8 6 6 6 6 6 8
8 8 8 8 8 10 14 21 12 10 8 8 6 6 6 10 10 10 10 15 11
15 19 21 10 10 8 8 9 23 27 28 22 22 24 24 28 34 34
34 32 32 20 20 20 20 20 37 37 47 47 42 39 39 39 36
36 33 22 15 9 9 9 21 25 25 26 25 44 44 57 57 57 57
57 57 57 57 48 48 57 48 48 48 57 32 32 14 14 14 34
34 23 23 23 44 44 57 57 57 59 68 68 59 59 57 57 57
59 57 57 43 43 43 38 38 20 20 20 41 41 57 57 57 57
54 54 54 57 57 57 57 57 57 68 68 68 68 68 68 68 68
68 68 68 68 68 68 68 68 68 68 57 57 57 57 57 57 57
68 68 68 68 68 68 68 68 68 68 59 59 59 59 68 68 68
68 68 68 68 68 68 68 68 68 68 68 68 68 68 68 68 68
68 62 62 62 62 62 62 62 62 62 62 62 62 62 62 62 62
62 62 62 62 62 62 68 68 68 68 68 68 68 68 68 68 68
68 68 68 68 68 68 62 62 62 62 62 62 62 68 68 68 68
68 68 68 68 68 68 68 68 68 68 68 68 68 68 68 68 68
68 68 68 68 68 68 68 68 68 68 68 68 68 68 68 68 68
68 68 68 68 68 68 68 68 68 68 68 68 68 68 68 68 68
68 68 68 68 68 68 68 68 68 68 68 68 68 68 68 68 68
68 68 68 68 68 68 68 68 68 68 68 68 68 68 68 68 68
68 68 68 68 68 68 68 68 68 62 62 62 62 62 62 62 62
62 62 62 62 62 62 62 62 62 68 68 68 68 68 68 68 68
68 68 68 68 68 68 68 68 68 68 68 68 68 62 62 62 62
62 62 62 62 62 68 68 68 62 62 62 62 62 62 62 62 62
68 68 68 68 68 68 68 68 68 68 62 62 62 62 62 62 62
68 68 68 68 68 68 68 68 68 62 62 62 62 62 62 62 62
62 68 68 68 68 68 68 68 68 68 68 68 62 62 62 62 62
62 62 62 62 62 62 62 68 68 68 68 68 68 68 68 68 68
68 68 68 68 68 62 62 62 62 62 62 62 62 62 62 62 62
62 62 62 62 68 68 62 62 62 62 62 62 62 62 62 62 62
62 62 68 68 68 62 62 62 62 62 62 62 68 68 68 62 62
62 68 68 68 62 62 62 62 62 62 62 62 62 62 62 62 62
62 62 62 62 62 59 59 59 59 59 68 68 68 68 68 68 68
59 59 59 59 59 59 59 68 68 68 68 68 68 68 68 68 68
59 59 59 59 59 57 57 57 57 57 57 59 59 59 68 68 68
68 68 68 57 59 59 59 59 57 57 57 57 57 68 68 68 68
59 59 59 59 59 59 59 59 59 57 57 54 38 38 16 15 18
41 38 59 59 59 68 68 68 68 57 57 57 57 57 57 59 59
59 59 59 59 59 68 68 68 68 68 68 68 57 57 57 57 57
57 57 59 68 68 68 68 68 68 68 68 68 68 68 68 57 57
54 54 54 54 57 57 57 68 68 68 68 57 57 48 48 48 57
59 59 59 59 57 57 57 47 47 50 50 47 57 50 50 48 48
47 47 47 59 59 59 44 41 41 44 59 47 47 47 50 50 50
50 50 48 57 43 34 34 34 37 43 50 59 57 57 43 43 24
24 20 34 32 57 42 42 42 43 43 51 57 57 34 34 23 23
15 27 27 47 36 42 22 22 22 29 31 47 57 48 48 48 48
50 47 41 37 37 30 19 12 10 10 10 12 14 16 20 28 28
22 22 28 28 33 28 30 25 22 22 22 22 18 20 20 28 35
37 27 25 28 28 28 24 28 18 18 18 25 21 20 20 11 11
12 11 14 12 18 19 11 10 8 8 8 9 15 15 17 9 9 9 9 9
13 19 14 9 8 9 8 12 11 14 10 10 12 11 6 6 6 6 8 10
13 17 10 8 8 8 8 11 11 11 12 12 11 11 14 10 10 10 12
12 11 11 6 6 6 6 8 6 8 8 8 8 8 9 9 9 16 12 9 9 8 8
6 6 6 8 9 18 12 11 9 12 16 15 8 8 8 8 8 8 8 6 6 7 6
6 8 8 8 8 8 11 9 9 9 9 10 9 9 8 8 8 6 6 7 13 12 11
10 10 10 10 11 9 9 6 6 6 6 6 7 8 8 8 8 8 8 8 8 8 8
8 8 8 8 6 7 8 9 10 10 10 11 7 7 6 6 6 6 6 8 8 8 8 9
9 12 10 17 14 7 6 6 6 6 6 9 11 17 12 8 8 8 8 
>1_A70_Premixed PHD_FILE: 1_A70_Premixed.phd.1
8 8 8 8 10 12 12 10 13 13 12 13 10 8 8 8 8 10 15 10
8 8 10 17 19 17 13 8 8 8 8 10 9 8 8 17 15 8 8 8 9 9
18 22 23 25 31 31 31 31 31 36 30 35 35 35 32 32 36
37 37 40 36 36 36 47 47 47 43 57 57 48 42 36 30 29
29 28 29 33 33 36 32 43 43 50 68 68 50 50 59 57 57
57 57 57 57 57 57 57 57 57 57 57 57 57 57 41 44 44
57 57 57 57 57 57 57 57 57 57 57 57 57 57 57 57 57
57 44 35 23 26 26 38 38 59 59 59 59 68 68 68 57 57
57 57 57 57 57 57 57 57 57 68 68 68 68 68 68 57 57
57 57 57 59 59 57 57 57 59 57 57 68 68 68 68 68 68
68 68 68 68 68 68 68 68 68 68 68 68 68 68 68 68 68
57 57 57 57 57 57 59 68 68 57 57 68 68 68 68 68 68
68 57 62 62 62 62 62 62 62 52 52 62 62 62 62 62 62
62 62 62 62 62 62 68 68 68 68 68 68 68 68 68 68 68
68 68 68 68 68 68 62 62 62 62 62 62 62 62 62 62 62
62 62 62 62 62 62 62 62 62 68 68 68 68 68 68 68 62
62 62 62 68 68 68 62 62 62 62 62 62 68 68 62 62 62
62 62 62 62 68 68 62 62 62 62 62 62 62 62 68 62 62
62 62 62 62 62 62 62 62 62 62 62 62 62 62 62 62 62
62 62 62 62 62 62 62 62 62 68 68 62 62 62 62 62 62
62 62 62 62 62 62 62 62 62 62 62 62 62 62 62 62 62
62 62 62 62 62 62 62 62 62 62 68 68 62 62 62 62 62
62 62 62 62 62 62 62 62 62 62 62 62 62 62 62 52 52
52 52 52 62 62 62 68 68 62 62 62 62 62 62 62 62 68
68 68 68 68 68 62 62 62 62 62 62 62 62 62 62 62 62
62 62 62 62 62 62 62 62 62 62 62 62 62 62 62 62 62
62 62 62 62 62 62 68 68 62 62 62 62 62 62 62 62 62
62 62 62 62 62 62 62 62 62 62 68 68 68 68 68 62 62
62 62 62 62 62 62 62 52 52 52 59 59 59 68 57 57 57
57 57 57 59 59 59 59 59 59 57 57 57 59 59 59 59 57
57 57 57 57 57 57 57 57 57 59 59 59 59 57 57 57 59
59 59 59 59 59 59 59 52 52 52 59 57 57 57 59 59 59
59 59 59 57 57 52 52 52 57 59 59 59 68 68 59 59 57
57 57 59 59 59 57 57 57 59 59 59 59 59 59 68 59 57
57 46 44 40 46 46 57 57 57 57 57 57 57 57 59 59 57
57 57 57 57 57 59 59 34 32 12 12 19 34 44 59 57 54
54 54 54 48 48 54 54 54 54 34 34 17 17 14 30 15 20
20 28 28 43 43 59 48 50 48 47 47 47 47 47 50 48 50
48 48 37 31 31 30 30 30 28 22 23 9 9 9 18 20 28 34
32 46 30 30 15 15 9 9 9 9 11 11 16 12 14 14 28 23 32
32 59 43 48 48 48 47 47 47 37 31 30 30 28 18 21 15
24 24 31 39 25 24 24 22 19 19 17 19 18 24 11 11 13
13 13 11 19 18 12 12 14 21 21 34 20 20 28 36 37 59
59 43 39 39 35 35 32 39 39 18 16 9 9 9 18 17 16 13
12 11 15 31 28 28 18 10 10 9 8 17 12 8 8 6 6 6 6 9
9 16 12 12 13 12 14 14 22 16 18 15 8 8 8 8 8 8 9 9
9 9 9 13 12 16 11 11 11 21 21 14 13 8 6 6 6 8 8 10
8 8 8 8 8 6 6 8 13 8 10 7 6 6 8 9 9 9 7 6 8 8 8 9 10
11 8 8 7 7 7 8 9 8 8 9 9 9 9 8 8 8 8 6 8 6 6 6 6 6
8 13 13 13 9 9 9 12 14 11 11 11 15 13 15 13 8 8 8 8
8 6 7 7 8 8 8 6 6 6 7 11 13 15 18 18 7 6 6 11 8 8 10
6 6 6 8 6 6 7 8 7 9 7 7 8 8 8 8 11 8 8 8 8 7 9 6 6
6 8 8 8 8 9 6 6 6 6 6 6 9 9 7 7 8 7 6 6 8 8 8 8 6 6
6 6 10 10 14 19 13 15 8 8 8 8 8 8 8 8 8 7 7 7 7 7 8
8 8 11 10 10 8 6 6 6 6 6 6 8 8 8 8 7 9 9 9 9 8 8 8
8 8 8 8 8 8 8 8 8 8 9 9 19 13 10 9 9 8 7 7 7 8 10 7
6 6 6 6 8 6 8 3 0 3 8 8 12 9 9 10 8 8 8 8 8 8 15 15
18 15 8 8 3 0 3 8 8 8 8 8 17 17 17 17 12 12 12 12 18
22 10 6 6 8 8 9 19 8 8 3 0 0 3 18 19 9 9 8 8 8 6 8
6 7 8 12 12 8 9 9 8 8 8 8 10 10 10 8 9 9 10 10 10 
>2_A70_Premixed PHD_FILE: 2_A70_Premixed.phd.1
10 10 10 10 10 9 7 7 9 8 7 6 8 6 10 8 10 8 8 8 10 9
10 10 10 20 20 16 10 10 8 13 10 11 12 22 34 37 25 17
11 11 10 10 10 24 19 33 33 33 33 33 36 36 36 36 36
36 43 37 37 47 50 43 43 35 35 37 42 43 59 57 48 48
43 43 42 42 41 41 31 30 21 25 25 23 36 44 57 68 54
50 57 57 57 57 57 57 57 57 57 59 57 57 57 57 57 57
38 44 23 28 28 44 44 43 43 43 57 57 68 68 68 59 59
57 57 57 57 57 57 57 57 57 57 57 57 57 59 54 54 54
59 59 68 68 57 57 57 57 59 59 59 68 68 68 68 68 68
68 68 68 68 68 68 68 68 68 68 68 68 68 68 68 68 68
68 68 68 68 68 68 68 68 68 68 68 68 68 68 68 68 68
68 68 68 68 68 68 68 68 68 68 68 68 68 68 68 68 68
68 68 68 68 68 68 68 62 62 62 62 62 62 62 62 62 62
62 62 62 62 62 62 62 62 62 62 62 62 68 68 68 68 68
68 68 68 68 68 68 68 68 68 68 68 68 62 62 62 62 62
62 62 68 68 68 68 68 68 68 68 68 68 68 68 68 68 68
68 68 68 68 68 68 68 68 68 68 68 68 68 68 68 68 68
68 68 68 62 62 62 62 68 68 68 68 68 68 68 68 68 68
68 68 68 68 68 68 68 68 68 68 62 68 68 68 68 68 68
68 68 68 68 68 68 68 68 62 62 62 62 68 68 68 68 68
68 68 68 68 68 68 68 68 68 68 68 68 68 68 68 62 62
62 62 62 62 62 68 68 68 62 62 62 62 62 62 62 68 68
68 68 68 68 68 68 68 68 68 68 68 68 68 68 68 68 68
68 68 62 62 62 62 62 62 62 62 62 68 68 68 62 62 62
62 62 62 62 62 62 62 68 68 68 68 68 68 68 68 68 62
62 62 62 62 62 62 68 68 68 68 68 68 68 62 62 62 62
62 62 62 62 62 62 62 62 62 62 62 68 68 68 68 68 68
68 62 62 62 62 62 62 62 62 62 62 62 62 62 62 62 68
68 68 68 68 68 68 68 68 68 68 68 62 62 62 62 62 62
62 62 62 62 62 62 62 62 62 62 62 62 62 62 62 62 52
52 62 62 62 62 62 62 62 68 68 62 62 62 62 62 62 62
62 62 68 68 59 59 59 57 57 57 57 57 57 59 57 57 57
68 68 68 57 57 57 57 57 57 59 59 57 57 57 59 59 57
57 57 57 57 57 59 59 59 59 59 59 59 59 59 59 57 57
59 59 59 68 68 68 59 59 57 57 59 59 59 59 59 57 57
59 57 57 57 57 57 57 57 57 57 57 52 47 47 57 57 48
57 57 57 59 68 68 59 59 57 57 57 59 59 57 57 57 57
54 54 54 57 57 57 57 57 57 54 59 57 57 57 57 48 48
48 57 57 57 57 57 54 57 57 54 59 57 57 57 54 54 57
57 68 57 57 57 57 57 57 57 57 57 57 57 57 57 57 57
48 48 48 59 59 59 48 48 57 57 57 48 48 37 37 37 37
37 37 36 36 35 34 34 41 59 41 47 41 41 37 37 41 41
41 41 41 41 39 40 36 32 28 31 43 37 41 37 37 41 41
37 31 23 18 16 19 20 32 29 37 37 37 37 39 37 37 43
43 47 47 37 37 37 37 37 41 47 43 28 24 24 28 30 30
41 41 37 39 41 41 41 30 27 24 19 19 28 30 30 30 33
33 33 37 37 37 48 42 50 37 30 25 25 24 22 26 41 41
37 32 26 27 27 32 39 39 47 35 35 28 29 28 24 23 14
17 15 24 13 14 14 19 13 16 16 21 23 23 14 14 14 21
27 31 17 12 8 8 8 10 17 37 31 35 29 28 22 18 18 28
19 21 19 19 32 28 37 39 39 39 37 37 41 30 25 25 21
17 10 10 10 11 13 13 10 10 11 16 28 18 19 20 15 17
12 12 13 28 23 34 28 18 12 11 10 10 15 13 20 10 12
9 9 9 8 10 8 8 8 8 8 15 13 9 8 8 8 10 10 10 10 10 15
13 15 15 13 8 8 8 8 9 9 13 14 10 10 9 8 8 8 8 11 8
10 9 9 9 9 10 8 8 8 8 8 8 8 9 9 9 8 8 8 8 8 8 11 11
8 8 8 8 8 8 8 8 8 10 10 8 8 8 8 8 8 8 
>3_A70_Premixed PHD_FILE: 3_A70_Premixed.phd.1
6 6 6 6 7 10 8 8 9 10 9 9 9 14 14 9 8 8 8 11 15 10
8 8 10 19 24 19 13 8 8 8 10 8 8 8 11 15 18 19 23 20
19 14 13 13 19 23 23 25 31 31 31 33 33 36 36 50 38
42 36 36 37 37 50 50 47 43 43 47 47 47 43 48 48 42
42 42 42 37 37 37 42 42 41 46 39 44 44 68 68 68 54
68 57 57 57 57 57 57 57 57 57 57 57 57 57 57 57 57
57 47 57 57 57 57 57 57 57 57 57 57 57 57 59 68 68
57 57 57 57 57 57 57 57 54 54 54 57 57 59 59 59 59
68 68 68 57 57 57 57 57 59 59 59 59 59 59 68 68 68
68 68 68 68 68 68 68 68 68 68 68 68 68 68 68 68 68
68 68 68 68 68 68 68 68 68 68 68 68 68 68 68 68 68
68 68 68 68 68 68 68 68 68 68 68 68 68 68 68 68 68
68 68 68 68 68 68 62 62 62 62 62 62 62 62 62 62 62
62 62 62 62 62 62 62 62 62 62 62 68 68 68 68 68 68
68 68 68 68 68 68 68 68 68 68 68 62 62 62 62 62 62
62 68 68 68 68 68 68 68 68 68 68 68 68 68 68 68 68
68 68 68 68 68 68 68 68 68 68 68 68 68 68 68 68 68
68 68 68 68 68 68 68 68 68 68 68 68 68 68 68 68 68
68 62 62 62 62 62 62 62 68 62 62 62 62 68 68 68 68
68 68 68 68 68 68 68 62 62 62 62 62 62 62 68 68 68
68 62 62 68 68 68 62 62 62 62 62 62 62 68 62 62 62
62 62 62 62 62 62 62 62 62 62 62 62 62 62 68 68 68
62 68 68 68 68 68 68 62 62 68 68 68 68 62 62 62 68
68 62 62 62 62 62 62 62 62 62 62 68 68 62 62 62 62
62 62 62 62 62 62 68 68 68 62 62 62 62 62 62 62 62
62 62 62 62 62 68 68 62 62 62 62 68 68 68 62 62 62
62 62 62 62 62 62 62 62 62 62 68 68 68 68 68 68 68
62 62 62 62 62 62 57 57 57 57 59 68 68 68 68 68 68
68 68 68 68 68 68 68 68 68 68 59 59 57 57 57 59 57
57 57 57 57 57 59 59 59 59 59 59 59 59 59 57 57 57
57 57 57 57 59 59 59 68 68 59 59 59 59 59 59 57 57
57 57 57 57 59 59 57 57 57 57 57 57 57 57 57 59 59
59 59 57 57 54 54 54 57 57 57 57 57 57 59 59 57 57
68 68 68 68 68 68 68 68 57 57 57 57 57 59 59 59 59
59 68 68 68 59 57 57 57 57 57 57 57 57 57 54 54 59
57 57 54 57 57 57 59 68 57 57 54 48 48 57 57 48 57
57 57 59 59 59 59 59 48 48 48 47 47 50 47 48 48 48
48 46 41 37 37 37 37 37 32 37 43 59 47 47 47 47 46
48 48 48 48 48 48 59 59 48 57 48 57 48 48 48 57 57
57 57 57 57 48 48 48 48 47 47 47 47 44 44 44 41 37
41 41 47 47 47 47 47 48 48 48 48 57 57 48 57 48 43
43 40 40 40 40 47 47 41 37 31 31 40 36 37 41 41 41
41 41 41 41 37 37 32 29 29 32 37 41 37 37 41 41 37
37 37 37 37 39 43 47 32 32 23 18 18 28 28 14 14 14
21 17 25 30 31 37 33 33 33 32 27 29 19 28 12 16 16
30 32 33 42 42 47 47 39 32 28 28 32 32 37 41 41 41
41 46 48 48 47 47 47 41 30 30 16 9 9 9 9 18 23 30 24
14 14 18 21 21 32 30 30 33 36 41 41 37 37 37 29 30
29 41 37 32 21 22 14 17 19 23 24 18 19 15 14 14 16
13 10 8 8 8 10 15 23 20 22 24 19 13 18 13 8 8 8 8 8
8 8 17 25 25 25 28 32 19 17 19 16 11 11 18 20 18 18
20 30 30 24 21 19 24 28 17 17 16 15 22 22 19 19 11
11 11 17 13 11 21 21 22 22 24 31 24 14 8 8 8 13 13
12 23 11 11 8 8 8 8 8 8 19 16 16 11 11 10 14 12 16
18 18 15 17 16 12 9 9 9 9 8 8 8 9 9 12 12 15 9 9 9
8 8 8 8 8 9 9 9 8 8 8 8 7 8 9 7 7 8 8 8 8 8 13 8 11
10 10 10 12 9 9 9 9 10 10 15 11 12 9 9 9 8 8 6 6 6
6 9 16 14 15 17 11 11 11 12 12 12 
>4_A70_Premixed PHD_FILE: 4_A70_Premixed.phd.1
9 9 9 12 12 10 9 9 9 9 9 9 16 16 13 12 8 8 8 8 11 11
18 25 34 25 20 18 17 22 19 12 12 13 14 25 28 28 29
23 23 21 22 22 28 32 33 33 33 33 33 41 41 47 47 47
36 36 36 36 37 37 50 50 50 53 57 57 57 57 57 50 68
68 54 48 48 54 47 47 48 47 47 48 57 57 68 68 68 68
54 57 57 57 57 57 59 59 59 59 59 57 57 57 57 57 57
57 57 57 57 59 59 59 59 57 57 57 59 57 57 57 57 68
68 68 68 68 68 68 68 57 57 57 48 47 57 59 57 68 68
68 68 68 68 57 57 57 57 68 68 68 68 59 59 59 59 59
57 68 68 68 57 57 59 59 59 59 59 68 68 68 68 68 68
68 68 68 68 68 68 68 68 68 68 68 57 57 57 57 57 57
57 68 68 68 68 68 57 57 57 57 57 57 68 68 68 68 68
68 68 68 68 59 59 59 62 62 62 62 68 68 68 68 68 68
68 68 68 68 68 68 62 62 62 62 62 62 68 68 68 68 68
68 62 62 62 62 62 62 62 68 68 68 68 68 68 68 68 68
68 68 68 68 68 62 62 62 62 62 62 62 62 62 62 68 62
62 62 62 62 62 62 62 68 68 68 68 68 62 62 62 62 62
68 68 68 62 62 62 68 68 68 68 68 68 62 62 62 62 62
62 62 68 68 68 68 68 68 68 68 62 62 62 62 62 68 68
68 68 68 68 68 68 68 62 62 62 62 62 62 62 62 68 68
68 62 62 62 62 62 62 62 68 68 68 68 68 68 68 68 68
62 62 62 62 62 62 62 62 62 68 68 68 68 68 68 68 68
68 68 68 68 68 68 68 68 68 62 62 62 62 62 62 62 62
68 68 68 68 68 68 68 68 68 68 68 68 68 68 62 62 62
62 62 62 62 62 62 62 62 62 62 62 62 62 62 62 62 62
62 62 62 62 62 62 62 62 62 62 62 62 62 68 68 68 68
62 62 62 62 62 62 62 62 62 68 68 62 62 62 62 62 62
62 62 62 62 62 62 62 62 62 62 62 62 62 62 62 62 62
62 62 62 62 62 62 62 62 62 62 62 62 62 62 62 62 62
62 62 62 62 62 62 62 62 52 52 52 62 62 62 62 62 62
62 62 62 62 62 62 62 62 62 68 62 62 62 62 62 62 62
68 68 68 68 59 59 59 59 59 59 57 57 57 57 57 57 59
59 59 59 59 59 59 59 57 57 57 57 57 57 57 57 57 68
68 68 68 68 68 68 68 68 68 68 68 68 68 68 68 68 68
68 68 68 68 68 59 59 59 57 68 68 68 68 68 68 68 68
68 68 57 68 68 68 68 68 68 57 57 57 68 68 68 68 68
68 68 68 68 57 57 57 57 57 57 57 59 59 59 59 57 57
54 57 44 44 33 33 35 44 44 59 57 57 57 59 57 57 57
57 57 57 59 68 59 59 59 59 57 54 54 54 54 68 57 59
57 57 57 59 57 68 68 68 68 50 50 57 57 57 57 35 35
20 15 15 27 30 32 32 23 28 28 37 30 30 30 37 37 37
37 41 25 21 12 12 12 23 18 19 16 16 19 24 30 30 34
25 25 25 30 34 34 36 36 37 37 25 21 14 14 14 26 26
37 37 37 28 28 25 25 25 34 34 28 28 22 22 19 28 29
37 27 24 15 19 16 25 26 41 22 15 8 8 8 8 13 21 26 34
36 37 39 37 32 29 29 30 28 24 24 22 21 12 12 12 22
23 9 8 6 6 8 10 10 11 8 10 8 8 8 8 10 9 8 6 6 6 8 8
9 15 15 23 26 14 12 12 8 8 8 9 9 8 8 8 8 8 8 8 8 9
10 8 8 9 8 6 6 8 8 8 10 13 11 10 10 12 25 15 10 8 8
8 8 8 8 9 11 14 18 15 18 11 11 11 23 17 8 8 8 8 8 11
9 9 9 9 9 6 10 6 6 6 8 10 14 14 14 11 12 10 10 9 7
8 6 6 6 8 8 8 8 6 6 8 6 8 15 10 10 10 11 11 14 11 11
11 10 11 8 8 8 8 10 12 14 14 13 13 10 10 6 6 6 6 7
6 8 12 14 18 22 16 10 8 6 6 7 6 6 8 8 8 8 8 8 8 10
10 8 8 8 8 6 6 6 6 6 7 9 9 11 10 10 10 8 8 8 8 8 10
10 10 12 15 10 9 10 11 11 11 13 12 11 8 6 6 7 7 8 15
12 12 9 12 9 9 8 8 8 8 8 8 8 8 8 8 9 9 10 10 10 10
10 10 12 14 14 8 8 8 8 8 12 12 12 8 8 8 8 8 8 8 8 8
6 6 6 6 3 0 3 8 6 6 6 8 8 8 8 8 8 6 6 6 6 8 8 8 8 8
15 19 10 11 13 13 6 6 6 6 8 6 8 8 8 9 6 8 8 17 12 8
6 6 6 6 8 9 27 12 8 6 6 6 6 8 8 10 10 11 11 8 9 8 8
8 8 8 17 24 23 11 11 10 8 8 6 6 8 3 0 3 13 13 9 8 8
8 8 8 8 10 3 0 3 
>5_A70_Premixed PHD_FILE: 5_A70_Premixed.phd.1
10 10 10 10 9 8 8 8 8 8 8 8 10 10 10 10 8 8 8 8 8 10
18 16 13 10 10 10 10 10 8 8 6 6 8 6 10 11 14 14 17
18 18 8 7 6 6 8 8 8 8 8 8 8 8 8 8 8 8 8 10 12 11 11
12 15 11 9 8 8 8 10 12 10 12 11 16 13 14 13 13 14 12
15 10 8 8 13 8 8 9 9 10 9 10 10 8 8 8 9 10 10 10 11
17 8 8 8 8 8 8 10 11 11 11 11 11 11 12 10 10 10 10
11 10 11 11 11 11 13 15 12 11 11 11 10 8 8 8 8 10 8
14 20 16 21 15 12 12 19 26 28 31 28 23 21 12 12 11
11 11 15 18 19 23 22 24 15 14 14 15 21 27 28 21 16
13 13 12 12 12 15 15 15 11 11 12 16 13 15 19 15 15
15 16 24 27 28 23 23 23 22 22 16 10 10 8 8 10 10 11
25 28 25 25 25 30 30 30 28 22 22 21 21 12 12 11 12
11 12 12 23 12 13 12 11 11 11 11 12 12 12 18 18 13
12 12 16 11 11 11 11 12 12 13 13 13 11 11 13 18 21
25 28 24 19 17 17 17 15 10 10 10 10 10 11 11 12 13
11 11 11 10 10 10 11 11 11 8 8 8 9 9 8 12 8 8 8 8 8
8 10 10 10 13 10 10 10 11 15 11 15 11 11 11 11 16 19
16 13 10 8 8 8 8 8 12 12 11 10 9 10 9 10 9 9 9 9 9
9 10 13 13 12 13 12 12 8 8 6 6 6 8 10 15 15 22 10 9
9 9 9 12 10 12 14 14 11 11 11 11 11 11 12 12 11 11
11 15 12 13 13 15 13 13 12 11 11 12 12 12 15 13 12
11 11 8 8 8 8 8 8 8 8 8 8 8 8 8 8 8 10 8 8 6 6 8 8
9 9 9 10 9 10 13 15 14 21 10 10 9 9 9 9 11 10 10 10
10 10 11 12 11 16 10 10 10 8 8 8 8 9 9 9 10 10 9 9
9 9 12 12 12 11 11 11 11 8 10 11 8 8 8 20 12 11 11
15 10 8 9 9 9 9 10 16 12 12 12 12 12 11 17 16 10 8
8 8 8 8 11 10 10 13 15 12 12 12 11 8 8 12 8 8 8 9 8
8 6 6 8 8 8 8 8 8 8 10 8 6 6 8 8 8 9 9 9 10 10 10 9
8 8 8 8 8 8 10 18 16 11 10 10 9 9 10 10 8 8 8 8 8 8
8 8 8 10 10 10 10 11 8 8 8 8 8 8 12 11 13 13 11 13
13 13 11 13 9 11 11 11 12 11 10 10 10 9 9 9 11 11 12
12 13 15 13 10 10 15 11 10 10 10 10 8 8 6 6 8 8 8 9
9 9 10 10 11 8 8 8 12 8 8 8 8 8 8 8 8 11 11 9 10 9
9 9 9 9 9 11 11 11 13 10 10 10 8 8 8 6 11 6 6 8 8 10
10 11 8 8 8 8 8 6 7 8 8 8 8 8 6 6 8 8 8 8 9 8 8 10
8 11 8 10 10 11 11 11 10 10 10 10 8 8 8 6 6 6 6 8 8
8 8 8 8 10 8 10 12 15 10 10 11 11 12 12 11 11 8 8 6
6 8 8 8 8 10 11 11 17 8 8 6 6 8 8 8 8 8 8 8 8 8 10
9 8 8 9 10 8 8 8 8 8 8 8 8 8 8 8 8 8 8 8 8 8 8 6 7
8 8 9 9 10 10 11 9 9 8 8 8 8 8 8 10 8 8 6 7 8 8 10
8 8 8 8 8 8 8 8 10 10 11 11 11 8 8 9 9 9 10 14 11 11
10 9 9 9 9 9 10 10 10 8 8 8 8 8 8 8 6 6 8 8 8 8 8 9
9 9 8 8 8 8 8 8 8 8 8 7 6 8 8 10 8 8 6 6 6 6 8 7 8
8 8 8 6 6 8 8 6 6 8 8 8 8 8 8 8 9 10 9 10 10 10 10
10 10 10 11 8 8 8 8 8 8 10 10 11 9 9 9 9 10 8 8 6 6
8 8 11 8 8 8 8 8 8 10 11 9 9 9 9 13 11 9 9 8 8 8 8
8 8 8 8 8 10 8 10 10 10 11 11 11 11 13 13 12 9 11 13
13 10 10 11 11 11 11 8 8 6 6 8 8 8 8 8 8 8 8 8 8 8
9 9 11 13 10 10 8 8 6 6 6 6 6 8 6 8 8 10 13 11 10 10
10 10 15 10 8 8 6 6 8 8 8 8 8 10 8 8 8 8 8 8 6 6 8
8 9 9 11 10 10 8 9 9 9 10 8 10 10 9 9 9 15 19 9 10
10 10 10 11 11 11 11 12 11 12 12 10 10 10 9 9 10 10
8 8 8 6 6 8 8 10 10 9 8 8 8 8 8 8 8 8 8 8 8 8 6 6 8
11 10 8 6 6 8 8 8 8 10 7 6 8 8 8 8 8 8 10 10 10 11
7 6 8 8 8 8 8 11 9 9 8 8 8 8 8 6 6 
>6_A70_Premixed PHD_FILE: 6_A70_Premixed.phd.1
6 6 6 7 6 6 6 6 8 8 9 9 8 10 8 10 12 8 10 10 12 11
15 13 9 9 9 12 12 17 23 19 11 11 8 22 10 11 12 14 20
19 23 23 23 23 19 17 17 19 29 29 30 31 31 31 41 41
47 36 36 36 36 36 36 37 37 50 50 48 48 48 53 53 50
50 50 54 54 54 48 48 42 41 31 29 21 28 29 29 43 44
68 68 68 68 68 59 57 57 57 57 57 57 57 57 57 57 57
57 57 57 57 57 43 44 44 59 59 59 59 59 59 59 57 68
68 59 59 57 59 57 57 68 68 68 57 57 57 57 57 57 59
68 68 68 68 68 68 68 68 68 68 68 68 68 68 68 68 68
68 68 68 68 68 68 68 68 68 68 68 68 68 68 68 68 68
68 68 68 68 68 68 68 68 68 68 68 68 68 68 68 68 68
68 68 68 68 68 68 68 68 68 59 59 59 59 59 59 59 68
68 68 68 68 68 68 68 68 68 68 62 62 62 62 62 62 62
62 62 62 62 62 68 68 68 68 68 68 68 68 68 68 68 68
68 68 68 68 68 68 68 68 68 68 68 68 68 68 68 68 68
68 68 68 68 62 68 68 68 68 62 62 62 62 62 62 62 62
62 62 62 68 68 68 68 68 68 68 68 68 68 68 68 68 68
68 68 68 68 68 68 68 68 68 68 68 68 68 68 68 68 68
68 68 68 68 68 68 68 68 68 68 68 68 68 68 68 68 68
68 68 68 68 68 68 62 62 62 62 62 62 62 62 62 62 62
62 68 62 62 62 62 62 62 62 68 68 68 68 68 68 68 62
62 62 62 62 62 62 62 62 68 68 68 68 68 68 68 68 68
68 68 68 68 62 62 62 62 62 62 62 62 62 62 62 68 68
68 68 68 68 68 62 62 62 62 62 62 62 62 62 68 68 68
62 62 62 62 62 62 62 62 62 68 68 68 68 68 68 68 68
68 68 62 62 62 62 62 62 62 62 68 68 68 68 68 68 62
62 62 62 62 62 62 62 62 62 62 68 68 68 62 62 62 62
62 62 62 68 62 62 62 62 62 62 62 62 62 62 62 62 62
62 68 68 68 68 68 68 68 68 68 68 68 62 62 62 62 62
62 62 62 62 68 68 62 62 62 62 62 62 68 68 68 68 62
62 62 62 62 62 62 62 62 62 62 62 68 68 68 68 68 68
68 68 68 62 62 62 62 62 62 62 62 62 62 62 59 59 59
59 59 59 59 68 68 57 57 57 57 57 57 57 57 57 57 57
57 59 59 59 59 68 68 68 68 68 68 68 59 59 59 59 59
59 59 59 59 68 68 68 68 68 68 68 68 68 68 68 68 68
68 68 68 68 57 57 57 57 57 57 57 57 57 57 57 57 57
57 57 54 57 57 57 59 68 68 59 59 59 59 59 59 59 59
59 57 57 54 54 54 59 57 57 57 57 57 57 59 59 59 59
59 57 57 48 57 57 57 57 57 57 57 57 57 59 57 57 57
57 57 57 57 68 68 68 68 68 68 68 68 68 54 54 57 57
54 54 54 54 42 42 48 57 57 57 57 57 57 57 57 47 47
47 47 47 39 39 41 41 41 43 59 47 47 47 47 41 37 32
24 28 30 30 30 33 33 37 39 35 35 35 37 39 37 37 41
44 59 59 47 47 41 32 32 20 19 19 29 27 30 30 37 37
37 31 37 39 25 26 12 17 12 25 23 25 19 19 22 19 15
25 13 15 15 32 28 37 43 37 26 16 10 10 10 17 16 21
21 26 23 40 30 30 23 23 22 23 11 13 13 14 15 11 8 8
8 12 11 13 13 13 13 17 23 28 28 13 12 15 25 15 14 14
14 14 14 20 22 24 16 15 10 12 12 15 22 22 27 18 18
18 25 19 9 10 8 8 8 8 17 18 20 16 18 16 16 20 20 24
23 24 9 9 10 9 11 10 15 14 14 14 18 15 14 15 8 8 8
8 8 8 9 9 13 15 20 28 28 23 14 10 10 12 10 11 11 18
18 9 9 9 17 12 14 15 17 11 11 9 9 13 8 8 8 8 8 8 8
12 7 10 6 6 6 7 10 8 8 8 8 8 8 8 8 8 10 8 8 10 17 19
22 11 11 9 8 8 8 8 11 15 13 8 8 9 8 8 8 10 9 8 8 8
8 8 8 8 8 8 10 10 10 11 11 12 11 10 9 12 9 9 9 9 9
9 9 9 9 9 8 8 8 8 8 8 8 8 9 10 10 10 9 8 8 8 8 8 8
8 8 8 12 12 12 8 6 6 6 7 6 8 9 9 9 8 8 8 8 8 8 8 8
6 6 7 8 8 6 9 9 9 10 10 9 8 8 8 8 9 9 8 10 8 8 6 6
6 6 8 8 8 8 9 9 9 9 9 9 11 11 10 7 7 8 8 3 0 3 9 9
9 9 9 11 8 8 8 8 7 7 7 7 9 9 10 10 6 6 6 6 6 7 6 6
6 6 6 8 8 8 9 9 9 9 8 8 8 8 8 9 13 12 10 10 9 9 9 9
9 6 8 8 8 6 6 6 6 9 9 10 8 8 8 8 8 8 8 10 8 8 8 8 6
6 6 6 6 7 8 8 8 8 8 8 8 8 8 8 8 8 8 6 8 3 0 3 7 7 6
8 3 0 3 
>7_A70_Premixed PHD_FILE: 7_A70_Premixed.phd.1
8 8 8 8 8 8 8 8 10 9 9 9 9 9 9 10 10 8 8 8 11 9 10
13 13 15 10 10 10 10 19 19 10 10 8 8 8 13 9 10 10 17
28 31 25 14 11 10 13 12 10 11 14 23 29 30 33 33 33
37 37 39 36 36 36 38 36 36 36 36 39 40 30 30 36 42
42 48 48 48 48 43 43 39 39 36 29 31 24 24 22 22 22
34 32 68 68 68 68 68 57 57 57 57 57 57 47 47 57 57
57 47 47 54 57 36 36 23 28 28 44 44 37 37 43 48 57
57 57 57 57 57 57 57 57 57 57 57 57 57 57 48 48 48
57 57 59 59 59 59 57 57 68 57 57 52 52 52 57 57 57
54 57 57 57 57 57 68 68 68 57 57 57 57 54 57 57 59
57 68 68 68 57 57 57 57 57 59 59 59 59 59 59 57 57
57 57 68 57 57 57 68 68 68 68 68 68 57 59 59 59 59
59 59 59 68 68 68 68 59 59 57 57 57 62 62 62 62 62
62 62 62 62 62 62 62 62 62 62 62 62 62 62 62 62 62
68 68 68 68 68 68 68 68 68 68 68 68 68 68 68 68 68
62 62 62 62 62 62 62 68 68 68 68 68 68 68 68 68 68
68 68 68 68 68 68 68 68 68 68 62 62 68 68 68 68 68
68 68 62 62 62 62 62 62 62 68 68 68 68 68 68 68 68
68 68 68 68 68 68 68 68 68 62 62 62 62 62 62 62 62
62 62 62 62 62 62 62 62 62 62 68 68 62 62 62 62 62
62 62 62 68 68 68 62 62 62 62 62 62 62 68 68 68 68
68 68 68 62 62 62 62 62 62 62 62 62 62 62 62 62 62
62 62 62 62 62 62 62 68 62 62 62 62 62 62 62 62 62
62 62 68 68 62 62 62 62 62 62 62 62 62 62 62 62 62
68 68 62 62 62 62 62 62 62 62 62 62 68 68 62 62 62
62 62 62 62 62 62 62 62 62 62 62 68 62 62 62 62 62
62 62 62 68 68 62 62 62 62 62 62 62 62 62 62 62 62
62 62 62 62 62 62 62 62 62 62 62 62 62 62 62 62 62
62 62 62 62 68 68 68 68 68 68 68 68 68 68 68 62 62
62 62 62 62 62 62 62 62 62 62 62 62 62 62 62 62 62
62 62 62 62 52 52 62 62 62 62 62 62 62 68 68 62 62
62 62 62 62 62 62 62 68 68 62 62 62 62 62 62 62 57
57 57 57 57 57 57 57 57 59 59 57 57 57 57 57 57 57
57 57 59 59 59 59 68 68 68 68 68 57 57 57 57 57 57
57 59 59 57 57 59 59 68 68 68 59 59 59 57 54 57 57
59 59 57 57 57 59 59 59 68 68 68 59 59 68 59 59 57
57 57 57 57 57 57 57 57 59 59 59 59 59 57 57 57 57
57 57 57 57 57 43 43 43 57 57 57 57 57 57 59 59 59
59 59 59 57 57 48 57 57 57 54 57 57 57 57 54 57 57
57 57 57 57 57 59 59 59 59 57 57 57 59 59 59 59 54
54 54 57 42 42 34 34 34 42 59 34 34 14 20 20 30 30
39 39 48 48 48 39 34 31 23 23 23 34 30 37 37 31 23
21 14 15 17 29 28 31 31 39 37 39 24 24 12 15 18 13
25 24 13 13 13 27 24 30 35 39 39 48 47 47 42 37 37
37 32 29 29 43 59 59 59 47 35 32 32 34 34 32 23 13
10 10 15 14 32 33 33 32 37 28 28 20 32 32 41 39 30
26 15 15 12 19 19 23 23 12 13 10 11 11 11 11 11 14
13 8 8 8 12 19 28 19 18 15 16 15 23 14 15 15 16 10
11 8 8 8 12 8 9 9 9 8 8 13 11 9 8 8 8 8 10 11 26 31
27 27 28 22 18 22 12 18 12 11 11 17 16 20 12 11 9 9
9 6 6 8 10 12 10 10 9 9 9 9 11 12 10 9 8 8 8 9 10 11
17 9 12 12 8 8 12 10 10 10 10 10 12 11 11 11 8 8 8
8 8 10 13 13 14 19 11 10 10 8 8 9 8 11 8 8 8 8 8 8
12 13 11 12 11 11 11 10 10 9 8 8 8 8 8 8 8 8 6 6 8
8 10 9 8 6 6 6 6 6 8 8 8 8 8 8 10 9 9 9 9 9 10 10 10
10 7 7 7 8 8 8 6 6 6 6 8 8 8 8 9 9 10 10 8 8 8 8 8
8 8 8 8 8 8 13 10 10 9 9 9 9 10 10 8 8 8 10 8 8 6 6
6 8 6 8 8 8 6 7 6 6 6 8 8 6 6 6 6 6 9 8 8 8 8 8 8 6
6 6 6 6 6 8 8 8 8 11 9 6 6 6 6 6 6 
>8_A70_Premixed PHD_FILE: 8_A70_Premixed.phd.1
6 6 6 6 6 6 6 6 6 7 13 8 9 9 9 11 11 22 21 23 12 12
9 9 9 10 9 9 9 17 23 15 13 8 8 8 11 8 10 15 11 17 18
19 20 11 11 10 12 12 19 19 15 15 21 23 23 37 37 37
24 29 29 35 31 31 31 28 39 47 47 47 47 50 47 47 42
42 42 34 33 33 29 30 28 28 33 33 33 36 42 43 57 57
57 57 48 54 54 54 54 48 48 48 46 46 44 39 42 37 37
37 48 41 47 47 50 57 57 54 54 54 57 57 57 57 57 57
57 57 57 57 57 47 47 54 57 57 57 43 43 43 57 57 57
59 59 59 59 57 57 57 57 52 52 52 57 57 57 57 57 57
57 57 57 57 68 68 57 57 57 57 54 57 59 59 57 57 57
57 57 68 57 57 57 57 57 57 57 57 57 57 57 57 59 59
59 57 57 68 68 68 68 68 59 59 59 59 57 57 57 68 68
68 68 68 68 59 59 59 59 59 57 57 52 52 52 62 62 62
62 62 62 62 62 62 62 62 62 62 62 62 62 62 68 68 68
68 68 68 68 68 68 68 68 68 68 68 68 68 68 62 62 62
52 52 62 62 62 62 62 62 62 62 68 68 68 68 68 68 62
62 62 62 62 62 62 68 62 62 62 62 62 62 62 68 68 62
62 62 62 62 62 62 62 62 62 68 68 62 62 62 62 62 62
62 62 62 62 62 62 62 62 62 62 62 62 62 62 62 62 62
62 62 62 62 62 62 62 62 62 62 62 62 62 62 62 62 62
68 68 68 68 68 62 62 62 62 62 62 62 62 62 62 62 62
62 62 62 62 62 62 62 62 62 62 62 62 62 62 62 62 62
68 68 68 62 68 68 68 68 62 62 62 62 62 62 62 62 62
62 62 68 68 62 62 62 62 62 62 62 62 62 62 62 62 62
62 62 62 62 62 62 62 62 62 62 62 62 62 68 62 62 62
62 62 62 62 62 62 62 62 62 62 62 62 62 62 62 62 62
62 62 62 62 62 62 62 62 62 68 68 68 68 68 68 68 68
68 68 68 62 62 62 62 62 62 52 52 52 62 62 62 62 62
62 68 68 68 68 68 62 62 68 62 62 62 62 62 62 62 62
62 62 62 62 62 62 62 62 62 62 62 62 62 62 62 62 62
62 52 52 62 62 62 62 62 62 62 68 68 68 62 62 62 62
62 62 62 68 62 57 57 59 57 57 57 68 68 57 57 59 59
59 59 59 59 68 57 57 57 57 57 57 57 57 57 57 57 57
59 68 68 68 68 68 68 68 68 68 68 57 57 57 57 57 57
57 57 59 59 68 68 68 68 57 57 57 57 57 57 57 57 57
57 57 59 57 57 68 57 57 57 57 57 57 57 52 47 47 57
57 57 57 57 68 68 68 68 59 59 57 57 57 57 57 57 54
47 47 41 41 41 57 57 57 57 57 57 57 59 57 68 68 68
57 57 47 57 57 57 57 57 54 59 59 57 59 57 57 57 68
57 57 57 54 54 54 57 57 57 57 57 57 57 59 57 59 57
57 57 48 48 48 57 59 59 57 48 57 57 57 48 48 48 50
50 50 41 41 41 37 32 29 29 37 39 47 47 44 44 37 37
41 41 41 41 47 47 47 59 36 35 28 32 39 31 24 21 12
12 14 31 31 59 59 59 50 50 50 50 47 47 41 37 32 31
31 37 39 47 41 41 42 30 30 16 17 15 30 24 22 16 19
15 19 11 12 15 15 9 9 10 18 23 30 24 24 22 20 28 23
21 21 12 13 13 30 30 30 17 14 12 20 16 18 17 15 28
20 12 12 9 9 12 14 19 28 15 13 13 18 16 12 14 8 11
8 8 8 8 13 23 28 19 12 11 12 16 11 17 8 8 8 8 8 8 10
8 8 8 8 10 10 9 9 11 12 18 15 14 14 10 16 12 10 9 8
9 8 8 11 12 11 16 16 12 11 6 6 8 6 9 10 8 9 8 8 8 8
8 8 10 10 8 9 10 10 12 10 9 10 11 9 9 9 10 11 15 16
23 9 10 8 8 8 8 9 13 9 8 8 8 8 8 15 8 7 7 6 6 9 9 11
12 8 6 6 6 8 8 9 10 7 7 8 8 6 8 6 8 8 8 8 8 8 8 7 7
6 8 10 13 9 15 16 10 9 8 8 8 9 9 9 8 9 10 10 13 8 8
8 8 12 8 9 11 11 8 8 8 8 8 7 8 8 8 8 8 8 8 8 8 8 8
8 8 8 8 8 9 11 7 6 6 6 10 10 11 9 9 9 12 11 10 10 13
9 9 10 9 9 8 8 8 8 8 7 6 6 8 8 8 10 11 11 11 11 9 14
11 11 10 9 10 10 12 11 12 8 8 8 8 9 9 9 9 9 9 9 9 9
9 
>9_A70_Premixed PHD_FILE: 9_A70_Premixed.phd.1
8 8 8 7 6 6 6 6 6 6 8 8 10 9 8 8 8 8 8 10 13 18 9 9
12 19 25 19 13 8 8 8 13 8 8 8 11 15 18 19 22 20 16
14 11 11 18 24 23 25 33 33 33 41 41 47 36 50 50 50
36 36 37 37 50 50 47 43 43 47 47 47 43 48 48 42 42
42 42 39 39 39 42 42 41 46 43 46 46 50 68 68 68 68
57 57 57 57 57 57 57 57 54 54 57 57 57 57 57 57 57
47 47 48 57 57 57 57 57 57 57 57 57 57 59 68 68 68
68 68 57 57 57 57 57 47 47 47 57 59 59 59 59 59 68
68 68 57 57 57 57 57 57 57 68 68 68 68 68 68 68 68
68 68 68 68 68 68 68 68 68 68 68 68 68 68 68 68 68
68 68 68 68 68 68 68 68 68 59 59 59 59 68 68 68 68
68 68 68 68 59 59 59 59 57 59 59 68 68 68 68 68 68
68 68 68 68 68 62 62 52 52 52 62 62 62 62 62 62 62
62 62 62 62 62 62 62 62 62 62 62 62 62 62 62 68 68
68 68 68 68 68 68 68 68 68 68 62 62 62 62 62 62 62
62 62 62 62 62 62 62 62 62 62 62 62 62 62 68 62 62
62 62 62 62 62 62 62 62 68 68 62 62 62 62 62 62 62
62 62 62 62 62 62 62 62 62 62 62 62 62 62 62 62 62
62 62 62 62 62 62 62 62 62 62 62 62 62 62 62 62 62
62 62 62 62 62 62 62 62 62 62 62 62 62 62 62 62 62
62 62 62 62 62 62 62 62 62 62 62 62 62 62 62 52 52
52 62 62 62 62 62 62 62 62 62 62 62 62 62 62 62 62
62 62 62 62 62 62 62 62 62 62 62 62 62 62 62 62 62
62 62 62 62 52 52 52 62 62 62 62 62 62 62 52 52 52
52 62 62 62 62 62 62 62 62 62 62 62 62 62 62 62 62
62 62 62 62 62 62 62 62 62 62 62 62 62 62 62 62 62
62 62 62 62 62 62 62 62 62 62 62 62 62 62 62 62 62
62 62 62 62 62 62 62 62 62 62 62 62 62 62 62 62 62
62 62 62 62 62 62 62 62 62 62 62 39 39 39 62 62 62
62 62 62 52 52 52 62 62 62 62 62 62 57 43 39 39 43
57 52 52 52 57 57 59 59 59 59 59 59 57 57 57 57 57
57 57 57 59 59 57 57 52 57 57 57 57 57 57 57 57 57
57 57 57 52 52 52 57 57 57 52 52 52 59 57 57 57 57
57 57 57 59 59 59 59 59 59 52 52 52 57 52 52 57 59
59 59 59 59 59 43 43 43 57 57 57 57 54 50 50 48 57
57 54 54 54 57 48 48 47 57 44 43 43 44 44 33 42 42
57 57 47 47 37 37 35 42 47 57 57 57 57 59 57 37 37
26 25 16 12 12 12 28 20 47 59 59 47 47 39 39 35 39
39 43 43 48 40 34 22 17 20 18 20 30 32 39 39 43 48
37 37 37 39 39 37 39 34 34 25 25 25 34 34 29 22 23
23 29 29 37 37 37 37 43 43 37 26 23 14 15 14 12 12
13 11 11 14 19 24 19 19 22 12 12 12 27 27 39 32 24
20 23 18 21 13 16 16 20 28 25 25 25 22 22 23 12 12
9 9 9 12 15 22 22 22 22 15 14 9 9 9 21 21 19 18 18
24 17 19 14 14 8 8 8 9 10 10 19 21 24 22 15 9 7 7 8
8 9 9 14 12 12 10 10 10 9 9 9 9 9 9 11 11 15 15 20
20 20 20 19 20 32 30 13 9 9 9 9 9 9 13 21 19 17 17
14 12 11 10 9 8 8 8 8 8 6 6 6 6 6 6 11 10 9 9 9 8 8
8 9 9 9 10 11 10 10 10 14 10 11 8 8 6 6 6 6 8 7 9 12
14 16 16 16 9 9 9 18 16 17 12 12 12 12 17 10 10 9 9
9 9 9 10 9 16 8 6 6 6 13 15 20 18 18 18 10 8 7 7 7
10 18 7 6 6 6 6 6 6 6 6 6 6 8 8 8 8 8 7 8 7 10 11 15
11 8 8 8 8 8 8 9 9 9 9 9 19 10 11 9 11 9 14 11 11 10
10 6 6 6 6 6 6 8 8 8 8 8 8 6 8 10 10 8 8 8 8 8 8 8
8 8 10 13 10 10 
