>11_A70_Premixed TRIM QUALITY: 20
23 23 22 23 16 15 15 19 32 33 33 33 33 33 39 39 47
36 50 38 42 36 36 47 50 48 48 48 48 48 48 53 53 48
48 48 42 42 42 42 39 39 33 30 27 25 25 23 32 34 68
68 68 68 68 57 57 57 57 57 57 57 57 57 57 57 57 57
57 57 57 57 37 44 44 59 57 57 57 59 59 59 57 57 68
59 68 68 57 57 57 57 68 68 57 57 54 54 54 57 57 59
59 59 59 68 68 68 57 57 57 57 57 59 59 59 59 59 57
68 68 68 68 68 68 68 68 68 68 68 68 68 68 68 68 68
68 68 68 68 68 68 68 68 68 68 68 68 68 68 68 68 68
68 68 68 68 68 68 68 68 68 68 68 68 68 68 68 68 68
68 68 68 68 68 68 68 68 68 62 62 62 62 62 62 62 62
62 62 62 62 62 62 62 62 62 62 62 62 62 62 68 68 68
68 68 68 68 68 68 68 68 68 68 68 68 68 68 68 62 62
62 62 62 62 68 68 68 68 68 68 68 68 68 68 68 68 68
68 68 68 68 68 68 68 68 68 68 68 68 68 68 68 68 68
68 68 68 68 68 68 68 68 68 68 68 68 68 68 68 68 68
68 68 68 68 68 68 68 68 68 68 68 68 62 68 62 62 62
62 62 68 62 68 68 68 68 68 68 68 68 68 68 68 68 68
68 68 68 62 62 62 68 68 68 68 68 68 68 68 68 68 68
62 62 62 62 62 62 62 68 62 68 68 68 62 62 62 68 68
68 68 68 68 62 62 62 62 62 62 62 68 68 68 68 68 68
68 62 68 68 62 62 62 62 62 62 62 62 68 68 68 68 62
62 62 62 62 62 62 68 68 68 68 68 68 62 62 62 62 62
62 62 62 62 62 62 62 62 68 68 68 68 68 62 62 62 62
62 62 62 62 62 62 62 62 62 62 62 62 68 68 68 68 68
68 68 62 62 62 62 62 62 62 62 62 62 62 62 62 62 62
62 62 62 62 62 68 68 68 68 68 68 68 62 62 62 62 62
62 62 62 62 62 62 62 62 62 62 62 62 62 62 62 62 62
62 62 62 62 62 62 62 62 62 62 62 62 62 62 62 62 62
62 62 62 62 62 62 62 62 62 62 68 62 62 62 62 62 62
62 62 62 62 62 62 62 62 62 62 62 62 62 57 57 57 59
59 68 68 68 68 68 68 68 59 59 59 59 59 57 57 59 59
59 59 59 59 68 68 68 68 57 57 57 57 57 57 57 57 57
57 57 59 57 68 68 68 68 68 68 68 57 57 57 57 57 57
57 57 57 57 68 68 59 59 59 59 57 57 57 57 57 57 54
57 57 54 54 54 57 57 57 57 57 57 57 59 59 68 68 68
57 57 57 57 57 57 57 57 59 57 57 57 59 57 57 57 68
57 57 59 57 57 57 57 57 57 57 57 57 57 57 57 57 57
57 57 57 57 57 57 57 57 54 54 57 57 59 59 57 57 68
68 57 57 57 48 48 48 48 57 57 57 48 48 48 57 57 48
48 48 48 57 48 48 48 48 41 41 41 41 41 37 37 31 31
37 41 41 41 42 42 42 48 48 50 50 57 57 57 57 48 48
48 47 47 47 43 43 48 48 48 42 48 57 57 43 43 43 48
48 50 50 50 50 50 57 48 47 47 47 47 47 48 57 57 48
48 48 48 39 39 39 37 37 37 41 41 37 37 37 32 31 32
37 41 41 41 31 31 32 37 37 41 47 47 47 47 47 47 47
41 41 41 37 37 37 41 37 25 19 19 24 27 30 34 34 18
18 20 23 25 29 32

>13_A70_Premixed TRIM QUALITY: 20
26 29 39 39 43 57 48 57 48 48 48 34 33 33 33 33 32
29 16 10 10 10 15 22 8 8 8 17 22 33 37 37 37 37 41
48 48 48 48 57 48 39 43 43 43 43 26 19 10 10 10 28
26 39 39 39 39 42 36 37 39 39 43 43 59 43 48 48 48
48 47 48 48 48 48 59 59 59 59 59 48 48 48 48 57 57
57 59 59 59 57 57 57 57 57 57 57 57 48 48 37 43 43
59 57 68 68 68 57 57 68 68 68 68 57 59 59 57 57 57
59 59 59 57 57 57 57 57 57 57 57 57 57 57 57 57 57
59 59 68 68 59 59 68 68 68 68 68 68 68 68 68 68 68
68 68 68 68 68 68 68 68 68 68 68 68 59 59 59 59 59
59 68 68 68 59 59 52 52 52 59 59 68 68 68 68 68 68
68 68 68 68 68 68 68 68 68 68 68 68 68 68 68 68 68
68 68 68 68 68 68 68 68 68 68 68 68 68 68 68 68 68
68 68 68 68 68 68 68 68 68 62 62 62 68 68 68 68 68
68 68 68 68 68 68 68 68 68 68 68 68 68 68 68 68 68
68 68 68 68 68 68 68 68 68 68 68 68 68 68 62 62 62
62 62 62 62 68 62 68 68 68 68 68 68 68 68 68 68 68
68 68 68 68 68 68 68 68 68 68 68 68 68 68 68 68 68
68 68 68 68 62 62 68 68 68 68 68 68 68 62 62 62 62
62 62 62 68 68 68 68 68 68 68 68 68 68 68 68 62 62
62 62 62 62 62 68 68 68 68 68 68 68 68 68 68 68 62
62 62 62 62 62 62 68 68 68 68 68 68 68 68 68 68 68
62 62 62 62 62 62 62 62 62 62 62 68 68 68 68 68 68
68 68 68 68 68 68 68 68 68 62 62 62 62 62 62 62 62
62 62 62 62 59 59 59 59 59 59 59 59 57 57 57 57 57
57 57 57 57 57 57 59 68 68 59 59 59 59 59 59 59 59
59 59 59 59 59 59 57 57 57 57 57 57 57 57 57 59 59
59 59 57 57 57 57 57 57 59 59 54 54 54 59 59 57 57
57 57 57 57 59 59 59 59 59 59 57 57 57 57 57 59 59
59 68 68 68 68 59 59 57 57 59 59 59 59 57 54 54 59
57 57 54 57 57 57 57 57 57 57 54 48 48 57 57 48 57
57 57 59 59 59 59 59 54 54 54 57 54 54 54 46 46 39
39 39 46 46 54 54 54 54 57 59 59 68 59 59 48 48 48
48 48 48 57 57 57 59 59 48 59 57 57 48 48 48 48 59
59 59 59 59 59 44 41 41 44 44 47 47 59 59 41 48 48
48 48 57 57 57 48 48 57 57 59 59 57 57 48 48 48 39
39 39 39 37 37 41 41 47 47 47 44 37 32 32 37 37 41
59 59 59 41 48 41 41 41 41 41 44 44 37 37 41 43 40
41 41 41 41 39 48 47 47 47 41 41 41 41 29 29 37 37
37 37 41 47 41 41 41 41 41 41 41 31 31 43 41 44 44
44 37 37 43 39 38 32 32 39 34 37 43 43 47 41 41 41
37 37 37 37 37 37 41 47 41 41 41 41 37 37 44 43 43
41 31 31 32 31 25 31 39 41 39 39 34 34 38 39 41 41
37 37 37 41 41 37 31 37 41 41 41 32 32 18 18 18 28
31 37 41 37 37 37 37 41 41 37 37 41 41 41 41 41 37
37 44 36 36 32 29 29 37 41 41 37 37 37 37 31 31 41
40 37 39 37 37 32 32 28 31 37 41 34 34 41 41 30 25
22 24 24 30 24 30 22

>14_A70_Premixed TRIM QUALITY: 20
23 27 28 22 22 24 24 28 34 34 34 32 32 20 20 20 20
20 37 37 47 47 42 39 39 39 36 36 33 22 15 9 9 9 21
25 25 26 25 44 44 57 57 57 57 57 57 57 57 48 48 57
48 48 48 57 32 32 14 14 14 34 34 23 23 23 44 44 57
57 57 59 68 68 59 59 57 57 57 59 57 57 43 43 43 38
38 20 20 20 41 41 57 57 57 57 54 54 54 57 57 57 57
57 57 68 68 68 68 68 68 68 68 68 68 68 68 68 68 68
68 68 68 57 57 57 57 57 57 57 68 68 68 68 68 68 68
68 68 68 59 59 59 59 68 68 68 68 68 68 68 68 68 68
68 68 68 68 68 68 68 68 68 68 68 62 62 62 62 62 62
62 62 62 62 62 62 62 62 62 62 62 62 62 62 62 62 68
68 68 68 68 68 68 68 68 68 68 68 68 68 68 68 68 62
62 62 62 62 62 62 68 68 68 68 68 68 68 68 68 68 68
68 68 68 68 68 68 68 68 68 68 68 68 68 68 68 68 68
68 68 68 68 68 68 68 68 68 68 68 68 68 68 68 68 68
68 68 68 68 68 68 68 68 68 68 68 68 68 68 68 68 68
68 68 68 68 68 68 68 68 68 68 68 68 68 68 68 68 68
68 68 68 68 68 68 68 68 68 68 68 68 68 68 68 68 68
68 68 62 62 62 62 62 62 62 62 62 62 62 62 62 62 62
62 62 68 68 68 68 68 68 68 68 68 68 68 68 68 68 68
68 68 68 68 68 68 62 62 62 62 62 62 62 62 62 68 68
68 62 62 62 62 62 62 62 62 62 68 68 68 68 68 68 68
68 68 68 62 62 62 62 62 62 62 68 68 68 68 68 68 68
68 68 62 62 62 62 62 62 62 62 62 68 68 68 68 68 68
68 68 68 68 68 62 62 62 62 62 62 62 62 62 62 62 62
68 68 68 68 68 68 68 68 68 68 68 68 68 68 68 62 62
62 62 62 62 62 62 62 62 62 62 62 62 62 62 68 68 62
62 62 62 62 62 62 62 62 62 62 62 62 68 68 68 62 62
62 62 62 62 62 68 68 68 62 62 62 68 68 68 62 62 62
62 62 62 62 62 62 62 62 62 62 62 62 62 62 62 59 59
59 59 59 68 68 68 68 68 68 68 59 59 59 59 59 59 59
68 68 68 68 68 68 68 68 68 68 59 59 59 59 59 57 57
57 57 57 57 59 59 59 68 68 68 68 68 68 57 59 59 59
59 57 57 57 57 57 68 68 68 68 59 59 59 59 59 59 59
59 59 57 57 54 38 38 16 15 18 41 38 59 59 59 68 68
68 68 57 57 57 57 57 57 59 59 59 59 59 59 59 68 68
68 68 68 68 68 57 57 57 57 57 57 57 59 68 68 68 68
68 68 68 68 68 68 68 68 57 57 54 54 54 54 57 57 57
68 68 68 68 57 57 48 48 48 57 59 59 59 59 57 57 57
47 47 50 50 47 57 50 50 48 48 47 47 47 59 59 59 44
41 41 44 59 47 47 47 50 50 50 50 50 48 57 43 34 34
34 37 43 50 59 57 57 43 43 24 24 20 34 32 57 42 42
42 43 43 51 57 57 34 34 23 23 15 27 27 47 36 42 22
22 22 29 31 47 57 48 48 48 48 50 47 41 37 37 30 19
12 10 10 10 12 14 16 20 28 28 22 22 28 28 33 28 30
25 22 22 22 22 18 20 20 28 35 37 27 25 28 28 28 24
28 18 18 18 25 21 20 20

>1_A70_Premixed TRIM QUALITY: 20
22 23 25 31 31 31 31 31 36 30 35 35 35 32 32 36 37
37 40 36 36 36 47 47 47 43 57 57 48 42 36 30 29 29
28 29 33 33 36 32 43 43 50 68 68 50 50 59 57 57 57
57 57 57 57 57 57 57 57 57 57 57 57 57 41 44 44 57
57 57 57 57 57 57 57 57 57 57 57 57 57 57 57 57 57
44 35 23 26 26 38 38 59 59 59 59 68 68 68 57 57 57
57 57 57 57 57 57 57 57 68 68 68 68 68 68 57 57 57
57 57 59 59 57 57 57 59 57 57 68 68 68 68 68 68 68
68 68 68 68 68 68 68 68 68 68 68 68 68 68 68 68 57
57 57 57 57 57 59 68 68 57 57 68 68 68 68 68 68 68
57 62 62 62 62 62 62 62 52 52 62 62 62 62 62 62 62
62 62 62 62 62 68 68 68 68 68 68 68 68 68 68 68 68
68 68 68 68 68 62 62 62 62 62 62 62 62 62 62 62 62
62 62 62 62 62 62 62 62 68 68 68 68 68 68 68 62 62
62 62 68 68 68 62 62 62 62 62 62 68 68 62 62 62 62
62 62 62 68 68 62 62 62 62 62 62 62 62 68 62 62 62
62 62 62 62 62 62 62 62 62 62 62 62 62 62 62 62 62
62 62 62 62 62 62 62 62 68 68 62 62 62 62 62 62 62
62 62 62 62 62 62 62 62 62 62 62 62 62 62 62 62 62
62 62 62 62 62 62 62 62 62 68 68 62 62 62 62 62 62
62 62 62 62 62 62 62 62 62 62 62 62 62 62 52 52 52
52 52 62 62 62 68 68 62 62 62 62 62 62 62 62 68 68
68 68 68 68 62 62 62 62 62 62 62 62 62 62 62 62 62
62 62 62 62 62 62 62 62 62 62 62 62 62 62 62 62 62
62 62 62 62 62 68 68 62 62 62 62 62 62 62 62 62 62
62 62 62 62 62 62 62 62 62 68 68 68 68 68 62 62 62
62 62 62 62 62 62 52 52 52 59 59 59 68 57 57 57 57
57 57 59 59 59 59 59 59 57 57 57 59 59 59 59 57 57
57 57 57 57 57 57 57 57 59 59 59 59 57 57 57 59 59
59 59 59 59 59 59 52 52 52 59 57 57 57 59 59 59 59
59 59 57 57 52 52 52 57 59 59 59 68 68 59 59 57 57
57 59 59 59 57 57 57 59 59 59 59 59 59 68 59 57 57
46 44 40 46 46 57 57 57 57 57 57 57 57 59 59 57 57
57 57 57 57 59 59 34 32 12 12 19 34 44 59 57 54 54
54 54 48 48 54 54 54 54 34 34 17 17 14 30 15 20 20
28 28 43 43 59 48 50 48 47 47 47 47 47 50 48 50 48
48 37 31 31 30 30 30 28 22 23 9 9 9 18 20 28 34 32
46 30 30 15 15 9 9 9 9 11 11 16 12 14 14 28 23 32
32 59 43 48 48 48 47 47 47 37 31 30 30 28 18 21 15
24 24 31 39 25 24 24 22 19 19 17 19 18 24 11 11 13
13 13 11 19 18 12 12 14 21 21 34 20 20 28 36 37 59
59 43 39 39 35 35 32 39 39

>2_A70_Premixed TRIM QUALITY: 20
24 19 33 33 33 33 33 36 36 36 36 36 36 43 37 37 47
50 43 43 35 35 37 42 43 59 57 48 48 43 43 42 42 41
41 31 30 21 25 25 23 36 44 57 68 54 50 57 57 57 57
57 57 57 57 57 59 57 57 57 57 57 57 38 44 23 28 28
44 44 43 43 43 57 57 68 68 68 59 59 57 57 57 57 57
57 57 57 57 57 57 57 57 59 54 54 54 59 59 68 68 57
57 57 57 59 59 59 68 68 68 68 68 68 68 68 68 68 68
68 68 68 68 68 68 68 68 68 68 68 68 68 68 68 68 68
68 68 68 68 68 68 68 68 68 68 68 68 68 68 68 68 68
68 68 68 68 68 68 68 68 68 68 68 68 68 68 68 68 68
68 68 62 62 62 62 62 62 62 62 62 62 62 62 62 62 62
62 62 62 62 62 62 62 68 68 68 68 68 68 68 68 68 68
68 68 68 68 68 68 68 62 62 62 62 62 62 62 68 68 68
68 68 68 68 68 68 68 68 68 68 68 68 68 68 68 68 68
68 68 68 68 68 68 68 68 68 68 68 68 68 68 68 62 62
62 62 68 68 68 68 68 68 68 68 68 68 68 68 68 68 68
68 68 68 68 68 62 68 68 68 68 68 68 68 68 68 68 68
68 68 68 62 62 62 62 68 68 68 68 68 68 68 68 68 68
68 68 68 68 68 68 68 68 68 68 62 62 62 62 62 62 62
68 68 68 62 62 62 62 62 62 62 68 68 68 68 68 68 68
68 68 68 68 68 68 68 68 68 68 68 68 68 68 62 62 62
62 62 62 62 62 62 68 68 68 62 62 62 62 62 62 62 62
62 62 68 68 68 68 68 68 68 68 68 62 62 62 62 62 62
62 68 68 68 68 68 68 68 62 62 62 62 62 62 62 62 62
62 62 62 62 62 62 68 68 68 68 68 68 68 62 62 62 62
62 62 62 62 62 62 62 62 62 62 62 68 68 68 68 68 68
68 68 68 68 68 68 62 62 62 62 62 62 62 62 62 62 62
62 62 62 62 62 62 62 62 62 62 62 52 52 62 62 62 62
62 62 62 68 68 62 62 62 62 62 62 62 62 62 68 68 59
59 59 57 57 57 57 57 57 59 57 57 57 68 68 68 57 57
57 57 57 57 59 59 57 57 57 59 59 57 57 57 57 57 57
59 59 59 59 59 59 59 59 59 59 57 57 59 59 59 68 68
68 59 59 57 57 59 59 59 59 59 57 57 59 57 57 57 57
57 57 57 57 57 57 52 47 47 57 57 48 57 57 57 59 68
68 59 59 57 57 57 59 59 57 57 57 57 54 54 54 57 57
57 57 57 57 54 59 57 57 57 57 48 48 48 57 57 57 57
57 54 57 57 54 59 57 57 57 54 54 57 57 68 57 57 57
57 57 57 57 57 57 57 57 57 57 57 57 48 48 48 59 59
59 48 48 57 57 57 48 48 37 37 37 37 37 37 36 36 35
34 34 41 59 41 47 41 41 37 37 41 41 41 41 41 41 39
40 36 32 28 31 43 37 41 37 37 41 41 37 31 23 18 16
19 20 32 29 37 37 37 37 39 37 37 43 43 47 47 37 37
37 37 37 41 47 43 28 24 24 28 30 30 41 41 37 39 41
41 41 30 27 24 19 19 28 30 30 30 33 33 33 37 37 37
48 42 50 37 30 25 25 24 22 26 41 41 37 32 26 27 27
32 39 39 47 35 35 28 29 28 24 23 14 17 15 24

>3_A70_Premixed TRIM QUALITY: 20
23 23 25 31 31 31 33 33 36 36 50 38 42 36 36 37 37
50 50 47 43 43 47 47 47 43 48 48 42 42 42 42 37 37
37 42 42 41 46 39 44 44 68 68 68 54 68 57 57 57 57
57 57 57 57 57 57 57 57 57 57 57 57 57 47 57 57 57
57 57 57 57 57 57 57 57 57 59 68 68 57 57 57 57 57
57 57 57 54 54 54 57 57 59 59 59 59 68 68 68 57 57
57 57 57 59 59 59 59 59 59 68 68 68 68 68 68 68 68
68 68 68 68 68 68 68 68 68 68 68 68 68 68 68 68 68
68 68 68 68 68 68 68 68 68 68 68 68 68 68 68 68 68
68 68 68 68 68 68 68 68 68 68 68 68 68 68 68 68 68
68 62 62 62 62 62 62 62 62 62 62 62 62 62 62 62 62
62 62 62 62 62 62 68 68 68 68 68 68 68 68 68 68 68
68 68 68 68 68 68 62 62 62 62 62 62 62 68 68 68 68
68 68 68 68 68 68 68 68 68 68 68 68 68 68 68 68 68
68 68 68 68 68 68 68 68 68 68 68 68 68 68 68 68 68
68 68 68 68 68 68 68 68 68 68 68 68 68 62 62 62 62
62 62 62 68 62 62 62 62 68 68 68 68 68 68 68 68 68
68 68 62 62 62 62 62 62 62 68 68 68 68 62 62 68 68
68 62 62 62 62 62 62 62 68 62 62 62 62 62 62 62 62
62 62 62 62 62 62 62 62 62 68 68 68 62 68 68 68 68
68 68 62 62 68 68 68 68 62 62 62 68 68 62 62 62 62
62 62 62 62 62 62 68 68 62 62 62 62 62 62 62 62 62
62 68 68 68 62 62 62 62 62 62 62 62 62 62 62 62 62
68 68 62 62 62 62 68 68 68 62 62 62 62 62 62 62 62
62 62 62 62 62 68 68 68 68 68 68 68 62 62 62 62 62
62 57 57 57 57 59 68 68 68 68 68 68 68 68 68 68 68
68 68 68 68 68 59 59 57 57 57 59 57 57 57 57 57 57
59 59 59 59 59 59 59 59 59 57 57 57 57 57 57 57 59
59 59 68 68 59 59 59 59 59 59 57 57 57 57 57 57 59
59 57 57 57 57 57 57 57 57 57 59 59 59 59 57 57 54
54 54 57 57 57 57 57 57 59 59 57 57 68 68 68 68 68
68 68 68 57 57 57 57 57 59 59 59 59 59 68 68 68 59
57 57 57 57 57 57 57 57 57 54 54 59 57 57 54 57 57
57 59 68 57 57 54 48 48 57 57 48 57 57 57 59 59 59
59 59 48 48 48 47 47 50 47 48 48 48 48 46 41 37 37
37 37 37 32 37 43 59 47 47 47 47 46 48 48 48 48 48
48 59 59 48 57 48 57 48 48 48 57 57 57 57 57 57 48
48 48 48 47 47 47 47 44 44 44 41 37 41 41 47 47 47
47 47 48 48 48 48 57 57 48 57 48 43 43 40 40 40 40
47 47 41 37 31 31 40 36 37 41 41 41 41 41 41 41 37
37 32 29 29 32 37 41 37 37 41 41 37 37 37 37 37 39
43 47 32 32 23 18 18 28 28 14 14 14 21 17 25 30 31
37 33 33 33 32 27 29 19 28 12 16 16 30 32 33 42 42
47 47 39 32 28 28 32 32 37 41 41 41 41 46 48 48 47
47 47 41 30 30 16 9 9 9 9 18 23 30 24 14 14 18 21
21 32 30 30 33 36 41 41 37 37 37 29 30 29 41 37 32
21 22 14 17 19 23 24

>4_A70_Premixed TRIM QUALITY: 20
25 28 28 29 23 23 21 22 22 28 32 33 33 33 33 33 41
41 47 47 47 36 36 36 36 37 37 50 50 50 53 57 57 57
57 57 50 68 68 54 48 48 54 47 47 48 47 47 48 57 57
68 68 68 68 54 57 57 57 57 57 59 59 59 59 59 57 57
57 57 57 57 57 57 57 57 59 59 59 59 57 57 57 59 57
57 57 57 68 68 68 68 68 68 68 68 57 57 57 48 47 57
59 57 68 68 68 68 68 68 57 57 57 57 68 68 68 68 59
59 59 59 59 57 68 68 68 57 57 59 59 59 59 59 68 68
68 68 68 68 68 68 68 68 68 68 68 68 68 68 68 57 57
57 57 57 57 57 68 68 68 68 68 57 57 57 57 57 57 68
68 68 68 68 68 68 68 68 59 59 59 62 62 62 62 68 68
68 68 68 68 68 68 68 68 68 68 62 62 62 62 62 62 68
68 68 68 68 68 62 62 62 62 62 62 62 68 68 68 68 68
68 68 68 68 68 68 68 68 68 62 62 62 62 62 62 62 62
62 62 68 62 62 62 62 62 62 62 62 68 68 68 68 68 62
62 62 62 62 68 68 68 62 62 62 68 68 68 68 68 68 62
62 62 62 62 62 62 68 68 68 68 68 68 68 68 62 62 62
62 62 68 68 68 68 68 68 68 68 68 62 62 62 62 62 62
62 62 68 68 68 62 62 62 62 62 62 62 68 68 68 68 68
68 68 68 68 62 62 62 62 62 62 62 62 62 68 68 68 68
68 68 68 68 68 68 68 68 68 68 68 68 68 62 62 62 62
62 62 62 62 68 68 68 68 68 68 68 68 68 68 68 68 68
68 62 62 62 62 62 62 62 62 62 62 62 62 62 62 62 62
62 62 62 62 62 62 62 62 62 62 62 62 62 62 62 62 62
68 68 68 68 62 62 62 62 62 62 62 62 62 68 68 62 62
62 62 62 62 62 62 62 62 62 62 62 62 62 62 62 62 62
62 62 62 62 62 62 62 62 62 62 62 62 62 62 62 62 62
62 62 62 62 62 62 62 62 62 62 62 62 52 52 52 62 62
62 62 62 62 62 62 62 62 62 62 62 62 62 68 62 62 62
62 62 62 62 68 68 68 68 59 59 59 59 59 59 57 57 57
57 57 57 59 59 59 59 59 59 59 59 57 57 57 57 57 57
57 57 57 68 68 68 68 68 68 68 68 68 68 68 68 68 68
68 68 68 68 68 68 68 68 68 59 59 59 57 68 68 68 68
68 68 68 68 68 68 57 68 68 68 68 68 68 57 57 57 68
68 68 68 68 68 68 68 68 57 57 57 57 57 57 57 59 59
59 59 57 57 54 57 44 44 33 33 35 44 44 59 57 57 57
59 57 57 57 57 57 57 59 68 59 59 59 59 57 54 54 54
54 68 57 59 57 57 57 59 57 68 68 68 68 50 50 57 57
57 57 35 35 20 15 15 27 30 32 32 23 28 28 37 30 30
30 37 37 37 37 41 25 21 12 12 12 23 18 19 16 16 19
24 30 30 34 25 25 25 30 34 34 36 36 37 37 25 21 14
14 14 26 26 37 37 37 28 28 25 25 25 34 34 28 28 22
22 19 28 29 37 27 24 15 19 16 25 26 41 22 15 8 8 8
8 13 21 26 34 36 37 39 37 32 29 29 30 28 24 24 22
21 12 12 12 22 23

>6_A70_Premixed TRIM QUALITY: 20
23 23 23 23 19 17 17 19 29 29 30 31 31 31 41 41 47
36 36 36 36 36 36 37 37 50 50 48 48 48 53 53 50 50
50 54 54 54 48 48 42 41 31 29 21 28 29 29 43 44 68
68 68 68 68 59 57 57 57 57 57 57 57 57 57 57 57 57
57 57 57 57 43 44 44 59 59 59 59 59 59 59 57 68 68
59 59 57 59 57 57 68 68 68 57 57 57 57 57 57 59 68
68 68 68 68 68 68 68 68 68 68 68 68 68 68 68 68 68
68 68 68 68 68 68 68 68 68 68 68 68 68 68 68 68 68
68 68 68 68 68 68 68 68 68 68 68 68 68 68 68 68 68
68 68 68 68 68 68 68 68 59 59 59 59 59 59 59 68 68
68 68 68 68 68 68 68 68 68 62 62 62 62 62 62 62 62
62 62 62 62 68 68 68 68 68 68 68 68 68 68 68 68 68
68 68 68 68 68 68 68 68 68 68 68 68 68 68 68 68 68
68 68 68 62 68 68 68 68 62 62 62 62 62 62 62 62 62
62 62 68 68 68 68 68 68 68 68 68 68 68 68 68 68 68
68 68 68 68 68 68 68 68 68 68 68 68 68 68 68 68 68
68 68 68 68 68 68 68 68 68 68 68 68 68 68 68 68 68
68 68 68 68 68 62 62 62 62 62 62 62 62 62 62 62 62
68 62 62 62 62 62 62 62 68 68 68 68 68 68 68 62 62
62 62 62 62 62 62 62 68 68 68 68 68 68 68 68 68 68
68 68 68 62 62 62 62 62 62 62 62 62 62 62 68 68 68
68 68 68 68 62 62 62 62 62 62 62 62 62 68 68 68 62
62 62 62 62 62 62 62 62 68 68 68 68 68 68 68 68 68
68 62 62 62 62 62 62 62 62 68 68 68 68 68 68 62 62
62 62 62 62 62 62 62 62 62 68 68 68 62 62 62 62 62
62 62 68 62 62 62 62 62 62 62 62 62 62 62 62 62 62
68 68 68 68 68 68 68 68 68 68 68 62 62 62 62 62 62
62 62 62 68 68 62 62 62 62 62 62 68 68 68 68 62 62
62 62 62 62 62 62 62 62 62 62 68 68 68 68 68 68 68
68 68 62 62 62 62 62 62 62 62 62 62 62 59 59 59 59
59 59 59 68 68 57 57 57 57 57 57 57 57 57 57 57 57
59 59 59 59 68 68 68 68 68 68 68 59 59 59 59 59 59
59 59 59 68 68 68 68 68 68 68 68 68 68 68 68 68 68
68 68 68 57 57 57 57 57 57 57 57 57 57 57 57 57 57
57 54 57 57 57 59 68 68 59 59 59 59 59 59 59 59 59
57 57 54 54 54 59 57 57 57 57 57 57 59 59 59 59 59
57 57 48 57 57 57 57 57 57 57 57 57 59 57 57 57 57
57 57 57 68 68 68 68 68 68 68 68 68 54 54 57 57 54
54 54 54 42 42 48 57 57 57 57 57 57 57 57 47 47 47
47 47 39 39 41 41 41 43 59 47 47 47 47 41 37 32 24
28 30 30 30 33 33 37 39 35 35 35 37 39 37 37 41 44
59 59 47 47 41 32 32 20 19 19 29 27 30 30 37 37 37
31 37 39 25 26

>7_A70_Premixed TRIM QUALITY: 20
23 29 30 33 33 33 37 37 39 36 36 36 38 36 36 36 36
39 40 30 30 36 42 42 48 48 48 48 43 43 39 39 36 29
31 24 24 22 22 22 34 32 68 68 68 68 68 57 57 57 57
57 57 47 47 57 57 57 47 47 54 57 36 36 23 28 28 44
44 37 37 43 48 57 57 57 57 57 57 57 57 57 57 57 57
57 57 57 48 48 48 57 57 59 59 59 59 57 57 68 57 57
52 52 52 57 57 57 54 57 57 57 57 57 68 68 68 57 57
57 57 54 57 57 59 57 68 68 68 57 57 57 57 57 59 59
59 59 59 59 57 57 57 57 68 57 57 57 68 68 68 68 68
68 57 59 59 59 59 59 59 59 68 68 68 68 59 59 57 57
57 62 62 62 62 62 62 62 62 62 62 62 62 62 62 62 62
62 62 62 62 62 62 68 68 68 68 68 68 68 68 68 68 68
68 68 68 68 68 68 62 62 62 62 62 62 62 68 68 68 68
68 68 68 68 68 68 68 68 68 68 68 68 68 68 68 68 62
62 68 68 68 68 68 68 68 62 62 62 62 62 62 62 68 68
68 68 68 68 68 68 68 68 68 68 68 68 68 68 68 62 62
62 62 62 62 62 62 62 62 62 62 62 62 62 62 62 62 68
68 62 62 62 62 62 62 62 62 68 68 68 62 62 62 62 62
62 62 68 68 68 68 68 68 68 62 62 62 62 62 62 62 62
62 62 62 62 62 62 62 62 62 62 62 62 62 68 62 62 62
62 62 62 62 62 62 62 62 68 68 62 62 62 62 62 62 62
62 62 62 62 62 62 68 68 62 62 62 62 62 62 62 62 62
62 68 68 62 62 62 62 62 62 62 62 62 62 62 62 62 62
68 62 62 62 62 62 62 62 62 68 68 62 62 62 62 62 62
62 62 62 62 62 62 62 62 62 62 62 62 62 62 62 62 62
62 62 62 62 62 62 62 62 62 62 68 68 68 68 68 68 68
68 68 68 68 62 62 62 62 62 62 62 62 62 62 62 62 62
62 62 62 62 62 62 62 62 62 62 52 52 62 62 62 62 62
62 62 68 68 62 62 62 62 62 62 62 62 62 68 68 62 62
62 62 62 62 62 57 57 57 57 57 57 57 57 57 59 59 57
57 57 57 57 57 57 57 57 59 59 59 59 68 68 68 68 68
57 57 57 57 57 57 57 59 59 57 57 59 59 68 68 68 59
59 59 57 54 57 57 59 59 57 57 57 59 59 59 68 68 68
59 59 68 59 59 57 57 57 57 57 57 57 57 57 59 59 59
59 59 57 57 57 57 57 57 57 57 57 43 43 43 57 57 57
57 57 57 59 59 59 59 59 59 57 57 48 57 57 57 54 57
57 57 57 54 57 57 57 57 57 57 57 59 59 59 59 57 57
57 59 59 59 59 54 54 54 57 42 42 34 34 34 42 59 34
34 14 20 20 30 30 39 39 48 48 48 39 34 31 23 23 23
34 30 37 37 31 23 21 14 15 17 29 28 31 31 39 37 39
24 24 12 15 18 13 25 24 13 13 13 27 24 30 35 39 39
48 47 47 42 37 37 37 32 29 29 43 59 59 59 47 35 32
32 34 34 32 23

>8_A70_Premixed TRIM QUALITY: 20
21 23 23 37 37 37 24 29 29 35 31 31 31 28 39 47 47
47 47 50 47 47 42 42 42 34 33 33 29 30 28 28 33 33
33 36 42 43 57 57 57 57 48 54 54 54 54 48 48 48 46
46 44 39 42 37 37 37 48 41 47 47 50 57 57 54 54 54
57 57 57 57 57 57 57 57 57 57 57 47 47 54 57 57 57
43 43 43 57 57 57 59 59 59 59 57 57 57 57 52 52 52
57 57 57 57 57 57 57 57 57 57 68 68 57 57 57 57 54
57 59 59 57 57 57 57 57 68 57 57 57 57 57 57 57 57
57 57 57 57 59 59 59 57 57 68 68 68 68 68 59 59 59
59 57 57 57 68 68 68 68 68 68 59 59 59 59 59 57 57
52 52 52 62 62 62 62 62 62 62 62 62 62 62 62 62 62
62 62 62 68 68 68 68 68 68 68 68 68 68 68 68 68 68
68 68 68 62 62 62 52 52 62 62 62 62 62 62 62 62 68
68 68 68 68 68 62 62 62 62 62 62 62 68 62 62 62 62
62 62 62 68 68 62 62 62 62 62 62 62 62 62 62 68 68
62 62 62 62 62 62 62 62 62 62 62 62 62 62 62 62 62
62 62 62 62 62 62 62 62 62 62 62 62 62 62 62 62 62
62 62 62 62 62 62 68 68 68 68 68 62 62 62 62 62 62
62 62 62 62 62 62 62 62 62 62 62 62 62 62 62 62 62
62 62 62 62 62 62 68 68 68 62 68 68 68 68 62 62 62
62 62 62 62 62 62 62 62 68 68 62 62 62 62 62 62 62
62 62 62 62 62 62 62 62 62 62 62 62 62 62 62 62 62
62 62 68 62 62 62 62 62 62 62 62 62 62 62 62 62 62
62 62 62 62 62 62 62 62 62 62 62 62 62 62 62 68 68
68 68 68 68 68 68 68 68 68 62 62 62 62 62 62 52 52
52 62 62 62 62 62 62 68 68 68 68 68 62 62 68 62 62
62 62 62 62 62 62 62 62 62 62 62 62 62 62 62 62 62
62 62 62 62 62 62 62 52 52 62 62 62 62 62 62 62 68
68 68 62 62 62 62 62 62 62 68 62 57 57 59 57 57 57
68 68 57 57 59 59 59 59 59 59 68 57 57 57 57 57 57
57 57 57 57 57 57 59 68 68 68 68 68 68 68 68 68 68
57 57 57 57 57 57 57 57 59 59 68 68 68 68 57 57 57
57 57 57 57 57 57 57 57 59 57 57 68 57 57 57 57 57
57 57 52 47 47 57 57 57 57 57 68 68 68 68 59 59 57
57 57 57 57 57 54 47 47 41 41 41 57 57 57 57 57 57
57 59 57 68 68 68 57 57 47 57 57 57 57 57 54 59 59
57 59 57 57 57 68 57 57 57 54 54 54 57 57 57 57 57
57 57 59 57 59 57 57 57 48 48 48 57 59 59 57 48 57
57 57 48 48 48 50 50 50 41 41 41 37 32 29 29 37 39
47 47 44 44 37 37 41 41 41 41 47 47 47 59 36 35 28
32 39 31 24 21 12 12 14 31 31 59 59 59 50 50 50 50
47 47 41 37 32 31 31 37 39 47 41 41 42 30 30 16 17
15 30 24 22

>9_A70_Premixed TRIM QUALITY: 20
24 23 25 33 33 33 41 41 47 36 50 50 50 36 36 37 37
50 50 47 43 43 47 47 47 43 48 48 42 42 42 42 39 39
39 42 42 41 46 43 46 46 50 68 68 68 68 57 57 57 57
57 57 57 57 54 54 57 57 57 57 57 57 57 47 47 48 57
57 57 57 57 57 57 57 57 57 59 68 68 68 68 68 57 57
57 57 57 47 47 47 57 59 59 59 59 59 68 68 68 57 57
57 57 57 57 57 68 68 68 68 68 68 68 68 68 68 68 68
68 68 68 68 68 68 68 68 68 68 68 68 68 68 68 68 68
68 68 68 68 68 59 59 59 59 68 68 68 68 68 68 68 68
59 59 59 59 57 59 59 68 68 68 68 68 68 68 68 68 68
68 62 62 52 52 52 62 62 62 62 62 62 62 62 62 62 62
62 62 62 62 62 62 62 62 62 62 62 68 68 68 68 68 68
68 68 68 68 68 68 62 62 62 62 62 62 62 62 62 62 62
62 62 62 62 62 62 62 62 62 62 68 62 62 62 62 62 62
62 62 62 62 68 68 62 62 62 62 62 62 62 62 62 62 62
62 62 62 62 62 62 62 62 62 62 62 62 62 62 62 62 62
62 62 62 62 62 62 62 62 62 62 62 62 62 62 62 62 62
62 62 62 62 62 62 62 62 62 62 62 62 62 62 62 62 62
62 62 62 62 62 62 62 62 62 62 62 52 52 52 62 62 62
62 62 62 62 62 62 62 62 62 62 62 62 62 62 62 62 62
62 62 62 62 62 62 62 62 62 62 62 62 62 62 62 62 62
52 52 52 62 62 62 62 62 62 62 52 52 52 52 62 62 62
62 62 62 62 62 62 62 62 62 62 62 62 62 62 62 62 62
62 62 62 62 62 62 62 62 62 62 62 62 62 62 62 62 62
62 62 62 62 62 62 62 62 62 62 62 62 62 62 62 62 62
62 62 62 62 62 62 62 62 62 62 62 62 62 62 62 62 62
62 62 62 62 62 62 62 39 39 39 62 62 62 62 62 62 52
52 52 62 62 62 62 62 62 57 43 39 39 43 57 52 52 52
57 57 59 59 59 59 59 59 57 57 57 57 57 57 57 57 59
59 57 57 52 57 57 57 57 57 57 57 57 57 57 57 57 52
52 52 57 57 57 52 52 52 59 57 57 57 57 57 57 57 59
59 59 59 59 59 52 52 52 57 52 52 57 59 59 59 59 59
59 43 43 43 57 57 57 57 54 50 50 48 57 57 54 54 54
57 48 48 47 57 44 43 43 44 44 33 42 42 57 57 47 47
37 37 35 42 47 57 57 57 57 59 57 37 37 26 25 16 12
12 12 28 20 47 59 59 47 47 39 39 35 39 39 43 43 48
40 34 22 17 20 18 20 30 32 39 39 43 48 37 37 37 39
39 37 39 34 34 25 25 25 34 34 29 22 23 23 29 29 37
37 37 37 43 43 37 26 23 14 15 14 12 12 13 11 11 14
19 24 19 19 22 12 12 12 27 27 39 32 24 20 23 18 21
13 16 16 20 28 25 25 25 22 22 23

