0.000509344	3.457627	3.050847
0.000509142	3.457627	3.152542
0.00050862	3.355932	3.050847
0.000507432	3.355932	3.152542
0.000506364	3.355932	2.949153
0.000506257	3.559322	3.152542
0.000506079	3.457627	2.949153
0.000505592	3.559322	3.050847
0.000505093	3.457627	3.254237
0.000503526	3.254237	3.050847
0.00050311	3.559322	3.254237
0.000502493	3.254237	2.949153
0.000502445	3.355932	3.254237
0.000501543	3.559322	2.949153
0.000501234	3.254237	3.152542
0.000501163	3.355932	2.847458
0.000499881	3.457627	2.847458
0.000498978	3.661017	3.152542
0.000498622	3.254237	2.847458
0.000497553	3.661017	3.050847
0.00049696	3.457627	3.355932
0.000496734	3.661017	3.254237
0.000495927	3.559322	3.355932
0.000495285	3.254237	3.254237
0.000494846	3.152542	2.949153
0.000494632	3.559322	2.847458
0.000494442	3.152542	3.050847
0.000493564	3.355932	2.745763
0.000493457	2.135593	1.728814
0.000493457	3.355932	3.355932
0.000493409	2.135593	1.830508
0.000493148	2.237288	1.830508
0.000492911	3.661017	2.949153
0.000492578	3.152542	2.847458
0.000492388	3.254237	2.745763
0.000492139	2.237288	1.728814
0.000491486	2.033898	1.728814
0.000491284	3.457627	2.745763
0.000490951	3.152542	3.152542
0.000490607	2.237288	1.932203
0.000490571	2.033898	1.830508
0.000490559	3.661017	3.355932
0.000489883	2.135593	1.627119
0.000489883	2.135593	1.932203
0.0004898	2.338983	1.830508
0.000488968	2.033898	1.627119
0.000488517	2.338983	1.932203
0.000488102	3.152542	2.745763
0.00048784	3.762712	3.152542
0.000487579	2.338983	1.728814
0.000487437	2.237288	1.627119
0.000486463	3.762712	3.254237
0.000486344	1.932203	1.728814
0.000486344	2.033898	1.932203
0.000485751	3.762712	3.050847
0.000485561	3.661017	2.847458
0.000485537	3.254237	3.355932
0.000485418	3.559322	2.745763
0.000484813	2.237288	2.033898
0.000484801	1.932203	1.627119
0.000484777	3.457627	3.457627
0.000484765	1.932203	1.830508
0.000484694	3.559322	3.457627
0.000484314	3.254237	2.644068
0.000484076	3.152542	3.254237
0.000484064	3.355932	2.644068
0.000484053	2.338983	2.033898
0.000484017	3.050847	2.949153
0.000483768	2.440678	1.932203
0.000483589	3.050847	2.847458
0.00048353	2.440678	1.830508
0.000483162	2.135593	2.033898
0.000483079	2.033898	1.525424
0.000482735	2.135593	1.525424
0.000482034	3.050847	3.050847
0.00048188	3.152542	2.644068
0.000481713	2.338983	1.627119
0.000481357	3.762712	3.355932
0.000481167	3.050847	2.745763
0.000480965	2.440678	2.033898
0.000480823	3.457627	2.644068
0.000480657	3.762712	2.949153
0.000480514	3.355932	3.457627
0.000480431	3.661017	3.457627
0.00048017	1.932203	1.525424
0.000480158	1.932203	1.932203
0.000479968	2.440678	1.728814
0.000479089	2.033898	2.033898
0.000479089	2.237288	1.525424
0.000478329	1.830508	1.728814
0.000477629	1.830508	1.627119
0.000477296	3.050847	3.152542
0.000477178	3.050847	2.644068
0.000476845	2.338983	2.135593
0.000476643	2.542373	1.932203
0.000476311	1.830508	1.830508
0.000476251	2.237288	2.135593
0.00047605	3.661017	2.745763
0.0004758	2.542373	2.033898
0.000475551	2.440678	2.135593
0.000474815	3.254237	2.542373
0.000474708	2.542373	1.830508
0.000474423	3.559322	2.644068
0.000474304	3.152542	2.542373
0.000474197	1.830508	1.525424
0.000473948	2.033898	1.423729
0.000473687	2.135593	2.135593
0.000473687	3.152542	3.355932
0.000473615	3.864407	3.152542
0.000473129	3.355932	2.542373
0.000473105	3.864407	3.254237
0.000473057	3.762712	2.847458
0.00047295	2.440678	1.627119
0.00047276	1.932203	2.033898
0.000472559	1.932203	1.423729
0.000472559	2.542373	2.135593
0.000472475	3.762712	3.457627
0.000472321	2.949153	2.847458
0.00047225	2.338983	1.525424
0.000472191	2.135593	1.423729
0.000472191	2.949153	2.745763
0.000472048	3.254237	3.457627
0.000471953	3.050847	2.542373
0.000471609	1.830508	1.932203
0.00047092	3.864407	3.050847
0.000470754	2.949153	2.949153
0.000470694	2.949153	2.644068
0.000469721	2.542373	1.728814
0.000469661	3.559322	3.559322
0.000469531	3.050847	3.254237
0.000469198	2.033898	2.135593
0.000469115	3.864407	3.355932
0.000468937	3.457627	2.542373
0.000468913	2.644068	2.033898
0.000468818	3.457627	3.559322
0.00046813	1.830508	1.423729
0.00046813	2.949153	2.542373
0.000468106	2.644068	2.135593
0.00046807	2.440678	2.237288
0.000467845	1.728814	1.728814
0.000467821	1.728814	1.627119
0.000467595	2.644068	1.932203
0.000467477	2.338983	2.237288
0.000467382	2.542373	2.237288
0.000467287	2.237288	1.423729
0.000467132	2.949153	3.050847
0.000466562	3.661017	3.559322
0.000465743	3.050847	2.440678
0.000465684	3.152542	2.440678
0.000465589	1.728814	1.830508
0.000465565	2.644068	2.237288
0.000465506	1.728814	1.525424
0.000465482	2.237288	2.237288
0.000465458	3.864407	2.949153
0.000464888	3.661017	2.644068
0.000464674	2.949153	2.440678
0.000464425	1.830508	2.033898
0.000464235	3.254237	2.440678
0.000463903	3.355932	3.559322
0.000463808	2.644068	1.830508
0.000463499	3.762712	2.745763
0.000463214	2.847458	2.542373
0.000462929	2.847458	2.644068
0.000462917	1.932203	2.135593
0.000462822	2.745763	2.237288
0.000462727	2.847458	2.440678
0.000462537	2.745763	2.135593
0.000462525	2.440678	1.525424
0.000462133	1.932203	1.322034
0.000462062	3.559322	2.542373
0.00046205	2.135593	2.237288
0.000461908	2.745763	2.338983
0.000461813	2.033898	1.322034
0.000461777	2.847458	2.745763
0.000461694	2.644068	2.338983
0.000461575	2.542373	1.627119
0.000461551	3.864407	3.457627
0.00046148	2.847458	2.338983
0.000461148	2.949153	3.152542
0.000461077	3.355932	2.440678
0.000461065	1.728814	1.932203
0.000460934	1.728814	1.423729
0.00046078	2.542373	2.338983
0.000460732	2.745763	2.033898
0.000460423	2.949153	2.338983
0.000460079	2.745763	2.440678
0.000459972	3.762712	3.559322
0.000459877	3.152542	3.457627
0.000459533	2.847458	2.847458
0.000459521	1.830508	1.322034
0.000459414	2.338983	1.423729
0.000459355	2.847458	2.237288
0.000459082	2.440678	2.338983
0.000458702	3.050847	2.338983
0.000458654	3.050847	3.355932
0.000458512	2.135593	1.322034
0.000457752	3.864407	2.847458
0.000457633	3.966102	3.254237
0.000457538	2.745763	2.542373
0.000457336	2.644068	1.728814
0.000457277	3.966102	3.152542
0.000457217	2.033898	2.237288
0.000457111	2.745763	1.932203
0.000456873	2.644068	2.440678
0.000456553	2.338983	2.338983
0.000456208	3.152542	2.338983
0.000456173	2.847458	2.135593
0.000455959	3.457627	2.440678
0.000455923	2.847458	2.949153
0.00045584	1.627119	1.627119
0.000455353	1.627119	1.728814
0.000455341	2.949153	2.237288
0.000455116	3.254237	3.559322
0.000455033	1.830508	2.135593
0.00045476	3.966102	3.355932
0.000454486	1.627119	1.525424
0.000454415	1.728814	2.033898
0.00045438	2.745763	2.644068
0.000454154	1.728814	1.322034
0.000453988	3.966102	3.050847
0.000453204	2.542373	2.440678
0.000453145	2.237288	2.338983
0.000453062	1.627119	1.830508
0.000452777	3.254237	2.338983
0.000452599	2.949153	3.254237
0.000452456	3.661017	2.542373
0.000452444	3.762712	2.644068
0.000452337	2.237288	1.322034
0.00045172	2.847458	2.033898
0.000451411	2.644068	2.542373
0.000451399	2.745763	1.830508
0.000451316	1.627119	1.423729
0.000451304	3.559322	3.661017
0.000451091	1.932203	2.237288
0.000450877	3.050847	2.237288
0.000450675	2.847458	3.050847
0.000450568	2.745763	2.745763
0.000450568	3.864407	3.559322
0.000450319	2.542373	1.525424
0.000449583	3.457627	3.661017
0.000449428	3.661017	3.661017
0.000449333	2.949153	2.135593
0.000449119	2.440678	2.440678
0.000449096	1.932203	1.220339
0.000448941	1.627119	1.932203
0.000448882	2.440678	1.423729
0.000448858	2.135593	2.338983
0.000448645	3.559322	2.440678
0.000448573	3.966102	3.457627
0.000448466	1.830508	1.220339
0.000448288	3.864407	2.745763
0.000448217	3.966102	2.949153
0.00044817	3.355932	2.338983
0.00044811	2.644068	1.627119
0.000446935	2.033898	1.220339
0.00044627	1.627119	1.322034
0.000445997	3.152542	2.237288
0.000445961	2.745763	2.847458
0.000445842	1.728814	2.135593
0.000445747	2.847458	1.932203
0.000445474	2.644068	2.644068
0.000445142	1.728814	1.220339
0.000445059	2.542373	2.542373
0.00044475	3.050847	3.457627
0.000444667	2.338983	2.440678
0.000444299	3.762712	3.661017
0.000444156	3.355932	3.661017
0.000443847	1.830508	2.237288
0.000443741	2.033898	2.338983
0.000443527	2.847458	3.152542
0.000443503	2.338983	1.322034
0.000443444	2.745763	1.728814
0.000443088	1.627119	2.033898
0.000442933	3.152542	3.559322
0.00044228	2.949153	2.033898
0.000442256	3.050847	2.135593
0.000442149	1.525424	1.627119
0.000442114	3.457627	2.338983
0.000442054	2.135593	1.220339
0.000441603	1.525424	1.525424
0.00044139	2.949153	3.355932
0.000441342	1.525424	1.728814
0.000441069	4.067797	3.254237
0.000440594	3.254237	2.237288
0.000440428	3.966102	2.847458
0.000440392	2.745763	2.949153
0.000440262	3.762712	2.542373
0.00043987	2.237288	2.440678
0.000439846	4.067797	3.152542
0.000439656	1.525424	1.423729
0.000439335	4.067797	3.355932
0.000439252	1.627119	1.220339
0.000439193	1.525424	1.830508
0.000439181	3.966102	3.559322
0.000439134	2.644068	2.745763
0.00043905	3.661017	2.440678
0.000438659	2.440678	2.542373
0.000438112	2.847458	1.830508
0.000437851	1.932203	2.338983
0.000437531	3.864407	2.644068
0.000436592	2.542373	2.644068
0.000436545	3.864407	3.661017
0.000436201	1.525424	1.322034
0.000436177	2.644068	1.525424
0.000436141	2.542373	1.423729
0.000435963	4.067797	3.050847
0.000435666	1.525424	1.932203
0.000435654	1.728814	2.237288
0.000435607	1.627119	2.135593
0.000435251	3.254237	3.661017
0.000435061	3.152542	2.135593
0.000435049	1.830508	1.118644
0.000434764	2.135593	2.440678
0.000434633	2.237288	1.220339
0.000434538	4.067797	3.457627
0.000434526	3.355932	2.237288
0.000434396	3.559322	2.338983
0.000434301	2.847458	3.254237
0.000434028	2.949153	1.932203
0.000433873	1.728814	1.118644
0.000433612	1.932203	1.118644
0.000433612	2.745763	3.050847
0.000433197	2.745763	1.627119
0.000432781	3.050847	2.033898
0.000432365	2.440678	1.322034
0.000432353	2.338983	2.542373
0.00043233	2.644068	2.847458
0.000431309	1.830508	2.338983
0.00043113	3.966102	2.745763
0.000431071	1.525424	1.220339
0.000430786	1.525424	2.033898
0.000430335	3.559322	3.762712
0.000430157	1.627119	1.118644
0.00042986	4.067797	2.949153
0.00042967	3.661017	3.762712
0.000429611	2.033898	1.118644
0.000429385	2.033898	2.440678
0.000428696	2.847458	1.728814
0.000428103	3.050847	3.559322
0.000428043	2.440678	2.644068
0.000427984	2.542373	2.745763
0.000427782	3.254237	2.135593
0.000427782	3.457627	3.762712
0.000427628	2.949153	3.457627
0.000427556	3.457627	2.237288
0.000427295	1.423729	1.525424
0.000427236	1.423729	1.627119
0.000427212	3.762712	2.440678
0.000426915	3.966102	3.661017
0.000426761	4.067797	3.559322
0.000426725	1.627119	2.237288
0.000426369	1.423729	1.423729
0.000426274	1.423729	1.728814
0.000426238	2.237288	2.542373
0.000426072	3.762712	3.762712
0.000425811	3.864407	2.542373
0.000425431	2.745763	3.152542
0.000424956	2.644068	2.949153
0.000424932	2.338983	1.220339
0.000424849	3.661017	2.338983
0.0004246	1.525424	2.135593
0.000424517	2.949153	1.830508
0.000424434	4.169492	3.254237
0.000424398	1.423729	1.830508
0.000424303	1.423729	1.322034
0.000424232	1.728814	2.338983
0.000424042	1.525424	1.118644
0.00042384	4.169492	3.355932
0.000423757	1.932203	2.440678
0.000423448	3.152542	2.033898
0.000423353	3.152542	3.661017
0.000423175	2.135593	1.118644
0.000422937	2.847458	3.355932
0.000422403	3.050847	1.932203
0.000422332	4.169492	3.152542
0.000421999	4.067797	2.847458
0.000421976	3.355932	3.762712
0.000421726	2.644068	1.423729
0.000421596	1.423729	1.932203
0.00042086	1.423729	1.220339
0.000420753	3.966102	2.644068
0.000420729	2.745763	1.525424
0.00042042	4.169492	3.457627
0.000420349	2.135593	2.542373
0.000420325	1.728814	1.016949
0.000420301	3.355932	2.135593
0.000420064	3.864407	3.762712
0.000420028	2.338983	2.644068
0.000419435	3.559322	2.237288
0.000419363	2.542373	1.322034
0.000419328	1.830508	1.016949
0.000419233	2.542373	2.847458
0.000418805	1.627119	1.016949
0.00041795	1.830508	2.440678
0.000417844	4.169492	3.050847
0.00041782	1.423729	2.033898
0.000417511	2.440678	2.745763
0.000417499	2.847458	1.627119
0.000417214	1.525424	2.237288
0.000416822	2.644068	3.050847
0.000416704	1.627119	2.338983
0.000416288	4.067797	3.661017
0.000415872	1.932203	1.016949
0.00041573	1.423729	1.118644
0.000415694	2.745763	3.254237
0.000414851	1.525424	1.016949
0.000414721	2.033898	2.542373
0.000414566	2.237288	1.118644
0.0004144	3.254237	2.033898
0.000414222	4.169492	3.559322
0.0004137	2.949153	1.728814
0.00041345	3.762712	2.338983
0.000413367	3.864407	2.440678
0.000413355	2.440678	1.220339
0.000413153	3.254237	3.762712
0.000413023	1.423729	2.135593
0.000412857	4.067797	2.745763
0.000412702	2.237288	2.644068
0.000412417	3.457627	2.135593
0.00041231	3.966102	3.762712
0.000411978	1.728814	2.440678
0.000411954	1.322034	1.525424
0.000411823	1.322034	1.423729
0.000411562	2.949153	3.559322
0.000411479	1.322034	1.627119
0.00041136	4.169492	2.949153
0.000411194	3.152542	1.932203
0.000411135	3.050847	1.830508
0.000410909	1.322034	1.322034
0.000410505	1.322034	1.728814
0.000410292	2.542373	2.949153
0.00041009	2.033898	1.016949
0.000409971	3.661017	2.237288
0.000409615	3.966102	2.542373
0.000409532	2.847458	3.457627
0.000409354	1.932203	2.542373
0.000409176	3.050847	3.661017
0.000409152	4.271186	3.355932
0.000409033	1.322034	1.830508
0.000408902	1.322034	1.220339
0.000408796	1.525424	2.338983
0.000408629	4.271186	3.254237
0.000408582	1.423729	1.016949
0.000408107	3.661017	3.864407
0.000407988	2.338983	2.745763
0.000407786	2.644068	3.152542
0.000407596	3.559322	3.864407
0.00040724	1.423729	2.237288
0.000407145	2.440678	2.847458
0.000407074	4.271186	3.457627
0.000407026	1.322034	1.932203
0.000406195	2.745763	1.423729
0.0004061	2.135593	2.644068
0.000406053	3.762712	3.864407
0.000405851	1.627119	2.440678
0.000405637	4.271186	3.152542
0.000405578	3.355932	2.033898
0.000405507	4.169492	3.661017
0.000405447	1.322034	1.118644
0.000405067	1.627119	0.915254
0.000405008	2.644068	1.322034
0.000404604	2.847458	1.525424
0.000404414	1.728814	0.915254
0.000404379	1.322034	2.033898
0.000404367	2.745763	3.355932
0.000404295	3.457627	3.864407
0.000404224	1.830508	2.542373
0.000404141	2.338983	1.118644
0.000403904	3.559322	2.135593
0.000403595	4.067797	3.762712
0.000403369	4.169492	2.847458
0.000403274	1.525424	0.915254
0.000402859	4.067797	2.644068
0.000402407	4.271186	3.559322
0.000402206	2.135593	1.016949
0.000401826	3.864407	3.864407
0.000401778	3.152542	3.762712
0.000401624	2.949153	1.627119
0.000401363	1.830508	0.915254
0.000401054	2.542373	3.050847
0.000400994	1.322034	2.135593
0.000400555	3.254237	1.932203
0.000400531	1.423729	2.338983
0.000400484	4.271186	3.050847
0.000400341	2.542373	1.220339
0.000400318	3.864407	2.338983
0.000400258	2.033898	2.644068
0.000400151	1.322034	1.016949
0.000399605	2.237288	2.745763
0.000399558	1.525424	2.440678
0.000399296	1.728814	2.542373
0.000399095	1.423729	0.915254
0.000399059	3.762712	2.237288
0.000399023	3.050847	1.728814
0.000398358	3.152542	1.830508
0.000398216	3.355932	3.864407
0.000397919	3.966102	2.440678
0.000397729	2.644068	3.254237
0.000396945	2.440678	2.949153
0.000396827	1.322034	2.237288
0.000396827	3.457627	2.033898
0.000396387	2.338983	2.847458
0.000396328	1.220339	1.423729
0.000396304	1.220339	1.322034
0.000396019	1.932203	0.915254
0.000396007	3.966102	3.864407
0.00039596	4.372881	3.355932
0.000395877	1.220339	1.525424
0.000395461	1.220339	1.220339
0.000395366	4.271186	3.661017
0.000395176	1.220339	1.627119
0.000395176	4.372881	3.457627
0.000395105	1.932203	2.644068
0.000394678	4.169492	3.762712
0.000394523	3.661017	2.135593
0.000394499	1.627119	2.542373
0.000394321	1.220339	1.728814
0.000394321	4.169492	2.745763
0.000394321	4.372881	3.254237
0.000394286	2.847458	3.559322
0.000393597	2.949153	3.661017
0.000393573	4.271186	2.949153
0.000393419	1.220339	1.118644
0.000393324	1.220339	1.830508
0.000392991	1.423729	2.440678
0.000392635	1.322034	0.915254
0.000392552	2.237288	1.016949
0.000392398	2.135593	2.745763
0.000392315	4.067797	2.542373
0.000392291	2.440678	1.118644
0.000392125	1.220339	1.932203
0.000391958	4.372881	3.559322
0.000391828	1.322034	2.338983
0.000391495	2.745763	3.457627
0.000391377	2.542373	3.152542
0.000390593	1.830508	2.644068
0.000390581	1.220339	2.033898
0.000390534	3.355932	1.932203
0.000390439	4.372881	3.152542
0.000390142	2.847458	1.423729
0.000389809	2.745763	1.322034
0.00038975	1.220339	1.016949
0.000389702	1.525424	2.542373
0.000389631	3.254237	3.864407
0.000389263	4.067797	3.864407
0.000389097	1.525424	0.813559
0.0003888	1.627119	0.813559
0.00038861	2.033898	0.915254
0.000388551	1.220339	2.135593
0.000388551	3.050847	3.762712
0.000388396	2.949153	1.525424
0.000387933	3.559322	2.033898
0.000387138	2.237288	2.847458
0.000387007	1.423729	0.813559
0.000386841	2.440678	3.050847
0.000386746	3.864407	2.237288
0.000386579	1.728814	2.644068
0.000386579	2.644068	3.355932
0.000386473	4.372881	3.661017
0.000386413	3.254237	1.830508
0.000386354	2.033898	2.745763
0.000386342	2.644068	1.220339
0.000386306	4.271186	3.762712
0.00038614	1.728814	0.813559
0.00038614	3.050847	1.627119
0.000385998	1.322034	2.440678
0.000385915	1.220339	2.237288
0.000385784	3.966102	2.338983
0.000385618	3.661017	3.966102
0.000385368	4.271186	2.847458
0.00038525	2.338983	2.949153
0.000385119	4.474576	3.457627
0.000385072	3.152542	1.728814
0.00038506	3.762712	3.966102
0.000384739	1.423729	2.542373
0.000384668	4.474576	3.355932
0.000384632	4.169492	2.644068
0.000384585	4.372881	3.050847
0.000384133	3.762712	2.135593
0.000384003	1.220339	0.915254
0.000383967	3.559322	3.966102
0.000383279	4.474576	3.559322
0.000382922	1.627119	2.644068
0.000382614	3.864407	3.966102
0.000382566	1.322034	0.813559
0.000382554	1.220339	2.338983
0.000382269	4.169492	3.864407
0.000381949	4.474576	3.254237
0.000381533	2.338983	1.016949
0.000381414	4.067797	2.440678
0.000381391	1.932203	2.745763
0.000381201	1.830508	0.813559
0.000381165	2.542373	3.254237
0.000380999	3.457627	1.932203
0.000380761	1.118644	1.220339
0.000380714	1.118644	1.322034
0.000380108	1.118644	1.423729
0.000380001	3.457627	3.966102
0.000379859	1.118644	1.118644
0.000379467	2.542373	1.118644
0.000379455	2.135593	0.915254
0.000379443	1.525424	2.644068
0.000379443	2.135593	2.847458
0.000379372	1.322034	2.542373
0.000379301	1.118644	1.525424
0.000379241	4.474576	3.661017
0.000379028	4.372881	3.762712
0.000378992	3.152542	3.864407
0.000378719	3.966102	3.966102
0.00037866	3.661017	2.033898
0.000378517	1.118644	1.627119
0.000378363	1.220339	2.440678
0.000377876	1.118644	1.728814
0.000377567	2.847458	3.661017
0.000377532	1.118644	1.016949
0.000377377	1.118644	1.830508
0.000377353	1.830508	2.745763
0.000377258	2.745763	3.559322
0.000377175	4.372881	2.949153
0.00037714	4.474576	3.152542
0.000377045	4.576271	3.457627
0.000376938	1.118644	1.932203
0.000376736	2.440678	3.152542
0.000376499	4.576271	3.559322
0.000376415	1.118644	2.033898
0.000376309	4.271186	2.745763
0.000375893	1.423729	2.644068
0.000375822	1.220339	0.813559
0.000375667	4.271186	3.864407
0.00037562	1.118644	2.135593
0.000375394	4.576271	3.355932
0.000375382	2.237288	2.949153
0.000375371	3.355932	1.830508
0.000374622	4.169492	2.542373
0.000374551	2.338983	3.050847
0.000374409	2.644068	3.457627
0.000374373	1.118644	2.237288
0.000374314	2.847458	1.322034
0.000374278	2.949153	3.762712
0.000374195	1.932203	0.813559
0.000374124	2.949153	1.423729
0.000374088	1.728814	2.745763
0.000373922	4.067797	3.966102
0.000373791	4.576271	3.661017
0.000373768	3.355932	3.966102
0.000373328	1.118644	0.915254
0.000373304	1.220339	2.542373
0.000373257	2.033898	2.847458
0.000373257	3.966102	2.237288
0.000373245	4.474576	3.762712
0.000372723	3.864407	2.135593
0.000372628	3.050847	1.525424
0.000372485	1.118644	2.338983
0.000372224	1.525424	0.711864
0.000372129	1.423729	0.711864
0.000372129	3.254237	1.728814
0.000371963	1.322034	2.644068
0.000371844	2.745763	1.220339
0.000371761	3.559322	1.932203
0.000371595	4.576271	3.254237
0.000371476	3.152542	1.627119
0.000371476	4.677966	3.559322
0.000371369	1.627119	2.745763
0.000370787	4.677966	3.457627
0.00037055	4.474576	3.050847
0.000370348	2.542373	3.355932
0.000370277	4.067797	2.338983
0.000370015	4.677966	3.661017
0.000370003	4.372881	3.864407
0.00036998	1.627119	0.711864
0.000369802	1.118644	2.440678
0.000369683	1.322034	0.711864
0.000369576	2.440678	1.016949
0.000369113	4.576271	3.762712
0.000368959	1.525424	2.745763
0.000368935	2.237288	0.915254
0.000368828	3.762712	2.033898
0.000368828	4.169492	3.966102
0.00036865	4.372881	2.847458
0.000368424	1.932203	2.847458
0.000367961	4.677966	3.355932
0.000367795	4.779661	3.559322
0.00036751	4.779661	3.661017
0.000367356	2.135593	2.949153
0.000367308	1.220339	2.644068
0.00036694	3.050847	3.864407
0.000366845	1.118644	0.813559
0.000366833	4.271186	2.644068
0.000366548	1.423729	2.745763
0.000366536	2.440678	3.254237
0.000366513	4.677966	3.762712
0.000366204	1.118644	2.542373
0.000366085	2.644068	1.118644
0.000365907	4.779661	3.457627
0.000365859	4.576271	3.152542
0.00036567	4.881356	3.661017
0.000365646	4.474576	3.864407
0.000365563	3.254237	3.966102
0.000365503	1.728814	0.711864
0.000365408	2.033898	0.813559
0.000365171	3.457627	1.830508
0.0003651	4.779661	3.762712
0.000364957	1.016949	1.220339
0.000364898	1.016949	1.118644
0.000364886	1.220339	0.711864
0.000364826	4.881356	3.559322
0.000364755	1.830508	2.847458
0.000364494	4.169492	2.440678
0.000364328	2.237288	3.050847
0.000364292	1.016949	1.322034
0.000364292	4.881356	3.762712
0.000364221	2.338983	3.152542
0.000363972	4.271186	3.966102
0.000363912	3.762712	4.067797
0.000363793	1.322034	2.745763
0.000363758	4.983051	3.661017
0.000363639	1.016949	1.016949
0.000363366	4.983051	3.762712
0.000363295	1.016949	1.423729
0.000363152	3.864407	4.067797
0.000363093	4.677966	3.254237
0.000363045	3.661017	4.067797
0.000362737	4.576271	3.864407
0.000362594	3.661017	1.932203
0.00036257	4.474576	2.949153
0.000362321	1.016949	1.525424
0.000362048	1.016949	2.135593
0.000362036	1.728814	2.847458
0.000361977	1.016949	2.237288
0.000361953	2.745763	3.661017
0.000361929	4.779661	3.355932
0.00036181	4.983051	3.559322
0.000361787	1.016949	2.033898
0.000361787	4.881356	3.457627
0.000361585	1.016949	1.627119
0.000361526	1.118644	2.644068
0.000361502	5.084746	3.762712
0.000361442	1.016949	1.932203
0.000361359	1.016949	2.338983
0.000361312	2.644068	3.559322
0.000361205	1.016949	1.728814
0.000361193	1.016949	1.830508
0.000361193	4.677966	3.864407
0.00036111	3.966102	4.067797
0.000361074	2.033898	2.949153
0.00036092	5.084746	3.661017
0.000360754	4.881356	3.864407
0.00036073	1.016949	0.915254
0.000360718	4.779661	3.864407
0.000360647	4.983051	3.864407
0.000360409	3.966102	2.135593
0.00036035	3.559322	4.067797
0.000360326	3.355932	1.728814
0.000360314	1.220339	2.745763
0.000360006	1.016949	2.440678
0.000359994	1.627119	2.847458
0.000359863	4.372881	3.966102
0.000359804	2.847458	3.762712
0.000359578	5.084746	3.864407
0.000359483	4.372881	2.745763
0.000358961	2.542373	3.457627
0.000358961	2.949153	1.322034
0.000358949	1.830508	0.711864
0.000358949	4.067797	2.237288
0.000358605	3.050847	1.423729
0.000358498	4.576271	3.050847
0.000358355	1.525424	2.847458
0.000358355	3.864407	2.033898
0.000358201	4.067797	4.067797
0.00035794	3.254237	1.627119
0.000357892	5.084746	3.559322
0.000357856	5.186441	3.762712
0.000357738	3.152542	1.525424
0.000357726	1.118644	0.711864
0.00035769	1.016949	2.542373
0.000357619	4.983051	3.457627
0.0003575	2.338983	0.915254
0.000357275	2.847458	1.220339
0.000357263	4.271186	2.542373
0.00035712	2.542373	1.016949
0.000356812	4.474576	3.966102
0.000356776	1.423729	2.847458
0.00035674	5.186441	3.864407
0.000356669	4.881356	3.355932
0.00035642	4.677966	3.152542
0.000356337	1.932203	2.949153
0.000356313	5.186441	3.661017
0.000356158	2.440678	3.355932
0.000356147	2.135593	3.050847
0.000356004	4.779661	3.254237
0.000355814	3.457627	4.067797
0.000355802	3.152542	3.966102
0.000355719	1.016949	0.813559
0.000355695	4.983051	3.966102
0.000355684	1.118644	2.745763
0.00035566	3.559322	1.830508
0.000355244	4.881356	3.966102
0.000355209	2.135593	0.813559
0.000355197	5.084746	3.966102
0.000354995	4.576271	3.966102
0.000354912	4.169492	4.067797
0.0003549	1.322034	2.847458
0.000354579	4.779661	3.966102
0.000354389	1.423729	0.610169
0.000354366	4.169492	2.338983
0.000354342	4.677966	3.966102
0.000354235	1.016949	2.644068
0.000354211	2.949153	3.864407
0.00035414	2.338983	3.254237
0.000353902	2.237288	3.152542
0.000353867	1.322034	0.610169
0.000353653	4.474576	2.847458
0.000353321	3.762712	1.932203
0.000352964	5.186441	3.966102
0.000352917	1.830508	2.949153
0.00035262	1.525424	0.610169
0.000352596	5.084746	3.457627
0.000352561	2.745763	1.118644
0.000352311	1.220339	2.847458
0.00035224	5.186441	3.559322
0.000351706	4.271186	4.067797
0.00035167	5.288136	3.762712
0.000351397	4.983051	3.355932
0.000351385	5.288136	3.864407
0.000351005	1.220339	0.610169
0.000350554	1.932203	0.711864
0.00035053	1.728814	2.949153
0.000350103	4.372881	2.644068
0.000349913	4.576271	2.949153
0.000349842	2.033898	3.050847
0.000349699	4.881356	3.254237
0.00034964	3.457627	1.728814
0.000349521	3.355932	4.067797
0.000349462	1.016949	2.745763
0.0003492	5.288136	3.661017
0.000349022	4.372881	4.067797
0.000348915	0.915254	2.338983
0.000348904	1.627119	2.949153
0.000348737	4.983051	4.067797
0.000348642	0.915254	1.118644
0.000348642	0.915254	2.440678
0.000348642	1.627119	0.610169
0.000348571	1.118644	2.847458
0.000348535	5.084746	4.067797
0.000348488	0.915254	2.237288
0.000348405	4.779661	3.152542
0.000348274	4.677966	3.050847
0.000348262	5.288136	3.966102
0.000348239	1.016949	0.711864
0.000348179	0.915254	1.016949
0.000348144	0.915254	1.220339
0.000347989	4.881356	4.067797
0.000347823	4.271186	2.440678
0.000347716	1.525424	2.949153
0.000347609	0.915254	2.135593
0.000347514	2.644068	3.661017
0.000347479	4.067797	2.135593
0.000347431	0.915254	2.542373
0.000347312	3.966102	2.033898
0.000347134	4.474576	4.067797
0.000347099	0.915254	1.322034
0.000347051	2.542373	3.559322
0.000346968	4.779661	4.067797
0.000346659	5.186441	4.067797
0.000346647	1.423729	2.949153
0.000346647	3.661017	1.830508
0.000346529	0.915254	2.033898
0.000346279	0.915254	0.915254
0.000346244	4.677966	4.067797
0.00034622	4.576271	4.067797
0.000345935	2.745763	3.762712
0.000345923	0.915254	1.423729
0.000345911	5.186441	3.457627
0.000345733	2.135593	3.152542
0.000345721	1.118644	0.610169
0.000345674	3.355932	1.627119
0.000345603	2.440678	0.915254
0.000345579	2.440678	3.457627
0.000345484	0.915254	1.932203
0.000345318	5.084746	3.355932
0.000345306	1.322034	2.949153
0.000345175	1.932203	3.050847
0.00034508	3.050847	3.966102
0.000345044	0.915254	2.644068
0.000344938	0.915254	1.525424
0.000344665	0.915254	1.830508
0.000344546	2.644068	1.016949
0.000344344	0.915254	1.627119
0.000344296	4.169492	2.237288
0.000344273	4.474576	2.745763
0.000344249	0.915254	1.728814
0.000344225	2.338983	3.355932
0.000344166	3.050847	1.322034
0.000344154	5.288136	3.559322
0.000344118	3.864407	4.169492
0.000344035	2.237288	0.813559
0.000344023	3.254237	1.525424
0.000344011	2.237288	3.254237
0.000343976	3.152542	1.423729
0.000343833	3.864407	1.932203
0.000343798	3.966102	4.169492
0.00034343	4.983051	3.254237
0.000343311	3.762712	4.169492
0.000343299	1.220339	2.949153
0.00034324	1.016949	2.847458
0.000343014	2.949153	1.220339
0.000342872	5.389831	3.864407
0.000342634	4.067797	4.169492
0.000342622	1.728814	0.610169
0.000342503	0.915254	0.813559
0.000342408	5.288136	4.067797
0.000342337	5.389831	3.762712
0.000341874	1.830508	3.050847
0.000341779	3.254237	4.067797
0.000341542	2.847458	3.864407
0.000341269	0.915254	2.745763
0.000341185	4.881356	3.152542
0.00034115	3.661017	4.169492
0.000341007	4.169492	4.169492
0.000340841	4.372881	2.542373
0.000340675	2.033898	0.711864
0.000340544	4.576271	2.847458
0.000340473	5.389831	3.966102
0.000340164	1.118644	2.949153
0.000340069	4.983051	4.169492
0.000339962	3.559322	1.728814
0.000339891	5.084746	4.169492
0.00033963	1.728814	3.050847
0.000339487	2.033898	3.152542
0.000339464	4.779661	3.050847
0.000339309	4.271186	4.169492
0.000339298	4.881356	4.169492
0.000339238	2.847458	1.118644
0.000339048	4.677966	2.949153
0.000338977	5.389831	3.661017
0.000338656	4.271186	2.338983
0.000338193	4.779661	4.169492
0.000338146	1.627119	3.050847
0.00033811	5.186441	4.169492
0.00033798	1.016949	0.610169
0.000337932	3.762712	1.830508
0.000337873	4.372881	4.169492
0.000337659	5.186441	3.355932
0.00033754	3.559322	4.169492
0.000337231	4.677966	4.169492
0.000337113	1.525424	3.050847
0.00033697	4.474576	4.169492
0.000336887	5.288136	3.457627
0.000336768	4.576271	4.169492
0.000336448	0.915254	0.711864
0.0003364	5.084746	3.254237
0.000336198	1.423729	3.050847
0.000336044	2.135593	3.254237
0.00033589	0.915254	2.847458
0.00033589	4.067797	2.033898
0.000335474	1.016949	2.949153
0.000335462	0.813559	2.440678
0.000335177	5.389831	4.067797
0.000335142	0.813559	2.542373
0.000335118	1.322034	0.508475
0.000335059	1.322034	3.050847
0.000334892	1.932203	3.152542
0.00033488	0.813559	2.338983
0.000334869	4.474576	2.644068
0.000334845	2.440678	3.559322
0.000334785	2.542373	3.661017
0.000334738	1.830508	0.610169
0.000334726	3.457627	1.627119
0.000334572	2.237288	3.355932
0.000334453	2.338983	3.457627
0.000334299	4.169492	2.135593
0.00033412	3.966102	1.932203
0.000334109	1.220339	0.508475
0.000334073	5.288136	4.169492
0.000334037	4.983051	3.152542
0.000334025	2.949153	3.966102
0.000333836	1.423729	0.508475
0.000333681	0.813559	2.237288
0.000333669	0.813559	2.644068
0.000333657	2.542373	0.915254
0.000333301	1.220339	3.050847
0.000333301	2.644068	3.762712
0.000333076	5.389831	3.559322
0.000332992	3.152542	4.067797
0.000332529	3.457627	4.169492
0.000332387	2.338983	0.813559
0.000332197	2.745763	1.016949
0.000332114	0.813559	2.135593
0.000331971	4.372881	2.440678
0.000331639	3.355932	1.525424
0.000331615	1.830508	3.152542
0.000331484	4.881356	3.050847
0.000331235	0.813559	1.016949
0.000331176	0.813559	1.118644
0.00033114	3.661017	1.728814
0.000330867	4.576271	2.745763
0.000330784	5.491525	3.864407
0.00033076	0.813559	2.745763
0.000330689	1.118644	0.508475
0.000330511	3.254237	1.423729
0.000330487	1.118644	3.050847
0.00033044	0.813559	2.033898
0.000330404	1.525424	0.508475
0.000330345	0.813559	1.220339
0.00033025	3.152542	1.322034
0.000330071	0.813559	0.915254
0.000330012	4.983051	4.271186
0.000329965	2.033898	3.254237
0.00032981	4.271186	2.237288
0.000329715	2.135593	0.711864
0.00032962	2.745763	3.864407
0.000329608	5.084746	4.271186
0.000329597	4.779661	2.949153
0.00032949	4.881356	4.271186
0.000329442	5.491525	3.762712
0.000329418	3.864407	1.830508
0.000329371	3.050847	1.220339
0.000329335	1.728814	3.152542
0.000329181	4.677966	2.847458
0.000329157	0.813559	1.322034
0.000329133	5.491525	3.966102
0.000328872	0.813559	1.932203
0.000328813	0.915254	2.949153
0.00032854	4.779661	4.271186
0.00032797	0.813559	1.423729
0.000327887	5.186441	3.254237
0.00032778	5.288136	3.355932
0.000327768	0.915254	0.610169
0.000327768	1.627119	3.152542
0.000327673	5.186441	4.271186
0.000327649	4.067797	4.271186
0.000327625	0.813559	1.830508
0.000327566	4.677966	4.271186
0.000327495	4.169492	4.271186
0.000327269	0.813559	0.813559
0.000327257	3.966102	4.271186
0.000327222	5.389831	4.169492
0.000327079	0.813559	1.525424
0.000327079	4.271186	4.271186
0.000326984	2.135593	3.355932
0.000326877	4.576271	4.271186
0.000326866	0.813559	1.728814
0.000326711	4.372881	4.271186
0.000326687	0.813559	1.627119
0.000326592	1.525424	3.152542
0.000326592	4.474576	4.271186
0.000326379	2.949153	1.118644
0.000326284	3.355932	4.169492
0.000326201	0.813559	2.847458
0.000326201	5.084746	3.152542
0.000326189	1.016949	3.050847
0.000326058	3.864407	4.271186
0.000325797	4.474576	2.542373
0.000325548	1.423729	3.152542
0.0003255	2.237288	3.457627
0.000325429	1.932203	3.254237
0.000325298	1.932203	0.610169
0.000325298	5.491525	3.661017
0.000325013	3.559322	1.627119
0.000325001	5.389831	3.457627
0.000324966	1.627119	0.508475
0.000324788	2.338983	3.559322
0.000324752	1.016949	0.508475
0.000324526	5.491525	4.067797
0.000324396	4.169492	2.033898
0.000324324	4.067797	1.932203
0.000324277	1.322034	3.152542
0.000324028	2.440678	3.661017
0.000323873	3.762712	4.271186
0.000323683	3.050847	4.067797
0.00032366	4.372881	2.338983
0.000323636	5.288136	4.271186
0.000323612	4.983051	3.050847
0.000323303	2.847458	3.966102
0.000323018	3.762712	1.728814
0.000322448	1.220339	3.152542
0.000322389	0.813559	0.711864
0.000322342	2.542373	3.762712
0.000322092	1.830508	3.254237
0.000322033	2.644068	0.915254
0.000321332	4.576271	2.644068
0.00032132	4.271186	2.135593
0.000321154	2.033898	3.355932
0.000321071	3.966102	1.830508
0.000320988	4.881356	2.949153
0.000320703	2.440678	0.813559
0.000320679	3.457627	1.525424
0.000320632	0.711864	2.542373
0.000320584	3.661017	4.271186
0.000320323	2.847458	1.016949
0.000320252	0.711864	2.440678
0.000320002	0.915254	3.050847
0.000319884	0.711864	2.644068
0.000319824	0.813559	2.949153
0.000319658	1.118644	3.152542
0.000319646	1.728814	3.254237
0.000319242	4.779661	2.847458
0.000319171	4.677966	2.745763
0.000319076	0.711864	2.338983
0.000319076	3.254237	4.169492
0.000318981	2.644068	3.864407
0.000318934	4.983051	4.372881
0.000318851	4.881356	4.372881
0.000318672	5.491525	3.559322
0.000318459	2.135593	3.457627
0.000318388	3.355932	1.423729
0.000318257	4.779661	4.372881
0.00031815	2.237288	0.711864
0.000318079	5.084746	4.372881
0.000317794	1.627119	3.254237
0.000317746	0.711864	2.745763
0.000317699	1.728814	0.508475
0.000317485	4.677966	4.372881
0.000317461	3.254237	1.322034
0.000317378	4.474576	2.440678
0.000317354	0.711864	2.237288
0.000317283	5.288136	3.254237
0.000317117	5.491525	4.169492
0.000316998	5.186441	3.152542
0.000316963	5.389831	4.271186
0.000316761	4.576271	4.372881
0.000316749	2.237288	3.559322
0.000316701	1.932203	3.355932
0.000316571	3.152542	1.220339
0.000316464	3.661017	1.627119
0.000316262	1.525424	3.254237
0.000316226	0.915254	0.508475
0.000316203	3.559322	4.271186
0.000316191	4.474576	4.372881
0.000315977	4.372881	2.237288
0.000315775	5.186441	4.372881
0.000315728	4.372881	4.372881
0.000315502	1.016949	3.152542
0.000315467	3.864407	1.728814
0.000315348	0.711864	2.135593
0.000315265	2.338983	3.661017
0.000315265	4.271186	4.372881
0.000315205	5.389831	3.355932
0.000315146	5.084746	3.050847
0.000315075	0.813559	0.610169
0.000314944	5.59322	3.864407
0.00031479	1.423729	3.254237
0.000314647	2.033898	0.610169
0.000314647	4.169492	1.932203
0.0003146	4.169492	4.372881
0.000314386	2.949153	4.067797
0.000314279	1.220339	0.40678
0.000314196	3.050847	1.118644
0.000314065	5.59322	3.966102
0.000313935	0.711864	2.847458
0.000313567	1.322034	0.40678
0.000313531	4.067797	4.372881
0.000313448	2.745763	3.966102
0.000313294	0.711864	2.033898
0.000313282	1.830508	3.355932
0.000313234	2.440678	3.762712
0.000313163	4.271186	2.033898
0.000313139	1.322034	3.254237
0.000312973	2.033898	3.457627
0.000312949	4.067797	1.830508
0.000312866	0.711864	1.016949
0.000312866	5.59322	3.762712
0.000312652	1.118644	0.40678
0.000312581	4.983051	2.949153
0.000312522	0.711864	1.118644
0.000312356	4.576271	2.542373
0.000312201	0.711864	0.915254
0.000311833	3.966102	4.372881
0.000311572	0.711864	1.220339
0.000311572	0.813559	3.050847
0.000311536	5.288136	4.372881
0.000311418	0.711864	1.932203
0.000311311	3.152542	4.169492
0.000311121	3.559322	1.525424
0.000310978	2.745763	0.915254
0.000310966	1.220339	3.254237
0.000310848	3.457627	4.271186
0.000310705	1.423729	0.40678
0.000310563	1.728814	3.355932
0.000310408	0.711864	1.322034
0.000310408	2.135593	3.559322
0.000310206	5.59322	4.067797
0.000310183	4.881356	2.847458
0.000310088	0.711864	0.813559
0.000309981	5.491525	3.457627
0.000309945	2.542373	3.864407
0.000309898	0.711864	1.830508
0.000309803	4.474576	2.338983
0.000309589	0.915254	3.152542
0.00030947	4.677966	2.644068
0.000309399	2.542373	0.813559
0.000309363	3.864407	4.372881
0.00030934	0.711864	1.423729
0.000309102	2.949153	1.016949
0.000308948	4.372881	2.135593
0.000308924	3.762712	1.627119
0.000308877	0.711864	1.728814
0.000308877	4.779661	2.745763
0.000308829	1.830508	0.508475
0.000308663	1.932203	3.457627
0.000308627	0.711864	1.525424
0.000308497	1.016949	0.40678
0.000308449	0.711864	1.627119
0.000308449	3.966102	1.728814
0.000308295	2.237288	3.661017
0.000308283	1.627119	3.355932
0.000308259	0.711864	2.949153
0.000308069	5.59322	3.661017
0.000307938	1.118644	3.254237
0.000307701	3.457627	1.423729
0.000307642	4.881356	4.474576
0.000307547	4.779661	4.474576
0.000307262	5.491525	4.271186
0.000307143	4.983051	4.474576
0.000307131	4.677966	4.474576
0.000306549	4.576271	4.474576
0.000306478	2.338983	0.711864
0.000306205	1.525424	3.355932
0.000306146	0.711864	0.711864
0.000306015	3.762712	4.372881
0.000305944	3.355932	1.322034
0.00030592	2.338983	3.762712
0.000305872	5.288136	3.152542
0.000305861	1.525424	0.40678
0.000305861	4.474576	4.474576
0.000305682	5.084746	4.474576
0.000305635	2.847458	4.067797
0.000305445	5.186441	3.050847
0.000305374	2.033898	3.559322
0.00030535	4.271186	1.932203
0.000305172	4.169492	1.830508
0.000305136	1.830508	3.457627
0.000305041	0.813559	0.508475
0.000305041	4.372881	4.474576
0.000304899	2.644068	3.966102
0.000304863	5.389831	4.372881
0.000304827	3.254237	1.220339
0.000304721	3.355932	4.271186
0.000304269	4.576271	2.440678
0.000304198	5.389831	3.254237
0.000304139	1.423729	3.355932
0.000303973	4.271186	4.474576
0.000303806	0.610169	2.542373
0.000303688	1.016949	3.254237
0.000303664	5.084746	2.949153
0.000303628	0.610169	2.644068
0.000303509	5.59322	4.169492
0.000303426	3.050847	4.169492
0.000303236	2.135593	0.610169
0.000303177	4.474576	2.237288
0.000302963	0.610169	2.440678
0.000302916	3.661017	1.525424
0.000302868	3.152542	1.118644
0.000302868	5.186441	4.474576
0.000302785	2.135593	3.661017
0.000302607	2.440678	3.864407
0.000302536	4.372881	2.033898
0.0003025	4.169492	4.474576
0.00030231	3.864407	1.627119
0.000302132	0.610169	2.745763
0.000302096	1.728814	3.457627
0.000301978	4.067797	1.728814
0.000301871	1.322034	3.355932
0.000301812	3.661017	4.372881
0.000301669	0.915254	0.40678
0.000301538	0.813559	3.152542
0.000301396	0.610169	2.338983
0.000301372	4.983051	2.847458
0.000301253	1.932203	3.559322
0.000300897	5.59322	3.559322
0.000300683	2.847458	0.915254
0.000300636	0.711864	3.050847
0.000300517	4.677966	2.542373
0.00030047	4.067797	4.474576
0.000300161	2.237288	3.762712
0.000299959	0.711864	0.610169
0.000299722	5.491525	3.355932
0.000299508	4.881356	2.745763
0.000299389	0.610169	2.237288
0.000299318	1.627119	3.457627
0.000299235	1.627119	0.40678
0.000299152	1.220339	3.355932
0.000299009	0.610169	2.847458
0.000298997	4.779661	2.644068
0.000298784	2.644068	0.813559
0.000298665	1.932203	0.508475
0.000298641	3.050847	1.016949
0.000298487	3.559322	1.423729
0.000298297	2.033898	3.661017
0.000298261	5.288136	4.474576
0.000298107	3.254237	4.271186
0.000297905	4.271186	1.830508
0.000297869	2.745763	4.067797
0.000297846	2.542373	3.966102
0.000297822	0.915254	3.254237
0.000297739	3.966102	4.474576
0.000297656	1.830508	3.559322
0.000297513	4.474576	2.135593
0.000297323	4.576271	2.338983
0.000297169	0.610169	2.135593
0.000296848	2.338983	3.864407
0.000296836	3.559322	4.372881
0.00029667	4.372881	1.932203
0.000296611	4.677966	4.576271
0.000296599	1.525424	3.457627
0.000296587	4.779661	4.576271
0.000296563	3.966102	1.627119
0.000296302	4.576271	4.576271
0.000296088	4.169492	1.728814
0.000296088	4.881356	4.576271
0.000295993	3.762712	1.525424
0.000295863	2.949153	4.169492
0.000295827	3.457627	1.322034
0.000295685	1.118644	3.355932
0.000295673	4.474576	4.576271
0.000295578	2.135593	3.762712
0.000295459	5.694915	3.864407
0.000295411	5.491525	4.372881
0.000295328	5.694915	3.966102
0.000295162	2.440678	0.711864
0.00029496	0.610169	2.033898
0.000294913	4.983051	4.576271
0.000294687	4.372881	4.576271
0.000294426	1.932203	3.661017
0.000294295	1.728814	3.559322
0.000294272	3.355932	1.220339
0.00029426	3.864407	4.474576
0.00029426	5.59322	4.271186
0.000294022	0.610169	2.949153
0.000293975	5.288136	3.050847
0.00029382	1.423729	3.457627
0.000293642	5.186441	2.949153
0.00029325	4.271186	4.576271
0.000293144	0.610169	1.016949
0.000292942	0.610169	1.932203
0.000292787	5.084746	4.576271
0.000292752	5.694915	3.762712
0.00029274	0.610169	0.915254
0.00029274	4.474576	2.033898
0.000292716	0.610169	1.118644
0.00029268	4.677966	2.440678
0.000292502	3.254237	1.118644
0.000292443	5.389831	3.152542
0.00029236	2.237288	3.864407
0.000292312	2.440678	3.966102
0.000292277	5.694915	4.067797
0.000292182	5.084746	2.847458
0.000292087	0.813559	0.40678
0.000291826	0.610169	1.220339
0.000291802	5.59322	3.457627
0.000291766	1.220339	0.305085
0.000291754	1.118644	0.305085
0.000291707	2.033898	3.762712
0.000291659	4.067797	1.627119
0.000291612	4.576271	2.237288
0.000291541	2.237288	0.610169
0.000291446	5.389831	4.474576
0.000291386	2.644068	4.067797
0.000291362	3.152542	4.271186
0.000291291	4.372881	1.830508
0.000291279	0.610169	1.830508
0.000291267	3.457627	4.372881
0.000291244	0.711864	0.508475
0.000291232	4.169492	4.576271
0.00029122	2.949153	0.915254
0.000291137	1.016949	3.355932
0.000291125	0.711864	3.152542
0.000291113	0.610169	0.813559
0.000291042	1.728814	0.40678
0.000290994	1.627119	3.559322
0.000290864	4.271186	1.728814
0.000290816	1.322034	3.457627
0.000290816	1.830508	3.661017
0.000290804	0.610169	1.322034
0.000290745	3.661017	1.423729
0.000290472	4.983051	2.745763
0.00029027	3.864407	1.525424
0.000290104	0.610169	1.728814
0.000290044	4.779661	2.542373
0.000290033	3.762712	4.474576
0.000290009	0.813559	3.254237
0.000289938	0.610169	1.423729
0.000289534	1.322034	0.305085
0.000289498	0.610169	1.627119
0.000289475	4.881356	2.644068
0.000289463	0.610169	1.525424
0.000289368	5.186441	4.576271
0.000289285	1.016949	0.305085
0.000289095	2.745763	0.813559
0.000289047	2.847458	4.169492
0.000289011	3.152542	1.016949
0.00028875	2.135593	3.864407
0.00028875	4.474576	1.932203
0.000288525	4.067797	4.576271
0.000288406	5.491525	3.254237
0.000288168	1.932203	3.762712
0.000288121	2.338983	3.966102
0.000287848	0.610169	0.711864
0.000287622	1.525424	3.559322
0.000287587	2.033898	0.508475
0.000287575	4.169492	1.627119
0.000287456	5.694915	3.661017
0.000287408	1.220339	3.457627
0.000287195	1.728814	3.661017
0.000287183	3.559322	1.322034
0.000287171	4.576271	2.135593
0.000287076	0.610169	3.050847
0.000286399	5.694915	4.169492
0.00028634	4.372881	1.728814
0.000286292	2.542373	4.067797
0.000286233	4.677966	2.338983
0.000286067	4.576271	4.677966
0.000286007	4.677966	4.677966
0.000285699	3.966102	1.525424
0.000285639	4.474576	4.677966
0.000285568	2.033898	3.864407
0.000285461	4.779661	4.677966
0.000285378	4.474576	1.830508
0.000285342	3.355932	4.372881
0.000285331	1.423729	0.305085
0.000285152	0.915254	3.355932
0.000285152	3.661017	4.474576
0.000285081	3.966102	4.576271
0.00028501	3.457627	1.220339
0.000284986	0.508475	2.644068
0.000284927	2.237288	3.966102
0.000284856	3.050847	4.271186
0.000284749	0.508475	2.542373
0.000284677	4.372881	4.677966
0.000284618	1.830508	3.762712
0.000284594	2.542373	0.711864
0.000284452	3.762712	1.423729
0.000284345	4.881356	4.677966
0.000284309	4.271186	1.627119
0.000284297	5.288136	4.576271
0.000284143	0.915254	0.305085
0.000284096	1.423729	3.559322
0.000284001	0.508475	2.745763
0.000283918	4.576271	2.033898
0.000283621	0.508475	2.440678
0.000283443	1.627119	3.661017
0.000283359	1.118644	3.457627
0.000283288	2.745763	4.169492
0.000283193	3.355932	1.118644
0.000283086	4.271186	4.677966
0.000282908	5.59322	4.372881
0.000282623	3.050847	0.915254
0.000282564	0.610169	0.610169
0.000282528	2.440678	4.067797
0.000282481	4.474576	1.728814
0.000282481	4.983051	4.677966
0.000282445	1.932203	3.864407
0.000282398	4.779661	2.440678
0.000282315	2.135593	3.966102
0.000282208	4.067797	1.525424
0.000282089	5.491525	4.474576
0.00028203	5.186441	2.847458
0.00028203	5.288136	2.949153
0.000281863	0.508475	2.338983
0.00028178	4.372881	1.627119
0.00028165	4.576271	1.932203
0.000281531	1.830508	0.40678
0.000281483	0.508475	2.847458
0.000281317	4.677966	2.237288
0.000281317	5.59322	3.355932
0.000281163	5.084746	2.745763
0.000280902	3.864407	4.576271
0.000280854	1.728814	3.762712
0.000280795	4.169492	4.677966
0.000280522	4.881356	2.542373
0.000280427	2.847458	0.813559
0.000280403	5.389831	3.050847
0.000280355	4.983051	2.644068
0.000280332	1.322034	3.559322
0.000280272	3.254237	1.016949
0.000280142	4.576271	1.830508
0.000280058	2.338983	0.610169
0.000280023	3.661017	1.322034
0.000279999	0.711864	3.254237
0.000279952	5.694915	3.559322
0.00027988	2.033898	3.966102
0.000279868	4.474576	1.627119
0.000279857	2.338983	4.067797
0.000279774	0.508475	2.237288
0.000279774	3.559322	4.474576
0.000279762	4.169492	1.525424
0.000279738	0.711864	0.40678
0.000279667	5.084746	4.677966
0.00027956	3.864407	1.423729
0.000279477	1.525424	3.661017
0.000279358	1.525424	0.305085
0.000279358	3.254237	4.372881
0.000279132	4.576271	1.728814
0.000279073	1.830508	3.864407
0.000278954	2.949153	4.271186
0.000278776	2.644068	4.169492
0.00027842	4.779661	1.322034
0.000278384	1.016949	3.457627
0.000278349	4.576271	1.627119
0.000278349	4.881356	1.322034
0.000278266	4.271186	1.525424
0.000278194	4.779661	1.423729
0.000278182	0.610169	3.152542
0.000277957	5.694915	4.271186
0.000277945	4.677966	2.135593
0.000277921	2.237288	4.067797
0.000277826	4.881356	1.220339
0.000277719	4.067797	4.677966
0.000277696	4.677966	1.423729
0.000277553	4.372881	1.525424
0.000277541	4.677966	1.525424
0.000277529	0.508475	2.135593
0.000277529	4.576271	1.525424
0.000277494	4.881356	1.423729
0.000277446	4.779661	1.220339
0.000277434	0.813559	3.355932
0.000277411	4.474576	1.525424
0.000277351	1.118644	5.084746
0.000277244	1.932203	3.966102
0.000277221	5.389831	4.576271
0.000277173	0.508475	2.949153
0.000277126	3.559322	1.220339
0.000277126	4.677966	1.322034
0.000277007	4.779661	1.525424
0.0002769	4.677966	1.627119
0.000276864	1.118644	4.983051
0.000276805	1.016949	5.084746
0.000276758	1.627119	3.762712
0.000276544	5.491525	3.152542
0.000276484	4.983051	1.322034
0.000276473	1.220339	5.084746
0.000276461	4.576271	1.423729
0.000276378	4.779661	2.338983
0.000276354	1.016949	4.983051
0.000276318	4.983051	1.220339
0.000276306	2.135593	4.067797
0.000276188	1.220339	3.559322
0.000276176	0.813559	0.305085
0.000276069	3.762712	4.576271
0.000276069	4.677966	1.728814
0.000276033	2.135593	0.508475
0.000276033	3.966102	1.423729
0.000275998	4.677966	2.033898
0.000275974	1.220339	4.983051
0.000275855	4.576271	4.779661
0.000275748	4.474576	4.779661
0.000275748	4.881356	1.118644
0.000275618	5.186441	4.677966
0.000275606	4.677966	1.220339
0.000275535	2.542373	4.169492
0.000275487	4.881356	1.525424
0.000275404	4.677966	1.830508
0.000275356	4.677966	4.779661
0.000275333	0.508475	2.033898
0.000275285	1.728814	3.864407
0.000275261	1.423729	3.661017
0.000275261	4.677966	1.932203
0.000275143	4.779661	1.627119
0.000275131	4.983051	1.423729
0.000275095	4.779661	1.118644
0.00027506	2.644068	0.711864
0.000275024	3.457627	1.118644
0.000274988	4.372881	4.779661
0.000274953	4.474576	1.423729
0.000274941	0.610169	0.508475
0.000274941	4.576271	1.322034
0.000274905	1.118644	5.186441
0.00027487	3.152542	0.915254
0.00027462	2.033898	4.067797
0.000274549	1.322034	5.084746
0.00027449	4.983051	1.118644
0.000274442	0.915254	5.084746
0.000274395	3.762712	1.322034
0.000274264	4.779661	4.779661
0.00027424	1.220339	5.186441
0.000274169	1.016949	5.186441
0.000274157	1.830508	3.966102
0.000274145	3.457627	4.474576
0.000274074	1.322034	4.983051
0.000274062	0.915254	4.983051
0.000273955	2.847458	4.271186
0.00027386	1.118644	4.881356
0.000273848	3.966102	4.677966
0.000273801	4.067797	1.423729
0.000273611	3.152542	4.372881
0.000273599	4.372881	1.423729
0.00027348	4.271186	4.779661
0.000273421	2.440678	4.169492
0.000273338	0.508475	1.932203
0.000273255	5.79661	3.966102
0.000273219	1.016949	4.881356
0.000273195	1.220339	4.881356
0.000273065	4.881356	2.440678
0.00027297	4.677966	1.118644
0.00027297	4.779661	1.728814
0.00027278	2.949153	0.813559
0.00027278	4.576271	1.220339
0.000272768	4.169492	1.423729
0.000272768	4.271186	1.423729
0.000272709	5.79661	3.864407
0.000272661	4.881356	1.627119
0.000272578	5.084746	1.220339
0.000272554	1.932203	4.067797
0.00027253	4.983051	1.525424
0.000272519	1.322034	5.186441
0.000272519	4.881356	4.779661
0.000272447	3.355932	1.016949
0.000272447	5.084746	1.322034
0.000272352	4.474576	1.322034
0.000272317	1.525424	3.762712
0.000272186	0.508475	1.016949
0.000272162	0.915254	3.457627
0.000272162	2.338983	4.169492
0.000272115	4.779661	2.237288
0.00027196	4.881356	1.016949
0.000271913	1.423729	5.084746
0.000271877	1.627119	0.305085
0.000271854	0.508475	0.915254
0.000271818	0.508475	1.118644
0.000271675	0.508475	1.830508
0.000271652	0.915254	5.186441
0.000271604	1.322034	4.881356
0.000271521	1.423729	4.983051
0.000271509	1.118644	3.559322
0.000271462	4.983051	2.542373
0.000271402	2.237288	4.169492
0.000271224	4.779661	1.016949
0.000271153	4.169492	4.779661
0.000271094	0.508475	1.220339
0.00027107	5.084746	2.644068
0.000271034	5.186441	2.745763
0.000271011	1.627119	3.864407
0.000271011	1.932203	0.40678
0.000271011	5.79661	4.067797
0.000270975	5.084746	1.118644
0.000270916	0.508475	3.050847
0.00027088	4.779661	1.830508
0.000270868	0.915254	4.881356
0.000270844	4.983051	1.016949
0.000270785	1.322034	3.661017
0.000270761	5.084746	1.423729
0.000270749	3.661017	4.576271
0.000270737	2.135593	4.169492
0.000270714	5.694915	3.457627
0.00027069	3.661017	1.220339
0.000270512	1.728814	3.966102
0.000270488	0.508475	0.813559
0.000270441	5.288136	2.847458
0.000270429	0.508475	1.728814
0.00027031	0.508475	1.322034
0.000270286	3.864407	1.322034
0.000270073	1.423729	5.186441
0.000270061	2.745763	4.271186
0.000270037	5.288136	4.677966
0.000270001	4.983051	4.779661
0.000269978	5.59322	4.474576
0.000269966	5.59322	3.254237
0.00026993	0.813559	5.084746
0.000269894	1.830508	4.067797
0.000269835	4.372881	1.322034
0.000269823	2.033898	4.169492
0.000269799	4.576271	1.118644
0.000269704	0.508475	1.423729
0.000269693	0.508475	1.627119
0.000269645	0.813559	4.983051
0.000269645	4.779661	2.135593
0.000269503	5.79661	3.762712
0.000269467	0.508475	1.525424
0.000269455	4.474576	1.220339
0.000269431	1.423729	4.881356
0.000269408	4.881356	1.728814
0.00026936	4.779661	1.932203
0.000269265	2.440678	0.610169
0.000269265	3.864407	4.677966
0.000269229	1.118644	5.288136
0.000269028	4.677966	1.016949
0.000269004	4.983051	1.627119
0.000268933	1.118644	4.779661
0.000268909	1.220339	5.288136
0.000268861	1.525424	5.084746
0.000268814	4.779661	2.033898
0.000268743	1.220339	4.779661
0.0002686	1.525424	4.983051
0.000268517	3.355932	4.474576
0.000268505	5.389831	2.949153
0.000268422	3.050847	4.372881
0.000268375	1.932203	4.169492
0.000268351	1.118644	0.20339
0.00026822	1.016949	5.288136
0.000268101	3.559322	1.118644
0.000267983	4.067797	4.779661
0.000267923	1.016949	4.779661
0.0002679	3.254237	0.915254
0.000267852	5.491525	4.576271
0.000267793	4.271186	1.322034
0.000267769	5.084746	1.525424
0.000267733	1.322034	4.779661
0.000267698	0.711864	3.355932
0.000267686	0.508475	0.711864
0.000267674	3.966102	1.322034
0.000267615	0.610169	3.254237
0.000267591	1.322034	5.288136
0.000267567	1.423729	3.762712
0.000267531	5.084746	1.016949
0.000267401	4.881356	2.338983
0.000267389	1.016949	0.20339
0.000267353	2.644068	4.271186
0.000267342	5.694915	4.372881
0.000267175	1.525424	5.186441
0.000267045	0.813559	5.186441
0.00026695	1.220339	0.20339
0.000266938	1.525424	4.881356
0.000266748	2.745763	0.711864
0.000266582	4.169492	1.322034
0.000266558	1.728814	4.067797
0.000266534	5.084746	4.779661
0.000266475	4.067797	1.322034
0.000266463	0.813559	4.881356
0.000266368	4.881356	0.915254
0.000266356	5.186441	1.220339
0.000266308	1.525424	3.864407
0.000266285	1.627119	3.966102
0.000266261	1.830508	4.169492
0.000266225	1.423729	4.779661
0.000266213	4.881356	1.830508
0.00026613	4.372881	1.220339
0.000266107	3.050847	0.813559
0.000266083	4.474576	1.118644
0.000266035	1.016949	3.559322
0.000266035	5.79661	4.169492
0.000266012	4.474576	4.881356
0.000266012	5.186441	1.322034
0.000265964	1.220339	3.661017
0.000265798	4.576271	1.016949
0.000265786	2.542373	4.271186
0.000265774	3.762712	1.220339
0.000265691	2.135593	4.271186
0.000265679	4.576271	4.881356
0.000265679	4.779661	0.915254
0.000265608	1.627119	5.084746
0.000265596	3.457627	1.016949
0.000265596	4.372881	4.881356
0.000265549	1.423729	5.288136
0.000265537	0.915254	5.288136
0.000265537	2.033898	4.271186
0.000265513	1.627119	4.983051
0.000265477	2.237288	4.271186
0.000265359	0.915254	4.779661
0.000265347	0.711864	0.305085
0.000265299	4.983051	0.915254
0.00026518	3.559322	4.576271
0.000265169	2.338983	4.271186
0.000265157	2.440678	4.271186
0.00026499	5.186441	1.118644
0.000264979	4.983051	1.728814
0.000264765	1.932203	4.271186
0.000264717	0.610169	0.40678
0.000264682	4.677966	4.881356
0.000264587	5.491525	3.050847
0.00026448	2.237288	0.508475
0.000264444	1.525424	4.779661
0.000264409	0.813559	3.457627
0.000264361	4.271186	4.881356
0.000264314	1.627119	4.881356
0.000264195	4.983051	2.440678
0.000264183	0.40678	2.644068
0.000264112	3.762712	4.677966
0.000264112	5.186441	1.423729
0.000264052	2.949153	4.372881
0.000264029	1.627119	5.186441
0.000263993	3.966102	4.779661
0.000263898	5.79661	3.661017
0.000263815	0.915254	0.20339
0.000263791	5.084746	1.627119
0.000263696	4.881356	2.237288
0.000263684	0.40678	2.542373
0.000263625	4.677966	0.915254
0.000263601	0.40678	2.745763
0.000263589	4.881356	1.932203
0.000263471	1.322034	0.20339
0.000263435	1.728814	4.169492
0.000263292	1.830508	4.271186
0.000263245	1.220339	4.677966
0.000263233	4.271186	1.220339
0.000263174	3.254237	4.474576
0.000263103	0.508475	0.610169
0.000263091	1.728814	0.305085
0.000263067	1.322034	4.677966
0.000263055	1.525424	5.288136
0.000263031	4.779661	4.881356
0.000263008	0.711864	5.084746
0.000262818	0.711864	4.983051
0.000262746	0.508475	3.152542
0.000262723	1.118644	4.677966
0.000262651	5.389831	4.677966
0.000262592	1.627119	4.067797
0.000262544	1.627119	4.779661
0.000262521	1.322034	3.762712
0.000262521	3.661017	1.118644
0.000262461	1.423729	4.677966
0.000262414	0.40678	2.440678
0.00026239	1.728814	4.983051
0.00026239	3.864407	1.220339
0.000262307	4.372881	1.118644
0.000262307	5.084746	2.542373
0.000262283	1.728814	5.084746
0.000262248	4.169492	4.881356
0.000262153	5.084746	0.915254
0.000262022	4.474576	1.016949
0.000262022	4.881356	2.033898
0.000261951	4.881356	2.135593
0.000261891	5.186441	4.779661
0.00026182	2.033898	4.372881
0.000261796	5.186441	1.016949
0.000261749	1.932203	4.372881
0.000261725	3.355932	0.915254
0.000261654	1.728814	4.881356
0.00026163	1.525424	4.677966
0.000261606	0.40678	2.847458
0.000261547	1.525424	3.966102
0.000261262	2.135593	4.372881
0.000261226	1.423729	3.864407
0.000261155	1.016949	4.677966
0.000261155	4.169492	1.220339
0.00026112	1.728814	4.271186
0.000261072	5.186441	2.644068
0.000261001	1.830508	4.372881
0.000260977	4.983051	1.830508
0.000260906	5.186441	1.525424
0.00026087	0.813559	4.779661
0.000260858	0.813559	5.288136
0.000260775	1.728814	5.186441
0.000260692	1.118644	3.661017
0.000260692	2.847458	4.372881
0.000260692	4.881356	4.881356
0.000260656	1.627119	4.677966
0.000260645	0.40678	2.338983
0.000260585	4.576271	0.915254
0.000260573	1.728814	4.779661
0.00026055	3.966102	1.220339
0.000260312	1.220339	5.389831
0.000260265	1.627119	5.288136
0.000260265	3.152542	0.813559
0.000260253	5.694915	3.355932
0.000260241	2.237288	4.372881
0.000260217	1.118644	5.389831
0.000260182	4.067797	1.220339
0.000260075	0.711864	5.186441
0.000259956	1.627119	4.169492
0.000259837	2.033898	0.40678
0.000259802	3.559322	1.016949
0.00025973	0.711864	4.881356
0.000259695	2.847458	0.711864
0.000259623	1.728814	4.372881
0.000259623	3.457627	4.576271
0.000259623	5.288136	2.745763
0.000259564	1.728814	4.677966
0.000259528	0.915254	3.559322
0.000259517	2.542373	0.610169
0.000259493	1.322034	5.389831
0.000259422	1.830508	4.474576
0.000259386	1.932203	4.474576
0.000259291	3.864407	4.779661
0.000259291	5.084746	1.728814
0.000259255	1.830508	4.983051
0.000259232	4.067797	4.881356
0.000259042	1.627119	4.576271
0.000259006	2.338983	4.372881
0.000258947	1.525424	4.576271
0.000258947	1.830508	4.881356
0.000258935	1.728814	4.576271
0.000258935	1.830508	5.084746
0.000258923	1.728814	4.474576
0.000258911	1.016949	5.389831
0.000258911	4.271186	1.118644
0.000258864	4.983051	2.338983
0.000258852	4.881356	0.813559
0.000258745	2.033898	4.474576
0.000258685	1.423729	4.576271
0.000258614	0.40678	2.237288
0.000258614	3.661017	4.677966
0.000258531	1.830508	4.576271
0.000258531	5.79661	4.271186
0.000258495	1.830508	4.779661
0.000258472	2.745763	4.372881
0.000258389	3.152542	4.474576
0.000258353	1.627119	4.271186
0.000258353	3.762712	1.118644
0.000258341	4.779661	0.813559
0.00025827	1.830508	4.677966
0.000258234	5.59322	3.152542
0.00025821	1.322034	4.576271
0.00025821	1.423729	0.20339
0.000258187	0.915254	4.677966
0.000258127	4.372881	1.016949
0.000258104	1.525424	4.067797
0.00025802	1.423729	5.389831
0.000257997	1.627119	4.474576
0.000257914	0.40678	2.949153
0.000257902	2.440678	4.372881
0.000257759	4.983051	0.813559
0.000257724	1.627119	4.372881
0.000257712	1.932203	4.576271
0.000257581	4.983051	4.881356
0.000257546	4.983051	1.932203
0.000257534	5.288136	1.220339
0.00025751	2.135593	4.474576
0.000257474	1.830508	5.186441
0.000257427	0.813559	0.20339
0.000257379	1.220339	4.576271
0.000257367	2.644068	4.372881
0.00025732	1.728814	5.288136
0.000257249	2.542373	4.372881
0.000257166	1.220339	3.762712
0.00025713	5.389831	2.847458
0.000257023	5.288136	1.322034
0.000257011	4.474576	0.915254
0.000256786	1.525424	4.474576
0.000256726	5.186441	1.627119
0.000256702	1.932203	4.677966
0.000256691	5.186441	0.915254
0.000256584	4.677966	0.813559
0.000256512	0.40678	2.135593
0.000256465	4.372881	4.983051
0.000256417	1.423729	3.966102
0.000256394	4.474576	4.983051
0.000256394	5.288136	1.118644
0.000256382	0.508475	0.508475
0.000256382	2.033898	4.576271
0.000256358	3.457627	0.915254
0.000256287	5.79661	3.559322
0.000256275	4.169492	1.118644
0.000256251	1.932203	4.779661
0.000256156	1.932203	4.881356
0.000256097	1.525424	5.389831
0.000256085	1.932203	4.983051
0.000256073	0.915254	5.389831
0.000256014	5.59322	4.576271
0.000255966	1.525424	4.169492
0.000255954	1.118644	4.576271
0.000255848	1.322034	3.864407
0.000255824	5.288136	4.779661
0.0002558	0.610169	3.355932
0.000255788	2.237288	4.474576
0.000255681	4.271186	4.983051
0.000255669	3.864407	1.118644
0.000255622	4.983051	2.237288
0.000255586	1.932203	5.084746
0.000255551	4.576271	4.983051
0.000255432	1.525424	4.372881
0.000255361	1.423729	4.474576
0.000255361	3.966102	4.881356
0.000255289	5.084746	2.440678
0.000255218	4.983051	2.033898
0.000255183	3.254237	0.813559
0.000255183	3.661017	1.016949
0.000255111	1.525424	4.271186
0.000255052	5.694915	4.474576
0.000255028	5.288136	1.423729
0.000254874	0.711864	3.457627
0.000254779	5.084746	1.830508
0.000254755	1.016949	3.661017
0.000254755	5.084746	0.813559
0.000254743	2.033898	4.677966
0.00025472	4.067797	1.118644
0.000254553	4.271186	1.016949
0.000254541	2.135593	4.576271
0.00025447	0.40678	2.033898
0.00025447	3.966102	1.118644
0.000254458	4.983051	2.135593
0.000254399	3.050847	4.474576
0.000254375	3.355932	4.576271
0.00025428	1.830508	5.288136
0.000254197	0.711864	4.779661
0.000254138	1.932203	5.186441
0.000254078	3.762712	4.779661
0.000253995	4.677966	4.983051
0.00025396	4.169492	4.983051
0.000253948	4.576271	0.813559
0.000253936	0.711864	5.288136
0.000253865	1.627119	5.389831
0.000253829	2.949153	0.711864
0.000253781	2.338983	4.474576
0.000253734	2.033898	4.779661
0.000253722	1.322034	4.474576
0.000253651	1.016949	4.576271
0.000253532	5.084746	4.881356
0.00025352	0.610169	5.084746
0.000253497	5.288136	1.016949
0.000253485	0.813559	4.677966
0.000253425	0.610169	4.983051
0.000253402	2.338983	0.508475
0.000253307	4.372881	0.915254
0.000253271	1.830508	0.305085
0.0002532	1.423729	4.067797
0.0002532	2.033898	4.881356
0.0002532	5.491525	4.677966
0.000253057	3.559322	4.677966
0.000252938	5.491525	2.949153
0.000252879	1.423729	4.372881
0.000252855	0.508475	3.254237
0.00025282	2.033898	4.983051
0.000252606	0.40678	1.932203
0.000252558	5.186441	2.542373
0.00025238	0.40678	3.050847
0.000252345	2.135593	4.677966
0.000252214	2.237288	4.576271
0.000252178	2.033898	5.084746
0.000252	5.186441	1.728814
0.000251834	3.559322	0.915254
0.00025181	3.762712	1.016949
0.000251799	4.779661	4.983051
0.000251787	5.288136	1.525424
0.000251775	1.220339	4.474576
0.000251775	2.440678	4.474576
0.000251739	0.610169	0.305085
0.00025168	0.813559	3.559322
0.00025168	4.169492	1.016949
0.000251609	1.423729	4.169492
0.000251549	1.423729	4.271186
0.000251442	1.525424	0.20339
0.00025143	1.118644	3.762712
0.000251419	1.728814	5.389831
0.000251407	0.813559	5.389831
0.000251407	2.949153	4.474576
0.0002513	4.067797	4.983051
0.000251169	1.932203	5.288136
0.000251086	2.644068	0.610169
0.000251027	0.40678	1.830508
0.000250979	1.322034	3.966102
0.000250884	2.135593	4.779661
0.000250813	4.474576	0.813559
0.000250813	5.084746	1.932203
0.000250801	3.864407	4.881356
0.000250754	2.033898	5.186441
0.000250754	3.355932	0.813559
0.000250576	0.610169	5.186441
0.000250528	0.610169	4.881356
0.000250267	5.084746	2.338983
0.000250184	1.220339	3.864407
0.000250136	0.915254	4.576271
0.000250112	0.40678	1.016949
0.000250089	1.322034	4.372881
0.000250065	2.542373	4.474576
0.000250006	2.135593	4.881356
0.000249958	5.288136	2.644068
0.000249922	0.40678	1.118644
0.000249863	4.271186	0.915254
0.000249804	0.40678	1.728814
0.000249792	4.067797	1.016949
0.00024978	3.864407	1.016949
0.000249744	0.40678	0.915254
0.000249697	3.254237	4.576271
0.000249578	2.338983	4.576271
0.000249578	5.186441	0.813559
0.000249542	2.237288	4.677966
0.000249507	2.847458	4.474576
0.000249447	0.40678	1.220339
0.0002494	2.135593	4.983051
0.000249353	4.881356	0.711864
0.000249341	1.118644	4.474576
0.000249127	3.966102	1.016949
0.000249115	5.694915	3.254237
0.000249103	4.779661	0.711864
0.000249044	3.050847	0.711864
0.000248984	0.40678	1.627119
0.000248961	2.644068	4.474576
0.000248949	0.40678	1.322034
0.000248901	4.881356	4.983051
0.000248854	5.79661	4.372881
0.00024883	1.830508	5.389831
0.000248759	5.288136	0.915254
0.000248711	2.745763	4.474576
0.000248664	2.135593	5.084746
0.00024864	3.661017	4.779661
0.000248616	0.40678	1.423729
0.000248604	0.40678	1.525424
0.000248474	0.40678	0.813559
0.00024845	5.898305	3.966102
0.000248438	1.220339	5.491525
0.000248438	2.135593	0.40678
0.000248367	5.186441	4.881356
0.00024826	3.661017	0.915254
0.000248177	4.983051	0.711864
0.000248165	1.322034	5.491525
0.000248153	0.711864	0.20339
0.000248106	5.389831	4.779661
0.000248011	1.322034	4.067797
0.000247975	2.033898	5.288136
0.000247975	5.084746	2.033898
0.00024794	0.915254	3.661017
0.000247916	1.118644	5.491525
0.000247785	3.966102	4.983051
0.000247773	4.677966	0.711864
0.000247726	1.322034	4.271186
0.000247726	3.457627	4.677966
0.000247702	2.237288	4.779661
0.000247595	5.288136	1.627119
0.000247536	4.372881	0.813559
0.000247512	4.372881	5.084746
0.000247429	5.084746	2.237288
0.000247334	1.423729	5.491525
0.000247334	5.898305	3.864407
0.000247298	4.271186	5.084746
0.000247286	2.135593	5.186441
0.000247263	0.508475	0.40678
0.000247239	5.186441	1.830508
0.000247156	5.79661	3.457627
0.000247025	1.220339	4.372881
0.000247001	4.169492	0.915254
0.000246978	5.898305	4.067797
0.000246966	1.322034	4.169492
0.000246942	3.457627	0.813559
0.000246859	2.440678	4.576271
0.000246859	4.474576	5.084746
0.000246788	0.711864	4.677966
0.000246716	5.084746	2.135593
0.000246669	5.389831	2.745763
0.000246586	5.59322	3.050847
0.000246538	2.237288	4.881356
0.00024642	2.338983	4.677966
0.000246348	1.016949	5.491525
0.000246182	1.016949	4.474576
0.000246123	1.932203	5.389831
0.000246123	4.169492	5.084746
0.000246111	5.389831	1.220339
0.000246075	1.525424	5.491525
0.000245968	0.40678	0.711864
0.000245838	5.186441	2.440678
0.000245814	3.152542	4.576271
0.000245778	2.237288	4.983051
0.000245778	3.762712	4.881356
0.000245719	3.762712	0.915254
0.000245683	4.576271	0.711864
0.000245505	5.389831	1.322034
0.000245422	4.576271	5.084746
0.000245303	5.084746	0.711864
0.000245268	1.220339	3.966102
0.000245256	4.983051	4.983051
0.000245197	5.389831	1.118644
0.000245173	0.610169	4.779661
0.000245149	1.016949	3.762712
0.000245125	3.152542	0.711864
0.00024509	0.813559	4.576271
0.000245019	4.067797	0.915254
0.000244995	2.237288	5.084746
0.000244959	0.40678	3.152542
0.000244686	2.135593	5.288136
0.00024465	0.711864	5.389831
0.000244579	0.610169	5.288136
0.00024452	1.627119	5.491525
0.00024446	4.271186	0.813559
0.000244318	3.864407	0.915254
0.000244306	2.542373	4.576271
0.000244223	2.338983	4.779661
0.000244175	1.118644	3.864407
0.000244116	2.745763	0.610169
0.000244092	3.966102	0.915254
0.000243985	4.067797	5.084746
0.000243784	5.898305	3.762712
0.000243772	3.559322	0.813559
0.000243689	2.237288	5.186441
0.000243665	1.220339	4.271186
0.000243582	1.118644	4.372881
0.000243558	3.864407	4.983051
0.000243511	5.389831	1.423729
0.000243451	0.915254	5.491525
0.000243416	1.627119	0.20339
0.00024338	0.610169	3.457627
0.000243297	4.677966	5.084746
0.000243285	2.033898	5.389831
0.000243273	3.559322	4.779661
0.000243261	2.440678	0.508475
0.000243237	1.016949	0.101695
0.000243166	4.474576	0.711864
0.000243154	2.440678	4.677966
0.000243012	5.186441	1.932203
0.000242929	3.050847	4.576271
0.000242929	3.355932	4.677966
0.000242917	1.118644	0.101695
0.000242917	5.898305	4.169492
0.000242869	5.288136	1.728814
0.000242834	2.338983	4.881356
0.000242727	1.728814	5.491525
0.000242715	1.932203	0.305085
0.000242632	5.389831	1.016949
0.000242572	1.220339	4.067797
0.000242264	0.711864	3.559322
0.000242228	2.644068	4.576271
0.000242086	1.220339	4.169492
0.000242074	5.288136	0.813559
0.000242003	0.915254	4.474576
0.000241979	5.491525	2.847458
0.000241955	2.338983	4.983051
0.000241908	3.254237	0.711864
0.000241884	0.40678	0.610169
0.000241884	5.288136	4.881356
0.00024186	4.169492	0.813559
0.000241801	5.288136	2.542373
0.000241694	0.508475	3.355932
0.000241634	5.694915	4.576271
0.000241599	0.305085	2.644068
0.000241528	5.59322	4.677966
0.000241456	0.508475	4.983051
0.000241421	0.508475	5.084746
0.000241314	0.305085	2.745763
0.000241302	3.661017	0.813559
0.000241266	2.237288	5.288136
0.000241159	2.338983	5.084746
0.000241159	5.186441	2.338983
0.000241136	2.949153	4.576271
0.000241065	0.915254	0.101695
0.000240958	0.305085	2.542373
0.000240958	3.966102	5.084746
0.000240886	2.745763	4.576271
0.000240732	1.830508	5.491525
0.000240732	5.084746	4.983051
0.00024059	2.440678	4.779661
0.000240578	3.661017	4.881356
0.000240542	4.779661	5.084746
0.000240506	4.372881	0.711864
0.000240471	2.847458	4.576271
0.000240435	5.186441	0.711864
0.000240388	1.220339	0.101695
0.000240364	5.389831	1.525424
0.000240305	2.135593	5.389831
0.000239996	0.813559	3.661017
0.000239984	2.542373	4.677966
0.00023996	4.067797	0.813559
0.000239936	2.338983	5.186441
0.000239877	5.186441	2.033898
0.000239746	0.305085	2.847458
0.000239663	0.305085	2.440678
0.000239628	3.762712	0.813559
0.000239521	1.016949	4.372881
0.00023926	1.118644	3.966102
0.00023926	1.118644	4.271186
0.000239248	3.355932	0.711864
0.000239034	4.271186	5.186441
0.000238975	2.440678	4.881356
0.000238927	3.254237	4.677966
0.000238927	3.966102	0.813559
0.000238903	0.813559	5.491525
0.000238892	3.762712	4.983051
0.000238808	3.864407	0.813559
0.000238797	0.508475	4.881356
0.000238666	5.186441	2.237288
0.000238607	2.847458	0.610169
0.000238607	4.372881	5.186441
0.000238559	1.932203	5.491525
0.000238535	5.491525	4.779661
0.000238523	0.508475	5.186441
0.000238488	4.169492	5.186441
0.000238322	5.389831	0.915254
0.000238298	3.457627	4.779661
0.000238298	5.186441	2.135593
0.000238262	0.711864	4.576271
0.000238108	0.915254	3.762712
0.000238108	5.288136	1.830508
0.000238072	5.898305	3.661017
0.000238001	0.305085	2.338983
0.000237989	2.440678	4.983051
0.000237989	4.271186	0.711864
0.000237918	0.610169	4.677966
0.000237882	4.779661	0.610169
0.000237811	4.881356	0.610169
0.000237775	5.694915	3.152542
0.000237716	1.016949	3.864407
0.000237704	2.338983	5.288136
0.000237455	5.79661	4.474576
0.000237431	5.389831	2.644068
0.0002373	4.474576	5.186441
0.000237277	2.237288	0.40678
0.000237217	3.864407	5.084746
0.000237182	2.440678	5.084746
0.00023717	2.237288	5.389831
0.00023717	2.644068	4.677966
0.000237146	4.881356	5.084746
0.000237063	4.677966	0.610169
0.000237039	3.457627	0.711864
0.000237004	5.79661	3.355932
0.000236992	2.542373	4.779661
0.000236968	4.067797	5.186441
0.000236897	1.118644	4.169492
0.000236837	1.118644	4.067797
0.000236636	0.305085	2.949153
0.000236529	4.983051	0.610169
0.000236505	0.813559	4.474576
0.000236446	5.898305	4.271186
0.000236339	5.389831	1.627119
0.000236196	2.033898	5.491525
0.000236149	0.305085	2.237288
0.000236149	0.813559	0.101695
0.000236054	2.440678	5.186441
0.000236042	0.610169	0.20339
0.000235959	1.322034	0.101695
0.000235899	0.40678	0.508475
0.000235887	3.152542	4.677966
0.000235876	0.40678	3.254237
0.000235816	4.169492	0.711864
0.000235626	4.576271	0.610169
0.000235614	0.610169	5.389831
0.000235579	0.508475	0.305085
0.000235555	3.559322	4.881356
0.00023546	5.288136	2.440678
0.000235413	5.59322	2.949153
0.000235246	3.559322	0.711864
0.000235234	4.576271	5.186441
0.000235151	5.186441	4.983051
0.000235092	2.542373	4.881356
0.000234949	2.745763	4.677966
0.000234617	0.915254	4.372881
0.000234522	3.966102	5.186441
0.000234451	2.949153	0.610169
0.000234403	2.542373	0.508475
0.000234379	1.728814	0.20339
0.000234368	1.016949	4.271186
0.000234284	0.305085	2.135593
0.000234178	4.067797	0.711864
0.000234095	3.661017	4.983051
0.000234011	3.355932	4.779661
0.000233988	2.440678	5.288136
0.000233976	3.050847	4.677966
0.000233964	2.542373	4.983051
0.000233893	3.661017	0.711864
0.000233881	5.389831	4.881356
0.000233869	2.338983	5.389831
0.000233845	4.474576	0.610169
0.000233845	5.288136	1.932203
0.000233762	5.084746	0.610169
0.00023375	0.508475	4.779661
0.000233738	1.322034	5.59322
0.000233631	2.135593	5.491525
0.000233631	2.644068	4.779661
0.000233572	2.847458	4.677966
0.000233536	1.423729	5.59322
0.000233489	1.220339	5.59322
0.000233406	5.288136	0.711864
0.000233216	2.949153	4.677966
0.000233145	2.542373	5.084746
0.000233145	3.966102	0.711864
0.00023305	3.762712	0.711864
0.00023305	4.983051	5.084746
0.000233026	3.762712	5.084746
0.000232978	1.525424	5.59322
0.000232836	1.016949	3.966102
0.000232776	3.864407	0.711864
0.000232753	0.508475	5.288136
0.000232598	1.118644	5.59322
0.000232515	4.677966	5.186441
0.000232492	0.305085	2.033898
0.000232444	0.711864	5.491525
0.000232254	5.491525	1.220339
0.000232171	5.389831	0.813559
0.000232147	1.627119	5.59322
0.000232076	2.542373	5.186441
0.000232028	5.491525	2.745763
0.000231945	4.372881	0.610169
0.000231815	5.389831	1.728814
0.000231791	0.305085	3.050847
0.000231767	2.033898	0.305085
0.000231589	5.491525	1.322034
0.00023153	5.491525	1.118644
0.000231447	3.050847	0.610169
0.000231387	2.644068	4.881356
0.000231352	3.864407	5.186441
0.000231292	1.016949	4.169492
0.00023115	5.288136	2.338983
0.000231114	0.610169	3.559322
0.000231067	1.728814	5.59322
0.000231031	3.457627	4.881356
0.000230877	2.237288	5.491525
0.000230853	1.016949	5.59322
0.000230841	0.305085	1.932203
0.000230782	2.745763	4.779661
0.000230746	4.169492	5.288136
0.000230699	1.016949	4.067797
0.000230687	0.711864	3.661017
0.000230675	3.254237	4.779661
0.000230627	4.271186	5.288136
0.000230604	0.915254	3.864407
0.000230604	5.288136	2.033898
0.000230604	5.898305	3.559322
0.00023039	2.440678	5.389831
0.000230152	2.542373	5.288136
0.000230129	4.271186	0.610169
0.000230105	0.813559	3.762712
0.000230057	2.644068	4.983051
0.000229986	1.423729	0.101695
0.000229879	0.508475	3.457627
0.000229867	4.067797	5.288136
0.000229749	1.830508	5.59322
0.000229749	5.389831	2.542373
0.000229689	5.491525	1.423729
0.000229523	3.559322	4.983051
0.000229523	4.372881	5.288136
0.000229464	0.610169	4.576271
0.00022944	0.711864	4.474576
0.000229428	0.305085	1.830508
0.000229369	3.152542	0.610169
0.000229297	5.491525	1.016949
0.000229226	4.779661	5.186441
0.000229226	5.186441	0.610169
0.000229167	2.644068	5.084746
0.000228965	5.288136	2.237288
0.000228858	5.288136	2.135593
0.000228751	0.915254	4.271186
0.000228727	3.661017	5.084746
0.000228656	2.847458	4.779661
0.000228597	0.813559	4.372881
0.000228526	4.169492	0.610169
0.000228431	3.152542	4.779661
0.000228395	0.711864	0.101695
0.000228336	5.288136	4.983051
0.000228276	0.305085	1.728814
0.000228181	1.932203	5.59322
0.000228122	2.644068	5.186441
0.000228122	5.084746	5.084746
0.000228086	2.745763	4.881356
0.000228039	3.966102	5.288136
0.000227968	0.915254	5.59322
0.000227956	3.254237	0.610169
0.000227908	2.338983	5.491525
0.000227837	5.898305	4.372881
0.00022773	0.40678	0.40678
0.000227706	3.762712	5.186441
0.000227611	5.694915	4.677966
0.000227552	4.474576	5.288136
0.000227457	2.949153	4.779661
0.000227433	0.305085	1.627119
0.000227362	3.050847	4.779661
0.000227314	3.355932	4.881356
0.000227243	4.067797	0.610169
0.000227243	5.389831	1.830508
0.000227196	0.305085	1.118644
0.000227172	0.305085	1.016949
0.000227077	2.644068	0.508475
0.000227018	0.40678	4.983051
0.000227006	0.305085	1.220339
0.000227006	3.355932	0.610169
0.000226994	5.59322	4.779661
0.000226935	0.305085	1.525424
0.00022684	0.40678	5.084746
0.000226816	0.508475	4.677966
0.000226804	0.305085	1.322034
0.000226804	2.338983	0.40678
0.00022678	2.542373	5.389831
0.000226745	0.305085	1.423729
0.000226745	5.491525	1.525424
0.000226661	0.305085	0.915254
0.000226661	5.694915	3.050847
0.00022646	2.745763	4.983051
0.000226376	2.033898	5.59322
0.000226353	3.457627	0.610169
0.000226341	3.966102	0.610169
0.000226329	5.79661	3.254237
0.000226305	2.644068	5.288136
0.000225901	3.559322	0.610169
0.00022583	0.915254	3.966102
0.000225795	3.864407	0.610169
0.000225628	3.661017	0.610169
0.000225581	3.762712	0.610169
0.000225522	3.457627	4.983051
0.000225498	0.40678	3.355932
