1.49524376551315E-05	6	-100	0	0	0	0
2.85455627961602E-05	6	-94.871795	0	2.564103	0	0.153846
5.02945630218061E-05	6	-89.74359	0	5.128205	0	0.307692
8.29180633602749E-05	6	-84.615385	0	7.692308	0	0.461538
0.000133212626382	6	-79.487179	0	10.25641	0	0.615385
0.000210693439686	6	-74.358974	0	12.820513	0	0.769231
0.000326235003385	6	-69.230769	0	15.384615	0	0.923077
0.000483915255021	6	-64.102564	0	17.948718	0	1.076923
0.000668781756939	6	-58.974359	0	20.512821	0	1.230769
0.000844133071258	6	-53.846154	0	23.076923	0	1.384615
0.000961033947471	6	-48.717949	0	25.641026	0	1.538462
0.000978705010154	6	-43.589744	0	28.205128	0	1.692308
0.000891709009251	6	-38.461538	0	30.769231	0	1.846154
0.000725872882531	6	-33.333333	0	33.333333	0	2
0.000528772567986	6	-28.205128	0	35.897436	0	2.153846
0.000345265378582	6	-23.076923	0	38.461538	0	2.307692
0.000203896877115	6	-17.948718	0	41.025641	0	2.461538
0.000110104313642	6	-12.820513	0	43.589744	0	2.615385
5.57318130782176E-05	6	-7.692308	0	46.153846	0	2.769231
2.71862502820573E-05	6	-2.564103	0	48.717949	0	2.923077
1.35931251410287E-05	6	2.564103	0	51.282051	0	3.076923
8.1558750846172E-06	6	7.692308	0	53.846154	0	3.230769
5.43725005641147E-06	6	12.820513	0	56.410256	0	3.384615
4.0779375423086E-06	6	17.948718	0	58.974359	0	3.538462
4.0779375423086E-06	6	23.076923	0	61.538462	0	3.692308
5.43725005641147E-06	6	28.205128	0	64.102564	0	3.846154
6.79656257051434E-06	6	33.333333	0	66.666667	0	4
1.22338126269258E-05	6	38.461538	0	69.230769	0	4.153846
2.0389687711543E-05	6	43.589744	0	71.794872	0	4.307692
2.99048753102631E-05	6	48.717949	0	74.358974	0	4.461538
4.21386879371889E-05	6	53.846154	0	76.923077	0	4.615385
5.30131880500118E-05	6	58.974359	0	79.487179	0	4.769231
6.1169063134629E-05	6	64.102564	0	82.051282	0	4.923077
6.38876881628348E-05	6	69.230769	0	84.615385	0	5.076923
6.25283756487319E-05	6	74.358974	0	87.179487	0	5.230769
5.43725005641147E-05	6	79.487179	0	89.74359	0	5.384615
4.34980004512917E-05	6	84.615385	0	92.307692	0	5.538462
2.99048753102631E-05	6	89.74359	0	94.871795	0	5.692308
1.90303751974401E-05	6	94.871795	0	97.435897	0	5.846154
1.08745001128229E-05	6	100	0	100	0	6
2.31083127397487E-05	6.26087	-100	4.347826	0	0.26087	0
4.48573129653946E-05	6.26087	-94.871795	4.347826	2.564103	0.26087	0.153846
8.01994383320692E-05	6.26087	-89.74359	4.347826	5.128205	0.26087	0.307692
0.000133212626382	6.26087	-84.615385	4.347826	7.692308	0.26087	0.461538
0.000213412064714	6.26087	-79.487179	4.347826	10.25641	0.26087	0.615385
0.000334390878469	6.26087	-74.358974	4.347826	12.820513	0.26087	0.769231
0.000517898067873	6.26087	-69.230769	4.347826	15.384615	0.26087	0.923077
0.000776167445553	6.26087	-64.102564	4.347826	17.948718	0.26087	1.076923
0.001095605886367	6.26087	-58.974359	4.347826	20.512821	0.26087	1.230769
0.00142455951478	6.26087	-53.846154	4.347826	23.076923	0.26087	1.384615
0.001680110267431	6.26087	-48.717949	4.347826	25.641026	0.26087	1.538462
0.001779340080961	6.26087	-43.589744	4.347826	28.205128	0.26087	1.692308
0.001685547517488	6.26087	-38.461538	4.347826	30.769231	0.26087	1.846154
0.001427278139808	6.26087	-33.333333	4.347826	33.333333	0.26087	2
0.001080653448712	6.26087	-28.205128	4.347826	35.897436	0.26087	2.153846
0.000734028757616	6.26087	-23.076923	4.347826	38.461538	0.26087	2.307692
0.000451291754682	6.26087	-17.948718	4.347826	41.025641	0.26087	2.461538
0.000254191440137	6.26087	-12.820513	4.347826	43.589744	0.26087	2.615385
0.00013593125141	6.26087	-7.692308	4.347826	46.153846	0.26087	2.769231
7.2043563247452E-05	6.26087	-2.564103	4.347826	48.717949	0.26087	2.923077
4.0779375423086E-05	6.26087	2.564103	4.347826	51.282051	0.26087	3.076923
2.58269377679545E-05	6.26087	7.692308	4.347826	53.846154	0.26087	3.230769
1.90303751974401E-05	6.26087	12.820513	4.347826	56.410256	0.26087	3.384615
1.63117501692344E-05	6.26087	17.948718	4.347826	58.974359	0.26087	3.538462
1.49524376551315E-05	6.26087	23.076923	4.347826	61.538462	0.26087	3.692308
1.63117501692344E-05	6.26087	28.205128	4.347826	64.102564	0.26087	3.846154
1.90303751974401E-05	6.26087	33.333333	4.347826	66.666667	0.26087	4
2.58269377679545E-05	6.26087	38.461538	4.347826	69.230769	0.26087	4.153846
3.94200629089831E-05	6.26087	43.589744	4.347826	71.794872	0.26087	4.307692
5.70911255923204E-05	6.26087	48.717949	4.347826	74.358974	0.26087	4.461538
7.74808133038634E-05	6.26087	53.846154	4.347826	76.923077	0.26087	4.615385
9.65111885013036E-05	6.26087	58.974359	4.347826	79.487179	0.26087	4.769231
0.000108745001128	6.26087	64.102564	4.347826	82.051282	0.26087	4.923077
0.000111463626156	6.26087	69.230769	4.347826	84.615385	0.26087	5.076923
0.0001060263761	6.26087	74.358974	4.347826	87.179487	0.26087	5.230769
9.10739384448921E-05	6.26087	79.487179	4.347826	89.74359	0.26087	5.384615
7.2043563247452E-05	6.26087	84.615385	4.347826	92.307692	0.26087	5.538462
5.1653875535909E-05	6.26087	89.74359	4.347826	94.871795	0.26087	5.692308
3.39828128525717E-05	6.26087	94.871795	4.347826	97.435897	0.26087	5.846154
1.90303751974401E-05	6.26087	100	4.347826	100	0.26087	6
3.26235003384688E-05	6.521739	-100	8.695652	0	0.521739	0
6.38876881628348E-05	6.521739	-94.871795	8.695652	2.564103	0.521739	0.153846
0.000115541563699	6.521739	-89.74359	8.695652	5.128205	0.521739	0.307692
0.000191663064489	6.521739	-84.615385	8.695652	7.692308	0.521739	0.461538
0.000303126690645	6.521739	-79.487179	8.695652	10.25641	0.521739	0.615385
0.000467603504851	6.521739	-74.358974	8.695652	12.820513	0.521739	0.769231
0.000710920444876	6.521739	-69.230769	8.695652	15.384615	0.521739	0.923077
0.001057545135972	6.521739	-64.102564	8.695652	17.948718	0.521739	1.076923
0.001502040328084	6.521739	-58.974359	8.695652	20.512821	0.521739	1.230769
0.001991392833161	6.521739	-53.846154	8.695652	23.076923	0.521739	1.384615
0.002414139025047	6.521739	-48.717949	8.695652	25.641026	0.521739	1.538462
0.002641144214902	6.521739	-43.589744	8.695652	28.205128	0.521739	1.692308
0.002593568276908	6.521739	-38.461538	8.695652	30.769231	0.521739	1.846154
0.002279567086151	6.521739	-33.333333	8.695652	33.333333	0.521739	2
0.001792933206102	6.521739	-28.205128	8.695652	35.897436	0.521739	2.153846
0.00126551995063	6.521739	-23.076923	8.695652	38.461538	0.521739	2.307692
0.000807431633377	6.521739	-17.948718	8.695652	41.025641	0.521739	2.461538
0.000473040754908	6.521739	-12.820513	8.695652	43.589744	0.521739	2.615385
0.000262347315222	6.521739	-7.692308	8.695652	46.153846	0.521739	2.769231
0.000145446439009	6.521739	-2.564103	8.695652	48.717949	0.521739	2.923077
8.83553134166864E-05	6.521739	2.564103	8.695652	51.282051	0.521739	3.076923
6.38876881628348E-05	6.521739	7.692308	8.695652	53.846154	0.521739	3.230769
5.43725005641147E-05	6.521739	12.820513	8.695652	56.410256	0.521739	3.384615
5.02945630218061E-05	6.521739	17.948718	8.695652	58.974359	0.521739	3.538462
4.75759379936004E-05	6.521739	23.076923	8.695652	61.538462	0.521739	3.692308
4.48573129653946E-05	6.521739	28.205128	8.695652	64.102564	0.521739	3.846154
4.62166254794975E-05	6.521739	33.333333	8.695652	66.666667	0.521739	4
5.43725005641147E-05	6.521739	38.461538	8.695652	69.230769	0.521739	4.153846
7.2043563247452E-05	6.521739	43.589744	8.695652	71.794872	0.521739	4.307692
9.78705010154064E-05	6.521739	48.717949	8.695652	74.358974	0.521739	4.461538
0.000127775376326	6.521739	53.846154	8.695652	76.923077	0.521739	4.615385
0.000153602314094	6.521739	58.974359	8.695652	79.487179	0.521739	4.769231
0.000167195439235	6.521739	64.102564	8.695652	82.051282	0.521739	4.923077
0.000167195439235	6.521739	69.230769	8.695652	84.615385	0.521739	5.076923
0.00015224300158	6.521739	74.358974	8.695652	87.179487	0.521739	5.230769
0.000127775376326	6.521739	79.487179	8.695652	89.74359	0.521739	5.384615
9.78705010154064E-05	6.521739	84.615385	8.695652	92.307692	0.521739	5.538462
6.93249382192462E-05	6.521739	89.74359	8.695652	94.871795	0.521739	5.692308
4.48573129653946E-05	6.521739	94.871795	8.695652	97.435897	0.521739	5.846154
2.58269377679545E-05	6.521739	100	8.695652	100	0.521739	6
4.75759379936004E-05	6.782609	-100	13.043478	0	0.782609	0
9.10739384448921E-05	6.782609	-94.871795	13.043478	2.564103	0.782609	0.153846
0.000163117501692	6.782609	-89.74359	13.043478	5.128205	0.782609	0.307692
0.000269143877792	6.782609	-84.615385	13.043478	7.692308	0.782609	0.461538
0.000418668254344	6.782609	-79.487179	13.043478	10.25641	0.782609	0.615385
0.000628002381516	6.782609	-74.358974	13.043478	12.820513	0.782609	0.769231
0.000920254572048	6.782609	-69.230769	13.043478	15.384615	0.782609	0.923077
0.001322611076222	6.782609	-64.102564	13.043478	17.948718	0.782609	1.076923
0.001841868456609	6.782609	-58.974359	13.043478	20.512821	0.782609	1.230769
0.002430450775216	6.782609	-53.846154	13.043478	23.076923	0.782609	1.384615
0.002976894405885	6.782609	-48.717949	13.043478	25.641026	0.782609	1.538462
0.00332623772201	6.782609	-43.589744	13.043478	28.205128	0.782609	1.692308
0.003358861222348	6.782609	-38.461538	13.043478	30.769231	0.782609	1.846154
0.003047578656619	6.782609	-33.333333	13.043478	33.333333	0.782609	2
0.002479386025724	6.782609	-28.205128	13.043478	35.897436	0.782609	2.153846
0.001811963581299	6.782609	-23.076923	13.043478	38.461538	0.782609	2.307692
0.001196195012411	6.782609	-17.948718	13.043478	41.025641	0.782609	2.461538
0.000723154257503	6.782609	-12.820513	13.043478	43.589744	0.782609	2.615385
0.000413231004287	6.782609	-7.692308	13.043478	46.153846	0.782609	2.769231
0.000237879689968	6.782609	-2.564103	13.043478	48.717949	0.782609	2.923077
0.000153602314094	6.782609	2.564103	13.043478	51.282051	0.782609	3.076923
0.000122338126269	6.782609	7.692308	13.043478	53.846154	0.782609	3.230769
0.000114182251185	6.782609	12.820513	13.043478	56.410256	0.782609	3.384615
0.000115541563699	6.782609	17.948718	13.043478	58.974359	0.782609	3.538462
0.000114182251185	6.782609	23.076923	13.043478	61.538462	0.782609	3.692308
0.000110104313642	6.782609	28.205128	13.043478	64.102564	0.782609	3.846154
0.0001060263761	6.782609	33.333333	13.043478	66.666667	0.782609	4
0.000108745001128	6.782609	38.461538	13.043478	69.230769	0.782609	4.153846
0.000123697438783	6.782609	43.589744	13.043478	71.794872	0.782609	4.307692
0.00015224300158	6.782609	48.717949	13.043478	74.358974	0.782609	4.461538
0.000187585126946	6.782609	53.846154	13.043478	76.923077	0.782609	4.615385
0.000218849314771	6.782609	58.974359	13.043478	79.487179	0.782609	4.769231
0.00023516106494	6.782609	64.102564	13.043478	82.051282	0.782609	4.923077
0.000228364502369	6.782609	69.230769	13.043478	84.615385	0.782609	5.076923
0.000201178252087	6.782609	74.358974	13.043478	87.179487	0.782609	5.230769
0.000161758189178	6.782609	79.487179	13.043478	89.74359	0.782609	5.384615
0.000119619501241	6.782609	84.615385	13.043478	92.307692	0.782609	5.538462
8.01994383320692E-05	6.782609	89.74359	13.043478	94.871795	0.782609	5.692308
5.02945630218061E-05	6.782609	94.871795	13.043478	97.435897	0.782609	5.846154
2.85455627961602E-05	6.782609	100	13.043478	100	0.782609	6
7.06842507333491E-05	7.043478	-100	17.391304	0	1.043478	0
0.000131853313868	7.043478	-94.871795	17.391304	2.564103	1.043478	0.153846
0.000229723814883	7.043478	-89.74359	17.391304	5.128205	1.043478	0.307692
0.000377888878921	7.043478	-84.615385	17.391304	7.692308	1.043478	0.461538
0.000580426443522	7.043478	-79.487179	17.391304	10.25641	1.043478	0.615385
0.0008482110088	7.043478	-74.358974	17.391304	12.820513	1.043478	0.769231
0.001190757762354	7.043478	-69.230769	17.391304	15.384615	1.043478	0.923077
0.001624378454353	7.043478	-64.102564	17.391304	17.948718	1.043478	1.076923
0.002154510334853	7.043478	-58.974359	17.391304	20.512821	1.043478	1.230769
0.002744451965974	7.043478	-53.846154	17.391304	23.076923	1.043478	1.384615
0.003301770096756	7.043478	-48.717949	17.391304	25.641026	1.043478	1.538462
0.003685096225733	7.043478	-43.589744	17.391304	28.205128	1.043478	1.692308
0.003765295664065	7.043478	-38.461538	17.391304	30.769231	1.043478	1.846154
0.003489355223702	7.043478	-33.333333	17.391304	33.333333	1.043478	2
0.002917084655265	7.043478	-28.205128	17.391304	35.897436	1.043478	2.153846
0.002198008335304	7.043478	-23.076923	17.391304	38.461538	1.043478	2.307692
0.001495243765513	7.043478	-17.948718	17.391304	41.025641	1.043478	2.461538
0.00093112907216	7.043478	-12.820513	17.391304	43.589744	1.043478	2.615385
0.000546443630669	7.043478	-7.692308	17.391304	46.153846	1.043478	2.769231
0.000327594315899	7.043478	-2.564103	17.391304	48.717949	1.043478	2.923077
0.000227005189855	7.043478	2.564103	17.391304	51.282051	1.043478	3.076923
0.000197100314545	7.043478	7.692308	17.391304	53.846154	1.043478	3.230769
0.000201178252087	7.043478	12.820513	17.391304	56.410256	1.043478	3.384615
0.000213412064714	7.043478	17.948718	17.391304	58.974359	1.043478	3.538462
0.000220208627285	7.043478	23.076923	17.391304	61.538462	1.043478	3.692308
0.000216130689742	7.043478	28.205128	17.391304	64.102564	1.043478	3.846154
0.000206615502144	7.043478	33.333333	17.391304	66.666667	1.043478	4
0.000199818939573	7.043478	38.461538	17.391304	69.230769	1.043478	4.153846
0.00020525618963	7.043478	43.589744	17.391304	71.794872	1.043478	4.307692
0.000225645877341	7.043478	48.717949	17.391304	74.358974	1.043478	4.461538
0.000256910065165	7.043478	53.846154	17.391304	76.923077	1.043478	4.615385
0.000286814940476	7.043478	58.974359	17.391304	79.487179	1.043478	4.769231
0.000300408065617	7.043478	64.102564	17.391304	82.051282	1.043478	4.923077
0.00028817425299	7.043478	69.230769	17.391304	84.615385	1.043478	5.076923
0.000250113502595	7.043478	74.358974	17.391304	87.179487	1.043478	5.230769
0.000197100314545	7.043478	79.487179	17.391304	89.74359	1.043478	5.384615
0.000140009188953	7.043478	84.615385	17.391304	92.307692	1.043478	5.538462
9.10739384448921E-05	7.043478	89.74359	17.391304	94.871795	1.043478	5.692308
5.43725005641147E-05	7.043478	94.871795	17.391304	97.435897	1.043478	5.846154
2.99048753102631E-05	7.043478	100	17.391304	100	1.043478	6
9.78705010154064E-05	7.304348	-100	21.73913	0	1.304348	0
0.000179429251862	7.304348	-94.871795	21.73913	2.564103	1.304348	0.153846
0.000314001190758	7.304348	-89.74359	21.73913	5.128205	1.304348	0.307692
0.000512460817817	7.304348	-84.615385	21.73913	7.692308	1.304348	0.461538
0.000787041945666	7.304348	-79.487179	21.73913	10.25641	1.304348	0.615385
0.001135025949276	7.304348	-74.358974	21.73913	12.820513	1.304348	0.769231
0.001548256953563	7.304348	-69.230769	21.73913	15.384615	1.304348	0.923077
0.002017219770929	7.304348	-64.102564	21.73913	17.948718	1.304348	1.076923
0.002524243338689	7.304348	-58.974359	21.73913	20.512821	1.304348	1.230769
0.003035344843992	7.304348	-53.846154	21.73913	23.076923	1.304348	1.384615
0.003483917973646	7.304348	-48.717949	21.73913	25.641026	1.304348	1.538462
0.003769373601607	7.304348	-43.589744	21.73913	28.205128	1.304348	1.692308
0.003799278476918	7.304348	-38.461538	21.73913	30.769231	1.304348	1.846154
0.003524697349069	7.304348	-33.333333	21.73913	33.333333	1.304348	2
0.002987768905998	7.304348	-28.205128	21.73913	35.897436	1.304348	2.153846
0.002299956773862	7.304348	-23.076923	21.73913	38.461538	1.304348	2.307692
0.001609426016698	7.304348	-17.948718	21.73913	41.025641	1.304348	2.461538
0.001034436823232	7.304348	-12.820513	21.73913	43.589744	1.304348	2.615385
0.000633439631572	7.304348	-7.692308	21.73913	46.153846	1.304348	2.769231
0.000405075129203	7.304348	-2.564103	21.73913	48.717949	1.304348	2.923077
0.000309923253215	7.304348	2.564103	21.73913	51.282051	1.304348	3.076923
0.000299048753103	7.304348	7.692308	21.73913	53.846154	1.304348	3.230769
0.000326235003385	7.304348	12.820513	21.73913	56.410256	1.304348	3.384615
0.000358858503723	7.304348	17.948718	21.73913	58.974359	1.304348	3.538462
0.000375170253892	7.304348	23.076923	21.73913	61.538462	1.304348	3.692308
0.00037109231635	7.304348	28.205128	21.73913	64.102564	1.304348	3.846154
0.000350702628639	7.304348	33.333333	21.73913	66.666667	1.304348	4
0.000327594315899	7.304348	38.461538	21.73913	69.230769	1.304348	4.153846
0.000314001190758	7.304348	43.589744	21.73913	71.794872	1.304348	4.307692
0.000315360503272	7.304348	48.717949	21.73913	74.358974	1.304348	4.461538
0.000328953628413	7.304348	53.846154	21.73913	76.923077	1.304348	4.615385
0.000343906066068	7.304348	58.974359	21.73913	79.487179	1.304348	4.769231
0.000346624691096	7.304348	64.102564	21.73913	82.051282	1.304348	4.923077
0.000328953628413	7.304348	69.230769	21.73913	84.615385	1.304348	5.076923
0.000286814940476	7.304348	74.358974	21.73913	87.179487	1.304348	5.230769
0.000228364502369	7.304348	79.487179	21.73913	89.74359	1.304348	5.384615
0.000164476814206	7.304348	84.615385	21.73913	92.307692	1.304348	5.538462
0.000107385688614	7.304348	89.74359	21.73913	94.871795	1.304348	5.692308
6.25283756487319E-05	7.304348	94.871795	21.73913	97.435897	1.304348	5.846154
3.39828128525717E-05	7.304348	100	21.73913	100	1.304348	6
0.000118260188727	7.565217	-100	26.086957	0	1.565217	0
0.000221567939799	7.565217	-94.871795	26.086957	2.564103	1.565217	0.153846
0.000391482004062	7.565217	-89.74359	26.086957	5.128205	1.565217	0.307692
0.000647032756713	7.565217	-84.615385	26.086957	7.692308	1.565217	0.461538
0.00100045401038	7.565217	-79.487179	26.086957	10.25641	1.565217	0.615385
0.001444949202491	7.565217	-74.358974	26.086957	12.820513	1.565217	0.769231
0.001953332082766	7.565217	-69.230769	26.086957	15.384615	1.565217	0.923077
0.00248482327578	7.565217	-64.102564	26.086957	17.948718	1.565217	1.076923
0.002989128218512	7.565217	-58.974359	26.086957	20.512821	1.565217	1.230769
0.003413233722912	7.565217	-53.846154	26.086957	23.076923	1.565217	1.384615
0.00370412660093	7.565217	-48.717949	26.086957	25.641026	1.565217	1.538462
0.00381015297703	7.565217	-43.589744	26.086957	28.205128	1.565217	1.692308
0.003691892788303	7.565217	-38.461538	26.086957	30.769231	1.565217	1.846154
0.003342549472179	7.565217	-33.333333	26.086957	33.333333	1.565217	2
0.002806980341622	7.565217	-28.205128	26.086957	35.897436	1.565217	2.153846
0.002172181397536	7.565217	-23.076923	26.086957	38.461538	1.565217	2.307692
0.001548256953563	7.565217	-17.948718	26.086957	41.025641	1.565217	2.461538
0.001028999573176	7.565217	-12.820513	26.086957	43.589744	1.565217	2.615385
0.000670141069453	7.565217	-7.692308	26.086957	46.153846	1.565217	2.769231
0.00047711869245	7.565217	-2.564103	26.086957	48.717949	1.565217	2.923077
0.000422746191886	7.565217	2.564103	26.086957	51.282051	1.565217	3.076923
0.000455369692224	7.565217	7.692308	26.086957	53.846154	1.565217	3.230769
0.000526053942958	7.565217	12.820513	26.086957	56.410256	1.565217	3.384615
0.000587223006092	7.565217	17.948718	26.086957	58.974359	1.565217	3.538462
0.000614409256374	7.565217	23.076923	26.086957	61.538462	1.565217	3.692308
0.000598097506205	7.565217	28.205128	26.086957	64.102564	1.565217	3.846154
0.000551880880726	7.565217	33.333333	26.086957	66.666667	1.565217	4
0.000494789755133	7.565217	38.461538	26.086957	69.230769	1.565217	4.153846
0.000444495192112	7.565217	43.589744	26.086957	71.794872	1.565217	4.307692
0.000411871691773	7.565217	48.717949	26.086957	74.358974	1.565217	4.461538
0.000392841316576	7.565217	53.846154	26.086957	76.923077	1.565217	4.615385
0.000380607503949	7.565217	58.974359	26.086957	79.487179	1.565217	4.769231
0.00036429575378	7.565217	64.102564	26.086957	82.051282	1.565217	4.923077
0.000335750190983	7.565217	69.230769	26.086957	84.615385	1.565217	5.076923
0.000293611503046	7.565217	74.358974	26.086957	87.179487	1.565217	5.230769
0.000239239002482	7.565217	79.487179	26.086957	89.74359	1.565217	5.384615
0.000178069939347	7.565217	84.615385	26.086957	92.307692	1.565217	5.538462
0.000122338126269	7.565217	89.74359	26.086957	94.871795	1.565217	5.692308
7.61215007897606E-05	7.565217	94.871795	26.086957	97.435897	1.565217	5.846154
4.21386879371889E-05	7.565217	100	26.086957	100	1.565217	6
0.000125056751297	7.826087	-100	30.434783	0	1.826087	0
0.00024195762751	7.826087	-94.871795	30.434783	2.564103	1.826087	0.153846
0.000437698629541	7.826087	-89.74359	30.434783	5.128205	1.826087	0.307692
0.000739466007672	7.826087	-84.615385	30.434783	7.692308	1.826087	0.461538
0.001160852887044	7.826087	-79.487179	30.434783	10.25641	1.826087	0.615385
0.001697781330114	7.826087	-74.358974	30.434783	12.820513	1.826087	0.769231
0.002308112648947	7.826087	-69.230769	30.434783	15.384615	1.826087	0.923077
0.002926599842863	7.826087	-64.102564	30.434783	17.948718	1.826087	1.076923
0.003473043473533	7.826087	-58.974359	30.434783	20.512821	1.826087	1.230769
0.003867244102623	7.826087	-53.846154	30.434783	23.076923	1.826087	1.384615
0.004052110604541	7.826087	-48.717949	30.434783	25.641026	1.826087	1.538462
0.003999097416491	7.826087	-43.589744	30.434783	28.205128	1.826087	1.692308
0.003715001101043	7.826087	-38.461538	30.434783	30.769231	1.826087	1.846154
0.003241960346135	7.826087	-33.333333	30.434783	33.333333	1.826087	2
0.002647940777472	7.826087	-28.205128	30.434783	35.897436	1.826087	2.153846
0.002019938395957	7.826087	-23.076923	30.434783	38.461538	1.826087	2.307692
0.001442230577463	7.826087	-17.948718	30.434783	41.025641	1.826087	2.461538
0.00098414226021	7.826087	-12.820513	30.434783	43.589744	1.826087	2.615385
0.000685093507108	7.826087	-7.692308	30.434783	46.153846	1.826087	2.769231
0.000554599505754	7.826087	-2.564103	30.434783	48.717949	1.826087	2.923077
0.000568192630895	7.826087	2.564103	30.434783	51.282051	1.826087	3.076923
0.000676937632023	7.826087	7.692308	30.434783	53.846154	1.826087	3.230769
0.000821024758518	7.826087	12.820513	30.434783	56.410256	1.826087	3.384615
0.000937925634731	7.826087	17.948718	30.434783	58.974359	1.826087	3.538462
0.000985501572725	7.826087	23.076923	30.434783	61.538462	1.826087	3.692308
0.000951518759872	7.826087	28.205128	30.434783	64.102564	1.826087	3.846154
0.000853648258857	7.826087	33.333333	30.434783	66.666667	1.826087	4
0.000729950820073	7.826087	38.461538	30.434783	69.230769	1.826087	4.153846
0.000611690631346	7.826087	43.589744	30.434783	71.794872	1.826087	4.307692
0.000517898067873	7.826087	48.717949	30.434783	74.358974	1.826087	4.461538
0.000449932442168	7.826087	53.846154	30.434783	76.923077	1.826087	4.615385
0.00040099719166	7.826087	58.974359	30.434783	79.487179	1.826087	4.769231
0.000358858503723	7.826087	64.102564	30.434783	82.051282	1.826087	4.923077
0.000319438440814	7.826087	69.230769	30.434783	84.615385	1.826087	5.076923
0.000274581127849	7.826087	74.358974	30.434783	87.179487	1.826087	5.230769
0.000227005189855	7.826087	79.487179	30.434783	89.74359	1.826087	5.384615
0.000176710626833	7.826087	84.615385	30.434783	92.307692	1.826087	5.538462
0.000127775376326	7.826087	89.74359	30.434783	94.871795	1.826087	5.692308
8.42773758743778E-05	7.826087	94.871795	30.434783	97.435897	1.826087	5.846154
5.02945630218061E-05	7.826087	100	30.434783	100	1.826087	6
0.000127775376326	8.086957	-100	34.782609	0	2.086957	0
0.000250113502595	8.086957	-94.871795	34.782609	2.564103	2.086957	0.153846
0.000455369692224	8.086957	-89.74359	34.782609	5.128205	2.086957	0.307692
0.000777526758067	8.086957	-84.615385	34.782609	7.692308	2.086957	0.461538
0.00123561507532	8.086957	-79.487179	34.782609	10.25641	2.086957	0.615385
0.001828275331468	8.086957	-74.358974	34.782609	12.820513	2.086957	0.769231
0.002513368838576	8.086957	-69.230769	34.782609	15.384615	2.086957	0.923077
0.003212055470825	8.086957	-64.102564	34.782609	17.948718	2.086957	1.076923
0.003822386789657	8.086957	-58.974359	34.782609	20.512821	2.086957	1.230769
0.004242414356515	8.086957	-53.846154	34.782609	23.076923	2.086957	1.384615
0.004401453920665	8.086957	-48.717949	34.782609	25.641026	2.086957	1.538462
0.004275037856854	8.086957	-43.589744	34.782609	28.205128	2.086957	1.692308
0.003890352415362	8.086957	-38.461538	34.782609	30.769231	2.086957	1.846154
0.003318081846925	8.086957	-33.333333	34.782609	33.333333	2.086957	2
0.002653378027529	8.086957	-28.205128	34.782609	35.897436	2.086957	2.153846
0.001992752145675	8.086957	-23.076923	34.782609	38.461538	2.086957	2.307692
0.001415044327181	8.086957	-17.948718	34.782609	41.025641	2.086957	2.461538
0.000980064322668	8.086957	-12.820513	34.782609	43.589744	2.086957	2.615385
0.00071907631996	8.086957	-7.692308	34.782609	46.153846	2.086957	2.769231
0.000641595506657	8.086957	-2.564103	34.782609	48.717949	2.086957	2.923077
0.000727232195045	8.086957	2.564103	34.782609	51.282051	2.086957	3.076923
0.00093112907216	8.086957	7.692308	34.782609	53.846154	2.086957	3.230769
0.001178523949727	8.086957	12.820513	34.782609	56.410256	2.086957	3.384615
0.001386498764385	8.086957	17.948718	34.782609	58.974359	2.086957	3.538462
0.001488447202943	8.086957	23.076923	34.782609	61.538462	2.086957	3.692308
0.00145446439009	8.086957	28.205128	34.782609	64.102564	2.086957	3.846154
0.001303580701025	8.086957	33.333333	34.782609	66.666667	2.086957	4
0.001087450011282	8.086957	38.461538	34.782609	69.230769	2.086957	4.153846
0.000863163446455	8.086957	43.589744	34.782609	71.794872	2.086957	4.307692
0.000671500381967	8.086957	48.717949	34.782609	74.358974	2.086957	4.461538
0.000528772567986	8.086957	53.846154	34.782609	76.923077	2.086957	4.615385
0.000430902066971	8.086957	58.974359	34.782609	79.487179	2.086957	4.769231
0.000360217816237	8.086957	64.102564	34.782609	82.051282	2.086957	4.923077
0.000307204628187	8.086957	69.230769	34.782609	84.615385	2.086957	5.076923
0.000259628690194	8.086957	74.358974	34.782609	87.179487	2.086957	5.230769
0.000213412064714	8.086957	79.487179	34.782609	89.74359	2.086957	5.384615
0.000168554751749	8.086957	84.615385	34.782609	92.307692	2.086957	5.538462
0.000125056751297	8.086957	89.74359	34.782609	94.871795	2.086957	5.692308
8.56366883884806E-05	8.086957	94.871795	34.782609	97.435897	2.086957	5.846154
5.43725005641147E-05	8.086957	100	34.782609	100	2.086957	6
0.000134571938896	8.347826	-100	39.130435	0	2.347826	0
0.000256910065165	8.347826	-94.871795	39.130435	2.564103	2.347826	0.153846
0.000463525567309	8.347826	-89.74359	39.130435	5.128205	2.347826	0.307692
0.000784323320637	8.347826	-84.615385	39.130435	7.692308	2.347826	0.461538
0.001245130262918	8.347826	-79.487179	39.130435	10.25641	2.347826	0.615385
0.001847305706666	8.347826	-74.358974	39.130435	12.820513	2.347826	0.769231
0.002552788901485	8.347826	-69.230769	39.130435	15.384615	2.347826	0.923077
0.003285458346587	8.347826	-64.102564	39.130435	17.948718	2.347826	1.076923
0.0039324911033	8.347826	-58.974359	39.130435	20.512821	2.347826	1.230769
0.004382423545468	8.347826	-53.846154	39.130435	23.076923	2.347826	1.384615
0.004550978297216	8.347826	-48.717949	39.130435	25.641026	2.347826	1.538462
0.004412328420778	8.347826	-43.589744	39.130435	28.205128	2.347826	1.692308
0.004000456729005	8.347826	-38.461538	39.130435	30.769231	2.347826	1.846154
0.003396921972743	8.347826	-33.333333	39.130435	33.333333	2.347826	2
0.002707750528093	8.347826	-28.205128	39.130435	35.897436	2.347826	2.153846
0.002033531521098	8.347826	-23.076923	39.130435	38.461538	2.347826	2.307692
0.001455823702604	8.347826	-17.948718	39.130435	41.025641	2.347826	2.461538
0.001027640260662	8.347826	-12.820513	39.130435	43.589744	2.347826	2.615385
0.000785682633151	8.347826	-7.692308	39.130435	46.153846	2.347826	2.769231
0.000740825320186	8.347826	-2.564103	39.130435	48.717949	2.347826	2.923077
0.000884912446681	8.347826	2.564103	39.130435	51.282051	2.347826	3.076923
0.001175805324699	8.347826	7.692308	39.130435	53.846154	2.347826	3.230769
0.001536023140936	8.347826	12.820513	39.130435	56.410256	2.347826	3.384615
0.001859539519293	8.347826	17.948718	39.130435	58.974359	2.347826	3.538462
0.002052561896295	8.347826	23.076923	39.130435	61.538462	2.347826	3.692308
0.002057999146352	8.347826	28.205128	39.130435	64.102564	2.347826	3.846154
0.001882647832032	8.347826	33.333333	39.130435	66.666667	2.347826	4
0.001584958391444	8.347826	38.461538	39.130435	69.230769	2.347826	4.153846
0.001245130262918	8.347826	43.589744	39.130435	71.794872	2.347826	4.307692
0.000932488384675	8.347826	48.717949	39.130435	74.358974	2.347826	4.461538
0.000686452819622	8.347826	53.846154	39.130435	76.923077	2.347826	4.615385
0.000513820130331	8.347826	58.974359	39.130435	79.487179	2.347826	4.769231
0.000402356504174	8.347826	64.102564	39.130435	82.051282	2.347826	4.923077
0.000328953628413	8.347826	69.230769	39.130435	84.615385	2.347826	5.076923
0.000273221815335	8.347826	74.358974	39.130435	87.179487	2.347826	5.230769
0.000222927252313	8.347826	79.487179	39.130435	89.74359	2.347826	5.384615
0.000175351314319	8.347826	84.615385	39.130435	92.307692	2.347826	5.538462
0.000127775376326	8.347826	89.74359	39.130435	94.871795	2.347826	5.692308
8.69960009025835E-05	8.347826	94.871795	39.130435	97.435897	2.347826	5.846154
5.43725005641147E-05	8.347826	100	39.130435	100	2.347826	6
0.000144087126495	8.608696	-100	43.478261	0	2.608696	0
0.000269143877792	8.608696	-94.871795	43.478261	2.564103	2.608696	0.153846
0.000473040754908	8.608696	-89.74359	43.478261	5.128205	2.608696	0.307692
0.000785682633151	8.608696	-84.615385	43.478261	7.692308	2.608696	0.461538
0.001227459200235	8.608696	-79.487179	43.478261	10.25641	2.608696	0.615385
0.0018024483937	8.608696	-74.358974	43.478261	12.820513	2.608696	0.769231
0.002480745338238	8.608696	-69.230769	43.478261	15.384615	2.608696	0.923077
0.003191665783114	8.608696	-64.102564	43.478261	17.948718	2.608696	1.076923
0.0038264647272	8.608696	-58.974359	43.478261	20.512821	2.608696	1.230769
0.004272319231825	8.608696	-53.846154	43.478261	23.076923	2.608696	1.384615
0.00443951467106	8.608696	-48.717949	43.478261	25.641026	2.608696	1.538462
0.004300864794621	8.608696	-43.589744	43.478261	28.205128	2.608696	1.692308
0.003894430352905	8.608696	-38.461538	43.478261	30.769231	2.608696	1.846154
0.003308566659326	8.608696	-33.333333	43.478261	33.333333	2.608696	2
0.002649300089986	8.608696	-28.205128	43.478261	35.897436	2.608696	2.153846
0.0020145011459	8.608696	-23.076923	43.478261	38.461538	2.608696	2.307692
0.001476213390316	8.608696	-17.948718	43.478261	41.025641	2.608696	2.461538
0.00108337207374	8.608696	-12.820513	43.478261	43.589744	2.608696	2.615385
0.000868600696512	8.608696	-7.692308	43.478261	46.153846	2.608696	2.769231
0.000853648258857	8.608696	-2.564103	43.478261	48.717949	2.608696	2.923077
0.001039874073289	8.608696	2.564103	43.478261	51.282051	2.608696	3.076923
0.001400091889526	8.608696	7.692308	43.478261	53.846154	2.608696	3.230769
0.001854102269236	8.608696	12.820513	43.478261	56.410256	2.608696	3.384615
0.002290441586263	8.608696	17.948718	43.478261	58.974359	2.608696	3.538462
0.002586771714338	8.608696	23.076923	43.478261	61.538462	2.608696	3.692308
0.002661533902613	8.608696	28.205128	43.478261	64.102564	2.608696	3.846154
0.002498416400921	8.608696	33.333333	43.478261	66.666667	2.608696	4
0.002154510334853	8.608696	38.461538	43.478261	69.230769	2.608696	4.153846
0.001723608267882	8.608696	43.589744	43.478261	71.794872	2.608696	4.307692
0.00129542482594	8.608696	48.717949	43.478261	74.358974	2.608696	4.461538
0.000936566322217	8.608696	53.846154	43.478261	76.923077	2.608696	4.615385
0.000672859694481	8.608696	58.974359	43.478261	79.487179	2.608696	4.769231
0.000496149067648	8.608696	64.102564	43.478261	82.051282	2.608696	4.923077
0.000386044754005	8.608696	69.230769	43.478261	84.615385	2.608696	5.076923
0.00031128256573	8.608696	74.358974	43.478261	87.179487	2.608696	5.230769
0.000251472815109	8.608696	79.487179	43.478261	89.74359	2.608696	5.384615
0.000194381689517	8.608696	84.615385	43.478261	92.307692	2.608696	5.538462
0.000141368501467	8.608696	89.74359	43.478261	94.871795	2.608696	5.692308
9.37925634730978E-05	8.608696	94.871795	43.478261	97.435897	2.608696	5.846154
5.70911255923204E-05	8.608696	100	43.478261	100	2.608696	6
0.00015224300158	8.869565	-100	47.826087	0	2.869565	0
0.000281377690419	8.869565	-94.871795	47.826087	2.564103	2.869565	0.153846
0.000485274567535	8.869565	-89.74359	47.826087	5.128205	2.869565	0.307692
0.00078840125818	8.869565	-84.615385	47.826087	7.692308	2.869565	0.461538
0.001204350887495	8.869565	-79.487179	47.826087	10.25641	2.869565	0.615385
0.001737201393023	8.869565	-74.358974	47.826087	12.820513	2.869565	0.769231
0.002358407211968	8.869565	-69.230769	47.826087	15.384615	2.869565	0.923077
0.00300815859371	8.869565	-64.102564	47.826087	17.948718	2.869565	1.076923
0.00359130366226	8.869565	-58.974359	47.826087	20.512821	2.869565	1.230769
0.004000456729005	8.869565	-53.846154	47.826087	23.076923	2.869565	1.384615
0.00415134041807	8.869565	-48.717949	47.826087	25.641026	2.869565	1.538462
0.004014049854146	8.869565	-43.589744	47.826087	28.205128	2.869565	1.692308
0.003625286475112	8.869565	-38.461538	47.826087	30.769231	2.869565	1.846154
0.003077483531929	8.869565	-33.333333	47.826087	33.333333	2.869565	2
0.002475308088181	8.869565	-28.205128	47.826087	35.897436	2.869565	2.153846
0.001911193394829	8.869565	-23.076923	47.826087	38.461538	2.869565	2.307692
0.001444949202491	8.869565	-17.948718	47.826087	41.025641	2.869565	2.461538
0.001114636261564	8.869565	-12.820513	47.826087	43.589744	2.869565	2.615385
0.000946081509816	8.869565	-7.692308	47.826087	46.153846	2.869565	2.769231
0.000965111885013	8.869565	-2.564103	47.826087	48.717949	2.869565	2.923077
0.001183961199784	8.869565	2.564103	47.826087	51.282051	2.869565	3.076923
0.001584958391444	8.869565	7.692308	47.826087	53.846154	2.869565	3.230769
0.002100137834289	8.869565	12.820513	47.826087	56.410256	2.869565	3.384615
0.002612598652106	8.869565	17.948718	47.826087	58.974359	2.869565	3.538462
0.00299184684354	8.869565	23.076923	47.826087	61.538462	2.869565	3.692308
0.003133215345007	8.869565	28.205128	47.826087	64.102564	2.869565	3.846154
0.003002721343653	8.869565	33.333333	47.826087	66.666667	2.869565	4
0.002649300089986	8.869565	38.461538	47.826087	69.230769	2.869565	4.153846
0.00216674414748	8.869565	43.589744	47.826087	71.794872	2.869565	4.307692
0.001661079892234	8.869565	48.717949	47.826087	74.358974	2.869565	4.461538
0.00121250676258	8.869565	53.846154	47.826087	76.923077	2.869565	4.615385
0.000860444821427	8.869565	58.974359	47.826087	79.487179	2.869565	4.769231
0.000611690631346	8.869565	64.102564	47.826087	82.051282	2.869565	4.923077
0.000448573129654	8.869565	69.230769	47.826087	84.615385	2.869565	5.076923
0.000343906066068	8.869565	74.358974	47.826087	87.179487	2.869565	5.230769
0.000267784565278	8.869565	79.487179	47.826087	89.74359	2.869565	5.384615
0.00020525618963	8.869565	84.615385	47.826087	92.307692	2.869565	5.538462
0.000148165064037	8.869565	89.74359	47.826087	94.871795	2.869565	5.692308
9.78705010154064E-05	8.869565	94.871795	47.826087	97.435897	2.869565	5.846154
5.84504381064233E-05	8.869565	100	47.826087	100	2.869565	6
0.000157680251636	9.130435	-100	52.173913	0	3.130435	0
0.000290892878018	9.130435	-94.871795	52.173913	2.564103	3.130435	0.153846
0.000496149067648	9.130435	-89.74359	52.173913	5.128205	3.130435	0.307692
0.000791119883208	9.130435	-84.615385	52.173913	7.692308	3.130435	0.461538
0.001183961199784	9.130435	-79.487179	52.173913	10.25641	3.130435	0.615385
0.001670595079832	9.130435	-74.358974	52.173913	12.820513	3.130435	0.769231
0.002223835273072	9.130435	-69.230769	52.173913	15.384615	3.130435	0.923077
0.002793387216481	9.130435	-64.102564	52.173913	17.948718	3.130435	1.076923
0.003300410784242	9.130435	-58.974359	52.173913	20.512821	3.130435	1.230769
0.003656550662937	9.130435	-53.846154	52.173913	23.076923	3.130435	1.384615
0.003787044664291	9.130435	-48.717949	52.173913	25.641026	3.130435	1.538462
0.003660628600479	9.130435	-43.589744	52.173913	28.205128	3.130435	1.692308
0.00330992597184	9.130435	-38.461538	52.173913	30.769231	3.130435	1.846154
0.002816495529221	9.130435	-33.333333	52.173913	33.333333	3.130435	2
0.002279567086151	9.130435	-28.205128	52.173913	35.897436	3.130435	2.153846
0.001786136643531	9.130435	-23.076923	52.173913	38.461538	3.130435	2.307692
0.001391936014441	9.130435	-17.948718	52.173913	41.025641	3.130435	2.461538
0.001124151449163	9.130435	-12.820513	52.173913	43.589744	3.130435	2.615385
0.001004531947922	9.130435	-7.692308	52.173913	46.153846	3.130435	2.769231
0.00105346719843	9.130435	-2.564103	52.173913	48.717949	3.130435	2.923077
0.001287268950855	9.130435	2.564103	52.173913	51.282051	3.130435	3.076923
0.001697781330114	9.130435	7.692308	52.173913	53.846154	3.130435	3.230769
0.002225194585586	9.130435	12.820513	52.173913	56.410256	3.130435	3.384615
0.002762123028657	9.130435	17.948718	52.173913	58.974359	3.130435	3.538462
0.003175354032944	9.130435	23.076923	52.173913	61.538462	3.130435	3.692308
0.003354783284806	9.130435	28.205128	52.173913	64.102564	3.130435	3.846154
0.00325691278379	9.130435	33.333333	52.173913	66.666667	3.130435	4
0.002915725342751	9.130435	38.461538	52.173913	69.230769	3.130435	4.153846
0.002427732150188	9.130435	43.589744	52.173913	71.794872	3.130435	4.307692
0.001894881644659	9.130435	48.717949	52.173913	74.358974	3.130435	4.461538
0.001404169827068	9.130435	53.846154	52.173913	76.923077	3.130435	4.615385
0.00100045401038	9.130435	58.974359	52.173913	79.487179	3.130435	4.769231
0.000697327319735	9.130435	64.102564	52.173913	82.051282	3.130435	4.923077
0.000486633880049	9.130435	69.230769	52.173913	84.615385	3.130435	5.076923
0.000346624691096	9.130435	74.358974	52.173913	87.179487	3.130435	5.230769
0.000254191440137	9.130435	79.487179	52.173913	89.74359	3.130435	5.384615
0.000186225814432	9.130435	84.615385	52.173913	92.307692	3.130435	5.538462
0.000131853313868	9.130435	89.74359	52.173913	94.871795	3.130435	5.692308
8.69960009025835E-05	9.130435	94.871795	52.173913	97.435897	3.130435	5.846154
5.30131880500118E-05	9.130435	100	52.173913	100	3.130435	6
0.000156320939122	9.391304	-100	56.521739	0	3.391304	0
0.000290892878018	9.391304	-94.871795	56.521739	2.564103	3.391304	0.153846
0.000496149067648	9.391304	-89.74359	56.521739	5.128205	3.391304	0.307692
0.000782964008123	9.391304	-84.615385	56.521739	7.692308	3.391304	0.461538
0.001155415636987	9.391304	-79.487179	56.521739	10.25641	3.391304	0.615385
0.001601270141613	9.391304	-74.358974	56.521739	12.820513	3.391304	0.769231
0.002094700584233	9.391304	-69.230769	56.521739	15.384615	3.391304	0.923077
0.002586771714338	9.391304	-64.102564	56.521739	17.948718	3.391304	1.076923
0.003016314468794	9.391304	-58.974359	56.521739	20.512821	3.391304	1.230769
0.003314003909383	9.391304	-53.846154	56.521739	23.076923	3.391304	1.384615
0.003421389597997	9.391304	-48.717949	56.521739	25.641026	3.391304	1.538462
0.003312644596869	9.391304	-43.589744	56.521739	28.205128	3.391304	1.692308
0.003010877218738	9.391304	-38.461538	56.521739	30.769231	3.391304	1.846154
0.002582693776795	9.391304	-33.333333	56.521739	33.333333	3.391304	2
0.00211373095943	9.391304	-28.205128	56.521739	35.897436	3.391304	2.153846
0.001684188204973	9.391304	-23.076923	56.521739	38.461538	3.391304	2.307692
0.001344360076448	9.391304	-17.948718	56.521739	41.025641	3.391304	2.461538
0.001121432824135	9.391304	-12.820513	56.521739	43.589744	3.391304	2.615385
0.001031718198204	9.391304	-7.692308	56.521739	46.153846	3.391304	2.769231
0.001092887261339	9.391304	-2.564103	56.521739	48.717949	3.391304	2.923077
0.001322611076222	9.391304	2.564103	56.521739	51.282051	3.391304	3.076923
0.001711374455256	9.391304	7.692308	56.521739	53.846154	3.391304	3.230769
0.002210242147931	9.391304	12.820513	56.521739	56.410256	3.391304	3.384615
0.002721343653234	9.391304	17.948718	56.521739	58.974359	3.391304	3.538462
0.003122340844894	9.391304	23.076923	56.521739	61.538462	3.391304	3.692308
0.003307207346812	9.391304	28.205128	56.521739	64.102564	3.391304	3.846154
0.003229726533508	9.391304	33.333333	56.521739	66.666667	3.391304	4
0.002918443967779	9.391304	38.461538	56.521739	69.230769	3.391304	4.153846
0.002458996338012	9.391304	43.589744	56.521739	71.794872	3.391304	4.307692
0.001947894832709	9.391304	48.717949	56.521739	74.358974	3.391304	4.461538
0.001465338890203	9.391304	53.846154	56.521739	76.923077	3.391304	4.615385
0.001054826510944	9.391304	58.974359	56.521739	79.487179	3.391304	4.769231
0.000732669445101	9.391304	64.102564	56.521739	82.051282	3.391304	4.923077
0.000496149067648	9.391304	69.230769	56.521739	84.615385	3.391304	5.076923
0.000331672253441	9.391304	74.358974	56.521739	87.179487	3.391304	5.230769
0.000221567939799	9.391304	79.487179	56.521739	89.74359	3.391304	5.384615
0.000149524376551	9.391304	84.615385	56.521739	92.307692	3.391304	5.538462
0.000100589126044	9.391304	89.74359	56.521739	94.871795	3.391304	5.692308
6.52470006769376E-05	9.391304	94.871795	56.521739	97.435897	3.391304	5.846154
3.94200629089831E-05	9.391304	100	56.521739	100	3.391304	6
0.000141368501467	9.652174	-100	60.869565	0	3.652174	0
0.000267784565278	9.652174	-94.871795	60.869565	2.564103	3.652174	0.153846
0.000462166254795	9.652174	-89.74359	60.869565	5.128205	3.652174	0.307692
0.000734028757616	9.652174	-84.615385	60.869565	7.692308	3.652174	0.461538
0.001084731386254	9.652174	-79.487179	60.869565	10.25641	3.652174	0.615385
0.00150068101557	9.652174	-74.358974	60.869565	12.820513	3.652174	0.769231
0.00195469139528	9.652174	-69.230769	60.869565	15.384615	3.652174	0.923077
0.002400545899906	9.652174	-64.102564	60.869565	17.948718	3.652174	1.076923
0.002782512716369	9.652174	-58.974359	60.869565	20.512821	3.652174	1.230769
0.003040782094048	9.652174	-53.846154	60.869565	23.076923	3.652174	1.384615
0.003131856032493	9.652174	-48.717949	60.869565	25.641026	3.652174	1.538462
0.003036704156506	9.652174	-43.589744	60.869565	28.205128	3.652174	1.692308
0.002777075466312	9.652174	-38.461538	60.869565	30.769231	3.652174	1.846154
0.002405983149962	9.652174	-33.333333	60.869565	33.333333	3.652174	2
0.001995470770703	9.652174	-28.205128	60.869565	35.897436	3.652174	2.153846
0.001614863266754	9.652174	-23.076923	60.869565	38.461538	3.652174	2.307692
0.001310377263595	9.652174	-17.948718	60.869565	41.025641	3.652174	2.461538
0.001107839698994	9.652174	-12.820513	60.869565	43.589744	3.652174	2.615385
0.001026280948148	9.652174	-7.692308	60.869565	46.153846	3.652174	2.769231
0.001082012761226	9.652174	-2.564103	60.869565	48.717949	3.652174	2.923077
0.00128862826337	9.652174	2.564103	60.869565	51.282051	3.652174	3.076923
0.001639330892008	9.652174	7.692308	60.869565	53.846154	3.652174	3.230769
0.00209062264669	9.652174	12.820513	60.869565	56.410256	3.652174	3.384615
0.002555507526513	9.652174	17.948718	60.869565	58.974359	3.652174	3.538462
0.002923881217835	9.652174	23.076923	60.869565	61.538462	3.652174	3.692308
0.003099232532155	9.652174	28.205128	60.869565	64.102564	3.652174	3.846154
0.003040782094048	9.652174	33.333333	60.869565	66.666667	3.652174	4
0.002770278903742	9.652174	38.461538	60.869565	69.230769	3.652174	4.153846
0.002361125836997	9.652174	43.589744	60.869565	71.794872	3.652174	4.307692
0.00190167820723	9.652174	48.717949	60.869565	74.358974	3.652174	4.461538
0.001458542327632	9.652174	53.846154	60.869565	76.923077	3.652174	4.615385
0.001069778948599	9.652174	58.974359	60.869565	79.487179	3.652174	4.769231
0.000751699820299	9.652174	64.102564	60.869565	82.051282	3.652174	4.923077
0.000505664255246	9.652174	69.230769	60.869565	84.615385	3.652174	5.076923
0.000324875690871	9.652174	74.358974	60.869565	87.179487	3.652174	5.230769
0.000201178252087	9.652174	79.487179	60.869565	89.74359	3.652174	5.384615
0.000122338126269	9.652174	84.615385	60.869565	92.307692	3.652174	5.538462
7.34028757615548E-05	9.652174	89.74359	60.869565	94.871795	3.652174	5.692308
4.34980004512917E-05	9.652174	94.871795	60.869565	97.435897	3.652174	5.846154
2.44676252538516E-05	9.652174	100	60.869565	100	3.652174	6
0.000112822938671	9.913043	-100	65.217391	0	3.913043	0
0.000218849314771	9.913043	-94.871795	65.217391	2.564103	3.913043	0.153846
0.000387404066519	9.913043	-89.74359	65.217391	5.128205	3.913043	0.307692
0.00062936169403	9.913043	-84.615385	65.217391	7.692308	3.913043	0.461538
0.00094744082233	9.913043	-79.487179	65.217391	10.25641	3.913043	0.615385
0.001332126263821	9.913043	-74.358974	65.217391	12.820513	3.913043	0.769231
0.001760309705763	9.913043	-69.230769	65.217391	15.384615	3.913043	0.923077
0.002192571085248	9.913043	-64.102564	65.217391	17.948718	3.913043	1.076923
0.002573178589197	9.913043	-58.974359	65.217391	20.512821	3.913043	1.230769
0.002842322466989	9.913043	-53.846154	65.217391	23.076923	3.913043	1.384615
0.002951067468117	9.913043	-48.717949	65.217391	25.641026	3.913043	1.538462
0.002881742529898	9.913043	-43.589744	65.217391	28.205128	3.913043	1.692308
0.002654737340043	9.913043	-38.461538	65.217391	30.769231	3.913043	1.846154
0.002320346461574	9.913043	-33.333333	65.217391	33.333333	3.913043	2
0.001943816895167	9.913043	-28.205128	65.217391	35.897436	3.913043	2.153846
0.001589036328986	9.913043	-23.076923	65.217391	38.461538	3.913043	2.307692
0.001298143450968	9.913043	-17.948718	65.217391	41.025641	3.913043	2.461538
0.001098324511395	9.913043	-12.820513	65.217391	43.589744	3.913043	2.615385
0.00100725057295	9.913043	-7.692308	65.217391	46.153846	3.913043	2.769231
0.001042592698317	9.913043	-2.564103	65.217391	48.717949	3.913043	2.923077
0.001215225387608	9.913043	2.564103	65.217391	51.282051	3.913043	3.076923
0.001522430015795	9.913043	7.692308	65.217391	53.846154	3.913043	3.230769
0.00192478651997	9.913043	12.820513	65.217391	56.410256	3.913043	3.384615
0.002344814086827	9.913043	17.948718	65.217391	58.974359	3.913043	3.538462
0.002687360840381	9.913043	23.076923	65.217391	61.538462	3.913043	3.692308
0.002862712154701	9.913043	28.205128	65.217391	64.102564	3.913043	3.846154
0.00283280727939	9.913043	33.333333	65.217391	66.666667	3.913043	4
0.00261395796462	9.913043	38.461538	65.217391	69.230769	3.913043	4.153846
0.002268692586038	9.913043	43.589744	65.217391	71.794872	3.913043	4.307692
0.001869054706891	9.913043	48.717949	65.217391	74.358974	3.913043	4.461538
0.001473494765288	9.913043	53.846154	65.217391	76.923077	3.913043	4.615385
0.001114636261564	9.913043	58.974359	65.217391	79.487179	3.913043	4.769231
0.000804713008349	9.913043	64.102564	65.217391	82.051282	3.913043	4.923077
0.000550521568212	9.913043	69.230769	65.217391	84.615385	3.913043	5.076923
0.000354780566181	9.913043	74.358974	65.217391	87.179487	3.913043	5.230769
0.000214771377228	9.913043	79.487179	65.217391	89.74359	3.913043	5.384615
0.000123697438783	9.913043	84.615385	65.217391	92.307692	3.913043	5.538462
6.79656257051434E-05	9.913043	89.74359	65.217391	94.871795	3.913043	5.692308
3.53421253666745E-05	9.913043	94.871795	65.217391	97.435897	3.913043	5.846154
1.90303751974401E-05	9.913043	100	65.217391	100	3.913043	6
8.01994383320692E-05	10.173913	-100	69.565217	0	4.173913	0
0.000163117501692	10.173913	-94.871795	69.565217	2.564103	4.173913	0.153846
0.000297689440589	10.173913	-89.74359	69.565217	5.128205	4.173913	0.307692
0.000496149067648	10.173913	-84.615385	69.565217	7.692308	4.173913	0.461538
0.00076529294544	10.173913	-79.487179	69.565217	10.25641	4.173913	0.615385
0.001102402448937	10.173913	-74.358974	69.565217	12.820513	4.173913	0.769231
0.001493884452999	10.173913	-69.230769	69.565217	15.384615	4.173913	0.923077
0.001911193394829	10.173913	-64.102564	69.565217	17.948718	4.173913	1.076923
0.002304034711404	10.173913	-58.974359	69.565217	20.512821	4.173913	1.230769
0.002611239339592	10.173913	-53.846154	69.565217	23.076923	4.173913	1.384615
0.002774356841284	10.173913	-48.717949	69.565217	25.641026	4.173913	1.538462
0.002763482341171	10.173913	-43.589744	69.565217	28.205128	4.173913	1.692308
0.002585412401824	10.173913	-38.461538	69.565217	30.769231	4.173913	1.846154
0.002289082273749	10.173913	-33.333333	69.565217	33.333333	4.173913	2
0.001937020332597	10.173913	-28.205128	69.565217	35.897436	4.173913	2.153846
0.001591754954014	10.173913	-23.076923	69.565217	38.461538	4.173913	2.307692
0.001299502763482	10.173913	-17.948718	69.565217	41.025641	4.173913	2.461538
0.001090168636311	10.173913	-12.820513	69.565217	43.589744	4.173913	2.615385
0.000982782947696	10.173913	-7.692308	69.565217	46.153846	4.173913	2.769231
0.000990938822781	10.173913	-2.564103	69.565217	48.717949	4.173913	2.923077
0.001126870074191	10.173913	2.564103	69.565217	51.282051	4.173913	3.076923
0.001386498764385	10.173913	7.692308	69.565217	53.846154	4.173913	3.230769
0.001738560705538	10.173913	12.820513	69.565217	56.410256	4.173913	3.384615
0.002120527522	10.173913	17.948718	69.565217	58.974359	4.173913	3.538462
0.002444043900357	10.173913	23.076923	69.565217	61.538462	4.173913	3.692308
0.002631629027303	10.173913	28.205128	69.565217	64.102564	4.173913	3.846154
0.002638425589874	10.173913	33.333333	69.565217	66.666667	4.173913	4
0.002475308088181	10.173913	38.461538	69.565217	69.230769	4.173913	4.153846
0.002193930397762	10.173913	43.589744	69.565217	71.794872	4.173913	4.307692
0.00185546158175	10.173913	48.717949	69.565217	74.358974	4.173913	4.461538
0.001510196203168	10.173913	53.846154	69.565217	76.923077	4.173913	4.615385
0.00118260188727	10.173913	58.974359	69.565217	79.487179	4.173913	4.769231
0.000886271759195	10.173913	64.102564	69.565217	82.051282	4.173913	4.923077
0.00062936169403	10.173913	69.230769	69.565217	84.615385	4.173913	5.076923
0.000420027566858	10.173913	74.358974	69.565217	87.179487	4.173913	5.230769
0.000262347315222	10.173913	79.487179	69.565217	89.74359	4.173913	5.384615
0.000154961626608	10.173913	84.615385	69.565217	92.307692	4.173913	5.538462
8.69960009025835E-05	10.173913	89.74359	69.565217	94.871795	4.173913	5.692308
4.75759379936004E-05	10.173913	94.871795	69.565217	97.435897	4.173913	5.846154
2.44676252538516E-05	10.173913	100	69.565217	100	4.173913	6
5.43725005641147E-05	10.434783	-100	73.913043	0	4.434783	0
0.000114182251185	10.434783	-94.871795	73.913043	2.564103	4.434783	0.153846
0.000216130689742	10.434783	-89.74359	73.913043	5.128205	4.434783	0.307692
0.00037109231635	10.434783	-84.615385	73.913043	7.692308	4.434783	0.461538
0.000585863693578	10.434783	-79.487179	73.913043	10.25641	4.434783	0.615385
0.000861804133941	10.434783	-74.358974	73.913043	12.820513	4.434783	0.769231
0.001193476387382	10.434783	-69.230769	73.913043	15.384615	4.434783	0.923077
0.001561850078704	10.434783	-64.102564	73.913043	17.948718	4.434783	1.076923
0.001930223770026	10.434783	-58.974359	73.913043	20.512821	4.434783	1.230769
0.002246943585812	10.434783	-53.846154	73.913043	23.076923	4.434783	1.384615
0.002452199775442	10.434783	-48.717949	73.913043	25.641026	4.434783	1.538462
0.002505212963492	10.434783	-43.589744	73.913043	28.205128	4.434783	1.692308
0.002397827274877	10.434783	-38.461538	73.913043	30.769231	4.434783	1.846154
0.002165384834966	10.434783	-33.333333	73.913043	33.333333	4.434783	2
0.001862258144321	10.434783	-28.205128	73.913043	35.897436	4.434783	2.153846
0.001546897641049	10.434783	-23.076923	73.913043	38.461538	4.434783	2.307692
0.00126551995063	10.434783	-17.948718	73.913043	41.025641	4.434783	2.461538
0.001052107885916	10.434783	-12.820513	73.913043	43.589744	4.434783	2.615385
0.000925691822104	10.434783	-7.692308	73.913043	46.153846	4.434783	2.769231
0.000905302134393	10.434783	-2.564103	73.913043	48.717949	4.434783	2.923077
0.001001813322894	10.434783	2.564103	73.913043	51.282051	4.434783	3.076923
0.00121250676258	10.434783	7.692308	73.913043	53.846154	4.434783	3.230769
0.001512914828197	10.434783	12.820513	73.913043	56.410256	4.434783	3.384615
0.001851383644208	10.434783	17.948718	73.913043	58.974359	4.434783	3.538462
0.002153151022339	10.434783	23.076923	73.913043	61.538462	4.434783	3.692308
0.00234889202437	10.434783	28.205128	73.913043	64.102564	4.434783	3.846154
0.002389671399793	10.434783	33.333333	73.913043	66.666667	4.434783	4
0.002278207773636	10.434783	38.461538	73.913043	69.230769	4.434783	4.153846
0.002052561896295	10.434783	43.589744	73.913043	71.794872	4.434783	4.307692
0.001769824893362	10.434783	48.717949	73.913043	74.358974	4.434783	4.461538
0.001472135452773	10.434783	53.846154	73.913043	76.923077	4.434783	4.615385
0.001186679824812	10.434783	58.974359	73.913043	79.487179	4.434783	4.769231
0.000920254572048	10.434783	64.102564	73.913043	82.051282	4.434783	4.923077
0.00068237488208	10.434783	69.230769	73.913043	84.615385	4.434783	5.076923
0.000481196629992	10.434783	74.358974	73.913043	87.179487	4.434783	5.230769
0.000320797753328	10.434783	79.487179	73.913043	89.74359	4.434783	5.384615
0.00020525618963	10.434783	84.615385	73.913043	92.307692	4.434783	5.538462
0.000126416063812	10.434783	89.74359	73.913043	94.871795	4.434783	5.692308
7.47621882756577E-05	10.434783	94.871795	73.913043	97.435897	4.434783	5.846154
4.21386879371889E-05	10.434783	100	73.913043	100	4.434783	6
3.53421253666745E-05	10.695652	-100	78.26087	0	4.695652	0
7.74808133038634E-05	10.695652	-94.871795	78.26087	2.564103	4.695652	0.153846
0.000150883689065	10.695652	-89.74359	78.26087	5.128205	4.695652	0.307692
0.000266425252764	10.695652	-84.615385	78.26087	7.692308	4.695652	0.461538
0.000430902066971	10.695652	-79.487179	78.26087	10.25641	4.695652	0.615385
0.000645673444199	10.695652	-74.358974	78.26087	12.820513	4.695652	0.769231
0.000906661446907	10.695652	-69.230769	78.26087	15.384615	4.695652	0.923077
0.001200272949953	10.695652	-64.102564	78.26087	17.948718	4.695652	1.076923
0.001503399640598	10.695652	-58.974359	78.26087	20.512821	4.695652	1.230769
0.001775262143418	10.695652	-53.846154	78.26087	23.076923	4.695652	1.384615
0.001969643832935	10.695652	-48.717949	78.26087	25.641026	4.695652	1.538462
0.002049843271267	10.695652	-43.589744	78.26087	28.205128	4.695652	1.692308
0.002002267333274	10.695652	-38.461538	78.26087	30.769231	4.695652	1.846154
0.001843227769123	10.695652	-33.333333	78.26087	33.333333	4.695652	2
0.001616222579268	10.695652	-28.205128	78.26087	35.897436	4.695652	2.153846
0.001364749764159	10.695652	-23.076923	78.26087	38.461538	4.695652	2.307692
0.001128229386705	10.695652	-17.948718	78.26087	41.025641	4.695652	2.461538
0.000935207009703	10.695652	-12.820513	78.26087	43.589744	4.695652	2.615385
0.000807431633377	10.695652	-7.692308	78.26087	46.153846	4.695652	2.769231
0.000763933632926	10.695652	-2.564103	78.26087	48.717949	4.695652	2.923077
0.000821024758518	10.695652	2.564103	78.26087	51.282051	4.695652	3.076923
0.000982782947696	10.695652	7.692308	78.26087	53.846154	4.695652	3.230769
0.001228818512749	10.695652	12.820513	78.26087	56.410256	4.695652	3.384615
0.001518352078253	10.695652	17.948718	78.26087	58.974359	4.695652	3.538462
0.001788855268559	10.695652	23.076923	78.26087	61.538462	4.695652	3.692308
0.00197779970802	10.695652	28.205128	78.26087	64.102564	4.695652	3.846154
0.002040328083668	10.695652	33.333333	78.26087	66.666667	4.695652	4
0.001966925207907	10.695652	38.461538	78.26087	69.230769	4.695652	4.153846
0.001787495956045	10.695652	43.589744	78.26087	71.794872	4.695652	4.307692
0.001548256953563	10.695652	48.717949	78.26087	74.358974	4.695652	4.461538
0.001296784138454	10.695652	53.846154	78.26087	76.923077	4.695652	4.615385
0.001057545135972	10.695652	58.974359	78.26087	79.487179	4.695652	4.769231
0.000842773758744	10.695652	64.102564	78.26087	82.051282	4.695652	4.923077
0.000653829319283	10.695652	69.230769	78.26087	84.615385	4.695652	5.076923
0.000490711817591	10.695652	74.358974	78.26087	87.179487	4.695652	5.230769
0.000356139878695	10.695652	79.487179	78.26087	89.74359	4.695652	5.384615
0.000250113502595	10.695652	84.615385	78.26087	92.307692	4.695652	5.538462
0.000169914064263	10.695652	89.74359	78.26087	94.871795	4.695652	5.692308
0.000110104313642	10.695652	94.871795	78.26087	97.435897	4.695652	5.846154
6.79656257051434E-05	10.695652	100	78.26087	100	4.695652	6
2.44676252538516E-05	10.956522	-100	82.608696	0	4.956522	0
5.30131880500118E-05	10.956522	-94.871795	82.608696	2.564103	4.956522	0.153846
0.000103307751072	10.956522	-89.74359	82.608696	5.128205	4.956522	0.307692
0.000186225814432	10.956522	-84.615385	82.608696	7.692308	4.956522	0.461538
0.000307204628187	10.956522	-79.487179	82.608696	10.25641	4.956522	0.615385
0.000466244192337	10.956522	-74.358974	82.608696	12.820513	4.956522	0.769231
0.000660625881854	10.956522	-69.230769	82.608696	15.384615	4.956522	0.923077
0.00087811588411	10.956522	-64.102564	82.608696	17.948718	4.956522	1.076923
0.001102402448937	10.956522	-58.974359	82.608696	20.512821	4.956522	1.230769
0.001306299326053	10.956522	-53.846154	82.608696	23.076923	4.956522	1.384615
0.001455823702604	10.956522	-48.717949	82.608696	25.641026	4.956522	1.538462
0.001525148640823	10.956522	-43.589744	82.608696	28.205128	4.956522	1.692308
0.00150068101557	10.956522	-38.461538	82.608696	30.769231	4.956522	1.846154
0.001396013951984	10.956522	-33.333333	82.608696	33.333333	4.956522	2
0.001236974387834	10.956522	-28.205128	82.608696	35.897436	4.956522	2.153846
0.001058904448486	10.956522	-23.076923	82.608696	38.461538	4.956522	2.307692
0.000886271759195	10.956522	-17.948718	82.608696	41.025641	4.956522	2.461538
0.000736747382644	10.956522	-12.820513	82.608696	43.589744	4.956522	2.615385
0.000628002381516	10.956522	-7.692308	82.608696	46.153846	4.956522	2.769231
0.000580426443522	10.956522	-2.564103	82.608696	48.717949	4.956522	2.923077
0.000610331318832	10.956522	2.564103	82.608696	51.282051	4.956522	3.076923
0.000729950820073	10.956522	7.692308	82.608696	53.846154	4.956522	3.230769
0.000927051134618	10.956522	12.820513	82.608696	56.410256	4.956522	3.384615
0.001167649449614	10.956522	17.948718	82.608696	58.974359	4.956522	3.538462
0.00140145120204	10.956522	23.076923	82.608696	61.538462	4.956522	3.692308
0.001570005953789	10.956522	28.205128	82.608696	64.102564	4.956522	3.846154
0.001635252954466	10.956522	33.333333	82.608696	66.666667	4.956522	4
0.001584958391444	10.956522	38.461538	82.608696	69.230769	4.956522	4.153846
0.001438152639921	10.956522	43.589744	82.608696	71.794872	4.956522	4.307692
0.00123561507532	10.956522	48.717949	82.608696	74.358974	4.956522	4.461538
0.001023562323119	10.956522	53.846154	82.608696	76.923077	4.956522	4.615385
0.000830539946117	10.956522	58.974359	82.608696	79.487179	4.956522	4.769231
0.000670141069453	10.956522	64.102564	82.608696	82.051282	4.956522	4.923077
0.000542365693127	10.956522	69.230769	82.608696	84.615385	4.956522	5.076923
0.000437698629541	10.956522	74.358974	82.608696	87.179487	4.956522	5.230769
0.000349343316124	10.956522	79.487179	82.608696	89.74359	4.956522	5.384615
0.000273221815335	10.956522	84.615385	82.608696	92.307692	4.956522	5.538462
0.000203896877115	10.956522	89.74359	82.608696	94.871795	4.956522	5.692308
0.000142727813981	10.956522	94.871795	82.608696	97.435897	4.956522	5.846154
9.37925634730978E-05	10.956522	100	82.608696	100	4.956522	6
1.90303751974401E-05	11.217391	-100	86.956522	0	5.217391	0
3.94200629089831E-05	11.217391	-94.871795	86.956522	2.564103	5.217391	0.153846
7.74808133038634E-05	11.217391	-89.74359	86.956522	5.128205	5.217391	0.307692
0.000137290563924	11.217391	-84.615385	86.956522	7.692308	5.217391	0.461538
0.000222927252313	11.217391	-79.487179	86.956522	10.25641	5.217391	0.615385
0.000335750190983	11.217391	-74.358974	86.956522	12.820513	5.217391	0.769231
0.000473040754908	11.217391	-69.230769	86.956522	15.384615	5.217391	0.923077
0.000625283756487	11.217391	-64.102564	86.956522	17.948718	5.217391	1.076923
0.000780245383095	11.217391	-58.974359	86.956522	20.512821	5.217391	1.230769
0.000918895259534	11.217391	-53.846154	86.956522	23.076923	5.217391	1.384615
0.001020843698091	11.217391	-48.717949	86.956522	25.641026	5.217391	1.538462
0.001067060323571	11.217391	-43.589744	86.956522	28.205128	5.217391	1.692308
0.001049389260887	11.217391	-38.461538	86.956522	30.769231	5.217391	1.846154
0.000974627072612	11.217391	-33.333333	86.956522	33.333333	5.217391	2
0.000863163446455	11.217391	-28.205128	86.956522	35.897436	5.217391	2.153846
0.000739466007672	11.217391	-23.076923	86.956522	38.461538	5.217391	2.307692
0.000618487193917	11.217391	-17.948718	86.956522	41.025641	5.217391	2.461538
0.000513820130331	11.217391	-12.820513	86.956522	43.589744	5.217391	2.615385
0.000433620691999	11.217391	-7.692308	86.956522	46.153846	5.217391	2.769231
0.00039420062909	11.217391	-2.564103	86.956522	48.717949	5.217391	2.923077
0.000411871691773	11.217391	2.564103	86.956522	51.282051	5.217391	3.076923
0.00050022700519	11.217391	7.692308	86.956522	53.846154	5.217391	3.230769
0.000656547944312	11.217391	12.820513	86.956522	56.410256	5.217391	3.384615
0.000856366883885	11.217391	17.948718	86.956522	58.974359	5.217391	3.538462
0.001054826510944	11.217391	23.076923	86.956522	61.538462	5.217391	3.692308
0.001202991574981	11.217391	28.205128	86.956522	64.102564	5.217391	3.846154
0.001262801325602	11.217391	33.333333	86.956522	66.666667	5.217391	4
0.001220662637664	11.217391	38.461538	86.956522	69.230769	5.217391	4.153846
0.001095605886367	11.217391	43.589744	86.956522	71.794872	5.217391	4.307692
0.000922973197076	11.217391	48.717949	86.956522	74.358974	5.217391	4.461538
0.000743543945214	11.217391	53.846154	86.956522	76.923077	5.217391	4.615385
0.000588582318607	11.217391	58.974359	86.956522	79.487179	5.217391	4.769231
0.000474400067422	11.217391	64.102564	86.956522	82.051282	5.217391	4.923077
0.000398278566632	11.217391	69.230769	86.956522	84.615385	5.217391	5.076923
0.00034798400361	11.217391	74.358974	86.956522	87.179487	5.217391	5.230769
0.000308563940701	11.217391	79.487179	86.956522	89.74359	5.217391	5.384615
0.000267784565278	11.217391	84.615385	86.956522	92.307692	5.217391	5.538462
0.000218849314771	11.217391	89.74359	86.956522	94.871795	5.217391	5.692308
0.000164476814206	11.217391	94.871795	86.956522	97.435897	5.217391	5.846154
0.000112822938671	11.217391	100	86.956522	100	5.217391	6
1.63117501692344E-05	11.478261	-100	91.304348	0	5.478261	0
3.39828128525717E-05	11.478261	-94.871795	91.304348	2.564103	5.478261	0.153846
6.38876881628348E-05	11.478261	-89.74359	91.304348	5.128205	5.478261	0.307692
0.000111463626156	11.478261	-84.615385	91.304348	7.692308	5.478261	0.461538
0.000178069939347	11.478261	-79.487179	91.304348	10.25641	5.478261	0.615385
0.000260988002708	11.478261	-74.358974	91.304348	12.820513	5.478261	0.769231
0.000356139878695	11.478261	-69.230769	91.304348	15.384615	5.478261	0.923077
0.000456729004739	11.478261	-64.102564	91.304348	17.948718	5.478261	1.076923
0.00055324019324	11.478261	-58.974359	91.304348	20.512821	5.478261	1.230769
0.000637517569114	11.478261	-53.846154	91.304348	23.076923	5.478261	1.384615
0.000697327319735	11.478261	-48.717949	91.304348	25.641026	5.478261	1.538462
0.000721794944989	11.478261	-43.589744	91.304348	28.205128	5.478261	1.692308
0.000705483194819	11.478261	-38.461538	91.304348	30.769231	5.478261	1.846154
0.000651110694255	11.478261	-33.333333	91.304348	33.333333	5.478261	2
0.000572270568437	11.478261	-28.205128	91.304348	35.897436	5.478261	2.153846
0.000485274567535	11.478261	-23.076923	91.304348	38.461538	5.478261	2.307692
0.00040099719166	11.478261	-17.948718	91.304348	41.025641	5.478261	2.461538
0.000327594315899	11.478261	-12.820513	91.304348	43.589744	5.478261	2.615385
0.000271862502821	11.478261	-7.692308	91.304348	46.153846	5.478261	2.769231
0.000243316940024	11.478261	-2.564103	91.304348	48.717949	5.478261	2.923077
0.000254191440137	11.478261	2.564103	91.304348	51.282051	5.478261	3.076923
0.000319438440814	11.478261	7.692308	91.304348	53.846154	5.478261	3.230769
0.000439057942055	11.478261	12.820513	91.304348	56.410256	5.478261	3.384615
0.000598097506205	11.478261	17.948718	91.304348	58.974359	5.478261	3.538462
0.000763933632926	11.478261	23.076923	91.304348	61.538462	5.478261	3.692308
0.000891709009251	11.478261	28.205128	91.304348	64.102564	5.478261	3.846154
0.000946081509816	11.478261	33.333333	91.304348	66.666667	5.478261	4
0.000914817321991	11.478261	38.461538	91.304348	69.230769	5.478261	4.153846
0.000811509570919	11.478261	43.589744	91.304348	71.794872	5.478261	4.307692
0.00066606313191	11.478261	48.717949	91.304348	74.358974	5.478261	4.461538
0.000516538755359	11.478261	53.846154	91.304348	76.923077	5.478261	4.615385
0.000392841316576	11.478261	58.974359	91.304348	79.487179	5.478261	4.769231
0.000308563940701	11.478261	64.102564	91.304348	82.051282	5.478261	4.923077
0.00026506594025	11.478261	69.230769	91.304348	84.615385	5.478261	5.076923
0.000248754190081	11.478261	74.358974	91.304348	87.179487	5.478261	5.230769
0.000243316940024	11.478261	79.487179	91.304348	89.74359	5.478261	5.384615
0.000232442439912	11.478261	84.615385	91.304348	92.307692	5.478261	5.538462
0.000206615502144	11.478261	89.74359	91.304348	94.871795	5.478261	5.692308
0.000165836126721	11.478261	94.871795	91.304348	97.435897	5.478261	5.846154
0.000119619501241	11.478261	100	91.304348	100	5.478261	6
1.22338126269258E-05	11.73913	-100	95.652174	0	5.73913	0
2.71862502820573E-05	11.73913	-94.871795	95.652174	2.564103	5.73913	0.153846
5.1653875535909E-05	11.73913	-89.74359	95.652174	5.128205	5.73913	0.307692
9.2433250958995E-05	11.73913	-84.615385	95.652174	7.692308	5.73913	0.461538
0.000146805751523	11.73913	-79.487179	95.652174	10.25641	5.73913	0.615385
0.000213412064714	11.73913	-74.358974	95.652174	12.820513	5.73913	0.769231
0.000284096315448	11.73913	-69.230769	95.652174	15.384615	5.73913	0.923077
0.000350702628639	11.73913	-64.102564	95.652174	17.948718	5.73913	1.076923
0.000406434441717	11.73913	-58.974359	95.652174	20.512821	5.73913	1.230769
0.00044721381714	11.73913	-53.846154	95.652174	23.076923	5.73913	1.384615
0.000471681442394	11.73913	-48.717949	95.652174	25.641026	5.73913	1.538462
0.000474400067422	11.73913	-43.589744	95.652174	28.205128	5.73913	1.692308
0.000456729004739	11.73913	-38.461538	95.652174	30.769231	5.73913	1.846154
0.000415949629315	11.73913	-33.333333	95.652174	33.333333	5.73913	2
0.000362936441265	11.73913	-28.205128	95.652174	35.897436	5.73913	2.153846
0.000301767378131	11.73913	-23.076923	95.652174	38.461538	5.73913	2.307692
0.000244676252539	11.73913	-17.948718	95.652174	41.025641	5.73913	2.461538
0.000194381689517	11.73913	-12.820513	95.652174	43.589744	5.73913	2.615385
0.000157680251636	11.73913	-7.692308	95.652174	46.153846	5.73913	2.769231
0.000137290563924	11.73913	-2.564103	95.652174	48.717949	5.73913	2.923077
0.000145446439009	11.73913	2.564103	95.652174	51.282051	5.73913	3.076923
0.00018894443946	11.73913	7.692308	95.652174	53.846154	5.73913	3.230769
0.000273221815335	11.73913	12.820513	95.652174	56.410256	5.73913	3.384615
0.000388763379033	11.73913	17.948718	95.652174	58.974359	5.73913	3.538462
0.000515179442845	11.73913	23.076923	95.652174	61.538462	5.73913	3.692308
0.000618487193917	11.73913	28.205128	95.652174	64.102564	5.73913	3.846154
0.000668781756939	11.73913	33.333333	95.652174	66.666667	5.73913	4
0.000652470006769	11.73913	38.461538	95.652174	69.230769	5.73913	4.153846
0.00057634850598	11.73913	43.589744	95.652174	71.794872	5.73913	4.307692
0.000464884879823	11.73913	48.717949	95.652174	74.358974	5.73913	4.461538
0.00034798400361	11.73913	53.846154	95.652174	76.923077	5.73913	4.615385
0.000251472815109	11.73913	58.974359	95.652174	79.487179	5.73913	4.769231
0.000187585126946	11.73913	64.102564	95.652174	82.051282	5.73913	4.923077
0.00015903956415	11.73913	69.230769	95.652174	84.615385	5.73913	5.076923
0.000157680251636	11.73913	74.358974	95.652174	87.179487	5.73913	5.230769
0.000165836126721	11.73913	79.487179	95.652174	89.74359	5.73913	5.384615
0.000171273376777	11.73913	84.615385	95.652174	92.307692	5.73913	5.538462
0.000163117501692	11.73913	89.74359	95.652174	94.871795	5.73913	5.692308
0.000138649876438	11.73913	94.871795	95.652174	97.435897	5.73913	5.846154
0.000104667063586	11.73913	100	95.652174	100	5.73913	6
6.79656257051434E-06	12	-100	100	0	6	0
1.76710626833373E-05	12	-94.871795	100	2.564103	6	0.153846
3.53421253666745E-05	12	-89.74359	100	5.128205	6	0.307692
6.52470006769376E-05	12	-84.615385	100	7.692308	6	0.461538
0.000108745001128	12	-79.487179	100	10.25641	6	0.615385
0.000161758189178	12	-74.358974	100	12.820513	6	0.769231
0.000216130689742	12	-69.230769	100	15.384615	6	0.923077
0.00026506594025	12	-64.102564	100	17.948718	6	1.076923
0.000297689440589	12	-58.974359	100	20.512821	6	1.230769
0.000314001190758	12	-53.846154	100	23.076923	6	1.384615
0.000314001190758	12	-48.717949	100	25.641026	6	1.538462
0.000300408065617	12	-43.589744	100	28.205128	6	1.692308
0.000277299752877	12	-38.461538	100	30.769231	6	1.846154
0.000247394877567	12	-33.333333	100	33.333333	6	2
0.000210693439686	12	-28.205128	100	35.897436	6	2.153846
0.000172632689291	12	-23.076923	100	38.461538	6	2.307692
0.00013593125141	12	-17.948718	100	41.025641	6	2.461538
0.0001060263761	12	-12.820513	100	43.589744	6	2.615385
8.29180633602749E-05	12	-7.692308	100	46.153846	6	2.769231
7.2043563247452E-05	12	-2.564103	100	48.717949	6	2.923077
7.74808133038634E-05	12	2.564103	100	51.282051	6	3.076923
0.000104667063586	12	7.692308	100	53.846154	6	3.230769
0.000156320939122	12	12.820513	100	56.410256	6	3.384615
0.000232442439912	12	17.948718	100	58.974359	6	3.538462
0.000316719815786	12	23.076923	100	61.538462	6	3.692308
0.000390122691548	12	28.205128	100	64.102564	6	3.846154
0.000430902066971	12	33.333333	100	66.666667	6	4
0.000426824129428	12	38.461538	100	69.230769	6	4.153846
0.000379248191435	12	43.589744	100	71.794872	6	4.307692
0.000304486003159	12	48.717949	100	74.358974	6	4.461538
0.000222927252313	12	53.846154	100	76.923077	6	4.615385
0.000154961626608	12	58.974359	100	79.487179	6	4.769231
0.000107385688614	12	64.102564	100	82.051282	6	4.923077
8.56366883884806E-05	12	69.230769	100	84.615385	6	5.076923
8.42773758743778E-05	12	74.358974	100	87.179487	6	5.230769
9.2433250958995E-05	12	79.487179	100	89.74359	6	5.384615
0.000101948438558	12	84.615385	100	92.307692	6	5.538462
0.000101948438558	12	89.74359	100	94.871795	6	5.692308
9.2433250958995E-05	12	94.871795	100	97.435897	6	5.846154
7.34028757615548E-05	12	100	100	100	6	6
