Pair	Distance	Freq	Mean	SD
AI 	1	1731	1.77430793183131	0.078766273885765
AI 	2	3538	-0.863708089315998	0.060090125575815
AI 	3	5258	-0.212204127044504	8.75019424874763
AI 	4	6966	-2.07103777576802	0.820744514921853
AI 	5	6947	-0.149856069094573	0.018423232521107
AI 	6	6807	-0.04898295241663	0.010905441789402
AI 	7	6802	-0.04120876179065	0.013433394599075
AI 	8	6854	-0.007875637931135	0.002566925683212
AI 	9	6884	-6.9280731676351E-05	8.72466298960199E-05
AI 	10	7001	-5.64740437080417E-07	3.18831352491211E-06
AI 	11	6147	0	0
AI 	12	5200	0	0
AI 	13	4335	0	0
AI 	14	3427	0	0
AI 	15	3448	0	0
CI 	1	1769	1.51435369135105	0.138533500795456
CI 	2	3517	-0.933956125390958	0.051374248343897
CI 	3	5119	-0.656059072084392	8.55278627753502
CI 	4	6882	-2.56368177840744	0.914336920106749
CI 	5	6885	-0.172856665649964	0.017656611332468
CI 	6	6844	-0.058233344097019	0.011740863795515
CI 	7	6892	-0.060205348244341	0.019424537597456
CI 	8	6918	-0.010395098923099	0.001843199048829
CI 	9	6852	-7.13899593607706E-05	8.80389766152978E-05
CI 	10	6937	-6.10087458555572E-07	3.30967139812566E-06
CI 	11	6205	0	0
CI 	12	5257	0	0
CI 	13	4431	0	0
CI 	14	3512	0	0
CI 	15	3468	0	0
FI 	1	1765	1.47056475807365	0.209594456741285
FI 	2	3493	-0.958203788147724	0.062055593607315
FI 	3	5243	-0.791712508106046	8.93163831495931
FI 	4	7024	-2.80057242425968	1.39217234420793
FI 	5	7011	-0.189198938953074	0.03447184422335
FI 	6	6961	-0.070462887875305	0.02084996441873
FI 	7	6970	-0.117135898637016	0.078457544606912
FI 	8	6929	-0.022130222910954	0.014930713864874
FI 	9	6910	-0.000712647843525	0.000887447356806
FI 	10	7020	-0.000394617786893	0.000721705016073
FI 	11	6143	-0.000364435318767	0.000752385142509
FI 	12	5271	0	0
FI 	13	4473	0	0
FI 	14	3524	0	0
FI 	15	3527	0	0
GI 	1	1753	2.05042455219623	0.075451968097379
GI 	2	3488	-0.820636617832569	0.087017693627921
GI 	3	5214	-0.173683536632144	8.22952852376336
GI 	4	6952	-1.83472472655351	0.822298053259057
GI 	5	6918	-0.139147647586008	0.022689358283235
GI 	6	6945	-0.043811368711303	0.013650777373552
GI 	7	6961	-0.034041609495762	0.016243873824902
GI 	8	6960	-0.007179275446839	0.00322523358046
GI 	9	6993	-6.88570224510225E-05	8.56343009338572E-05
GI 	10	6906	-5.6444281783956E-07	3.18749471970391E-06
GI 	11	6027	0	0
GI 	12	5134	0	0
GI 	13	4231	0	0
GI 	14	3434	0	0
GI 	15	3460	0	0
II 	1	64530	7.3865470716101	14.4478533742165
II 	2	45371	-0.996592941328161	1.87449561065406
II 	3	26228	9.17197456535001	62.6241920940878
II 	4	7080	-2.57550379792938	0.859899004320219
II 	5	7021	-0.182003464178892	0.018777952671947
II 	6	7046	-0.065161938546693	0.016122505346384
II 	7	7016	-0.082445484236032	0.038796588606528
II 	8	7024	-0.012895961788155	0.00229713924968
II 	9	7055	-0.000136895407087	7.45550298937998E-05
II 	10	7096	-1.66893698421646E-05	4.13335945172779E-05
II 	11	6210	0	0
II 	12	5289	0	0
II 	13	4444	0	0
II 	14	3511	0	0
II 	15	3507	0	0
IL 	1	1777	1.48243155880698	0.129081190539583
IL 	2	3500	-0.945802994285714	0.058357234150888
IL 	3	5229	-0.944807469879518	8.54854004456816
IL 	4	6974	-2.68642406007026	0.903230420409251
IL 	5	6934	-0.174067742428613	0.019299321353573
IL 	6	6971	-0.062209141213599	0.014020081171892
IL 	7	7027	-0.078179530638964	0.037273319080476
IL 	8	6991	-0.011368908964383	0.002195674813024
IL 	9	7010	-0.000108997022043	6.33293986806547E-05
IL 	10	6941	-1.61012007347644E-05	4.30124319768514E-05
IL 	11	6061	0	0
IL 	12	5224	0	0
IL 	13	4318	0	0
IL 	14	3481	0	0
IL 	15	3448	0	0
IM 	1	1704	1.38228741431925	0.221948831753475
IM 	2	3489	-0.969052913728862	0.051299898650257
IM 	3	5211	-0.851614743811169	8.84526793232912
IM 	4	7018	-2.56161217326874	0.898156362353235
IM 	5	7024	-0.18230456833713	0.025113991464486
IM 	6	6994	-0.066543544981413	0.016357382766384
IM 	7	7084	-0.102391794381705	0.086719628986396
IM 	8	6934	-0.013758884139025	0.005908630516114
IM 	9	6986	-0.00020074627363	0.000212627683675
IM 	10	6930	-3.0076102555267E-05	0.000121069352272
IM 	11	5962	-1.41646125461255E-06	1.22243845400185E-05
IM 	12	5212	0	0
IM 	13	4303	0	0
IM 	14	3460	0	0
IM 	15	3442	0	0
IS 	1	1757	1.86913640865111	0.073377804390994
IS 	2	3492	-0.921756065292096	0.049554002732183
IS 	3	5259	-3.97043697090702	10.0506974106923
IS 	4	6985	-2.19474822390838	0.825315958290457
IS 	5	6962	-0.15751819649526	0.017550148751416
IS 	6	6985	-0.054016614302076	0.010731940720529
IS 	7	6917	-0.046464754821454	0.012477222845773
IS 	8	6922	-0.008389227390927	0.002259626231493
IS 	9	6934	-7.00677096538794E-05	8.68073153755149E-05
IS 	10	6917	-6.09167543732832E-07	3.30725958679293E-06
IS 	11	6104	0	0
IS 	12	5220	0	0
IS 	13	4360	0	0
IS 	14	3501	0	0
IS 	15	3482	0	0
IT 	1	1629	1.52849548189073	0.057047057015196
IT 	2	3386	-0.922786863260484	0.067197625758463
IT 	3	5113	0.178771433600626	10.2862847268961
IT 	4	6854	-2.41718343886781	0.803118418419062
IT 	5	6933	-0.165972408336939	0.017598825986608
IT 	6	6943	-0.055722062969898	0.011739191835312
IT 	7	6964	-0.05553975987938	0.016001534613249
IT 	8	6919	-0.009529697047261	0.002534082062568
IT 	9	6931	-0.00010893482561	6.91514868190467E-05
IT 	10	6915	-1.53777549457701E-06	1.09143770980593E-05
IT 	11	5985	0	0
IT 	12	5198	0	0
IT 	13	4321	0	0
IT 	14	3400	0	0
IT 	15	3409	0	0
IV 	1	1739	1.39689813110983	0.025136969828201
IV 	2	3534	-0.932325610639502	0.05061949461709
IV 	3	5272	-0.60287625569044	8.64080473908163
IV 	4	6952	-1.6824838363061	2.01073044516244
IV 	5	7031	-0.171025419997155	0.016304159903979
IV 	6	7047	-0.056663330977721	0.011441229334874
IV 	7	7029	-0.059163487793427	0.016732245377824
IV 	8	7111	-0.010622182951765	0.002301563725381
IV 	9	7007	-7.74484675353218E-05	8.2047836505077E-05
IV 	10	6891	-5.57596241474387E-07	3.16872391342131E-06
IV 	11	6005	0	0
IV 	12	5098	0	0
IV 	13	4192	0	0
IV 	14	3357	0	0
IV 	15	3430	0	0
IW 	1	1764	1.28203536904762	0.286450436231033
IW 	2	3473	-0.97565855571552	0.061188510014878
IW 	3	5301	-1.16411087719298	8.83066694319745
IW 	4	7046	-3.30296311623616	1.58759365051496
IW 	5	7039	-0.197125978406024	0.045713496098999
IW 	6	7049	-0.083412037452121	0.037373079760693
IW 	7	7013	-0.230782519820334	0.225400593718687
IW 	8	7083	-0.031355632508824	0.025452509139411
IW 	9	7089	-0.001214092501887	0.001626463551496
IW 	10	7129	-0.001689716045617	0.00326435651685
IW 	11	6267	-0.001468185758354	0.002257514110435
IW 	12	5396	0	0
IW 	13	4509	0	0
IW 	14	3661	0	0
IW 	15	3613	0	0
IY 	1	1738	1.3806951547756	0.212934966250831
IY 	2	3375	-0.97220330962963	0.063964324392515
IY 	3	5209	-0.773160562488002	9.23978451371489
IY 	4	6923	-3.07448877018634	1.25135575579002
IY 	5	6951	-0.192287219824486	0.038488118288142
IY 	6	7064	-0.07229718216308	0.022869200425572
IY 	7	6981	-0.134731601504083	0.099311524260579
IY 	8	7011	-0.026543957820568	0.020309065529674
IY 	9	7005	-0.000859843166437	0.001032201660943
IY 	10	6973	-0.000402097332404	0.000696092154435
IY 	11	6083	-0.000623903799976	0.001311203087113
IY 	12	5243	0	0
IY 	13	4368	0	0
IY 	14	3560	0	0
IY 	15	3594	0	0
