>R24_A70_Premixed PHD_FILE: R24_A70_Premixed.phd.1
8 8 8 8 8 8 8 6 6 6 8 8 8 8 8 8 8 8 8 8 9 6 6 8 6 6
6 11 11 11 8 8 10 8 10 17 18 18 12 12 14 17 17 17 12
12 14 15 10 10 13 13 14 34 34 28 22 22 29 29 32 33
36 36 48 48 48 48 48 57 57 57 57 48 42 42 42 42 42
48 48 43 32 31 34 34 33 43 44 54 54 57 57 57 68 68
68 68 68 68 59 59 59 57 68 68 68 68 68 44 44 30 35
35 59 59 48 48 48 59 59 68 68 68 68 68 68 68 68 68
68 68 68 68 68 68 68 57 43 44 43 43 43 59 57 68 68
68 68 68 68 59 57 57 57 54 57 54 57 57 57 57 68 68
50 50 41 38 38 59 59 68 68 68 68 68 57 44 43 23 23
27 27 29 29 44 44 68 68 68 68 41 41 32 28 29 29 35
44 44 68 68 68 44 44 31 31 31 35 35 44 44 59 59 59
59 59 59 57 57 57 57 62 68 68 68 68 68 68 68 68 68
68 68 68 68 68 68 68 68 68 68 68 68 68 68 68 68 68
68 68 68 68 68 68 68 68 68 68 68 68 68 68 68 68 68
62 62 62 62 62 62 62 62 62 62 62 62 62 62 62 62 62
68 68 68 68 68 68 68 68 68 68 68 68 68 62 62 62 62
62 62 62 62 62 62 68 68 68 68 68 68 68 68 68 68 68
68 68 68 68 68 68 62 62 62 62 62 62 62 68 62 62 62
62 62 62 62 62 62 62 62 62 62 62 68 68 68 68 68 68
68 68 68 68 68 68 68 68 68 68 68 68 68 68 68 68 68
68 68 62 62 62 62 62 62 62 68 68 62 62 62 62 62 62
62 68 68 68 62 62 62 62 62 62 62 62 62 68 68 68 68
68 68 68 68 68 68 68 68 68 68 68 68 68 68 68 68 68
68 68 68 68 68 68 68 68 68 68 68 68 68 62 62 62 62
62 62 68 68 68 68 68 68 68 68 68 68 68 62 62 62 62
62 62 62 68 68 68 68 68 68 68 68 68 68 68 59 59 57
57 57 57 57 57 57 57 59 59 59 59 68 68 68 68 68 68
68 68 68 68 68 59 59 57 59 57 59 59 59 59 59 57 57
57 57 57 59 57 57 57 59 59 59 59 57 52 52 57 57 57
57 57 57 57 59 59 59 57 57 57 52 57 57 59 57 57 57
59 59 59 59 57 48 50 50 59 50 57 57 57 57 57 59 57
57 54 54 54 57 47 57 44 44 43 57 57 44 44 43 47 47
57 59 59 57 57 57 57 47 47 43 47 44 48 57 57 57 57
57 48 48 48 48 48 59 59 48 47 46 43 43 47 37 37 30
32 32 42 42 48 48 48 48 43 43 31 31 23 32 32 43 47
48 48 43 43 39 43 43 47 47 47 41 37 37 30 25 25 37
37 41 41 41 39 36 37 39 39 28 30 23 23 23 28 28 28
37 34 43 43 39 39 39 37 37 36 32 24 30 28 32 32 37
37 41 41 47 43 39 37 41 41 31 31 29 31 28 28 24 22
28 20 20 20 34 34 41 41 34 34 28 30 30 29 29 35 31
31 34 31 37 35 33 28 28 33 25 29 29 26 35 37 36 36
28 25 30 30 25 25 30 31 28 29 25 30 30 24 24 15 16
16 25 31 36 39 39 39 34 32 30 24 24 34 43 34 29 28
32 24 29 17 17 17 22 23 22 19 24 20 28 21 22 24 26
24 24 18 17 17 26 22 25 31 28 34 19 19 12 11 11 17
17 17 19 20 18 15 13 12 12 15 19 30 32 30 14 14 14
10 10 9 11 14 24 31 24 18 18 24 24 28 31 22 27 15 12
12 14 20 22 22 31 17 13 10 10 9 11 17 27 25 11 10 10
10 12 12 28 25 28 37 37 31 29 22 11 11 15 11 11 17
22 26 22 22 30 30 32 33 25 21 22 25 22 19 12 12 11
12 12 12 18 12 13 14 19 23 28 17 17 15 14 15 14 12
12 10 10 10 11 11 11 22 22 24 18 20 11 13 8 8 8 8 9
9 12 11 14 14 15 22 12 15 11 12 16 19 12 15 15 11 12
12 21 21 14 10 10 12 10 11 15 15 10 10 10 10 12 17
11 12 10 12 14 12 11 12 10 10 10 13 13 9 8 7 7 8 9
9 8 7 7 7 7 8 8 8 8 8 8 9 9 9 11 10 9 11 11 10 10 10
11 11 11 11 11 11 11 16 13 12 11 10 10 10 10 12 9 9
8 6 6 6 6 8 8 11 11 11 6 6 6 6 6 6 10 9 9 9 10 10 8
8 9 9 9 7 6 6 6 6 6 6 8 8 6 6 6 6 6 6 10 10 10 10 6
6 6 6 6 6 10 10 6 6 6 6 6 7 9 10 10 10 12 8 8 8 8 8
8 21 15 8 6 6 6 6 9 9 9 9 9 16 17 26 21 14 8 8 8 6
6 6 8 8 8 14 14 8 8 8 8 8 8 8 8 8 8 6 6 6 6 6 6 6 6
6 6 6 6 7 8 10 9 8 8 6 6 6 8 8 11 11 10 10 8 15 8 11
11 9 8 8 8 8 8 8 8 8 6 10 6 6 6 6 8 8 8 8 9 9 9 9 9
10 9 9 9 9 9 9 9 6 6 6 6 6 6 9 9 11 9 13 8 8 8 8 8
8 6 6 6 6 8 6 6 6 6 6 8 8 9 9 10 11 10 11 8 6 6 6 6
7 8 8 8 8 8 8 8 12 11 12 12 12 12 12 12 12 12 12 14
24 21 10 9 9 9 9 10 12 25 13 13 11 11 9 9 9 10 6 6
6 6 6 9 9 10 10 10 9 9 8 10 13 8 8 8 10 9 9 9 11 14
10 10 12 15 15 14 15 15 13 8 8 7 6 6 6 6 6 8 11 10
12 10 11 11 9 10 8 8 8 8 8 8 8 8 9 10 10 8 9 9 8 8
8 9 9 6 6 8 6 6 6 6 6 6 6 6 6 6 6 8 8 8 8 8 8 8 9 9
9 9 9 11 10 10 10 10 13 13 14 11 11 8 8 8 8 6 6 6 6
13 15 15 8 8 6 6 7 9 11 13 14 17 12 22 19 31 20 18
12 7 6 6 6 11 13 6 6 6 6 6 6 6 6 7 8 8 6 6 6 6 6 7
6 6 6 7 8 8 8 8 8 8 8 8 8 8 
>R25_A70_Premixed PHD_FILE: R25_A70_Premixed.phd.1
6 6 7 6 6 6 6 6 6 9 9 10 11 11 8 8 9 8 8 8 8 8 12 12
9 9 8 8 8 8 10 8 12 10 10 12 11 20 19 22 22 20 23 17
15 15 19 23 23 25 26 28 26 44 44 43 37 39 33 34 36
36 37 37 57 57 59 57 57 57 57 57 57 50 54 54 54 48
48 68 50 50 48 48 47 47 46 48 59 57 57 57 57 68 68
68 68 68 68 68 59 68 68 68 68 68 68 68 68 57 57 47
57 57 59 59 68 68 68 68 68 57 57 57 57 68 68 68 68
68 68 68 68 57 57 57 57 57 57 59 68 68 68 68 68 68
68 68 68 68 68 68 68 68 68 68 68 68 68 68 68 68 68
68 59 41 32 15 15 11 13 13 16 38 44 68 44 38 18 14
13 18 15 20 20 38 38 68 44 44 29 19 19 15 13 14 14
16 38 38 57 57 45 34 34 18 18 17 17 20 38 44 68 68
68 68 68 68 68 68 68 68 68 68 68 68 68 68 68 68 68
68 68 68 68 68 68 68 68 68 68 68 68 68 68 68 68 68
68 68 62 62 62 62 62 62 62 68 62 62 62 62 68 62 62
62 62 62 62 62 62 62 62 62 62 62 62 62 62 62 62 62
62 68 68 68 68 68 68 68 68 68 68 68 68 68 62 62 62
62 62 62 62 62 62 62 68 68 62 62 62 62 62 62 68 68
68 68 68 68 62 62 62 62 62 62 62 62 62 62 68 62 62
62 62 62 62 62 62 62 62 62 62 62 62 62 62 62 62 62
62 62 62 68 62 62 62 62 62 62 62 68 68 68 68 68 68
68 68 68 62 62 62 62 62 62 62 62 62 62 62 62 62 62
62 62 62 62 62 62 62 62 62 52 52 52 62 62 68 68 62
62 68 68 62 62 62 62 62 62 68 68 68 68 68 62 62 62
62 62 62 62 62 62 62 62 62 62 62 62 62 62 62 62 62
62 62 62 68 68 62 62 62 68 68 68 68 68 68 62 62 62
62 62 62 62 68 68 68 68 62 62 62 62 62 59 59 59 59
57 57 57 59 59 68 68 68 68 68 68 68 68 68 68 68 68
68 68 59 68 59 59 59 59 59 59 59 59 59 59 59 59 59
59 57 57 57 59 57 57 57 59 59 59 59 57 57 57 57 57
52 54 57 57 57 59 59 59 57 59 59 54 59 59 59 57 57
57 59 59 59 59 59 54 54 50 59 57 59 59 57 57 57 59
59 59 57 57 57 59 57 57 43 43 43 57 57 59 59 48 54
54 59 59 59 59 59 59 59 57 57 47 47 47 57 59 59 59
59 59 59 59 54 54 54 59 59 57 57 54 54 54 57 43 43
43 43 43 47 47 48 48 57 48 47 47 37 37 28 37 37 43
47 57 57 48 48 48 48 48 47 47 47 43 39 39 35 31 31
43 59 47 47 43 41 37 37 41 43 34 34 28 28 28 37 37
43 43 43 48 48 48 48 48 47 47 40 40 39 47 39 43 43
43 43 48 48 47 47 46 43 41 43 41 37 32 32 28 32 32
34 34 28 28 28 37 37 48 48 39 39 35 35 35 37 37 32
28 28 31 32 41 41 41 41 41 41 31 34 41 41 41 41 41
39 32 31 31 31 26 32 39 37 31 31 28 35 36 30 30 28
24 24 30 34 37 39 40 37 34 28 25 22 26 34 43 37 31
31 35 34 33 33 33 31 29 32 29 27 32 30 37 35 37 31
29 29 29 32 29 26 36 31 31 35 37 37 24 24 17 16 16
20 19 22 22 25 23 20 20 20 24 24 29 37 37 36 32 22
25 23 19 16 19 24 31 37 36 28 25 30 30 23 23 20 22
22 27 35 31 32 32 35 35 29 30 20 18 18 21 15 12 10
10 15 18 31 19 28 13 14 14 28 28 20 8 8 8 12 10 11
17 28 29 28 31 31 30 33 37 39 34 31 37 29 24 12 16
12 12 12 16 21 25 32 22 22 23 28 19 20 18 18 20 20
18 18 11 11 11 12 15 20 32 32 29 29 29 22 21 13 11
11 13 21 22 17 16 11 11 11 18 16 23 14 21 21 18 15
12 10 9 10 9 13 14 9 10 10 14 10 12 12 14 9 9 8 8 8
8 11 15 28 24 24 24 17 18 15 16 15 16 19 12 12 12 11
11 11 12 11 11 12 12 10 10 10 10 10 12 9 9 9 9 11 11
11 10 10 10 10 10 10 14 14 14 15 15 11 11 10 10 10
10 11 12 12 12 11 8 8 8 8 9 8 8 8 10 10 10 11 9 9 9
9 9 8 8 8 8 8 8 10 9 9 9 9 10 9 10 10 11 11 11 10 9
9 9 9 8 8 9 9 9 9 8 8 8 8 9 7 7 8 8 8 11 9 11 8 8 8
9 9 9 9 9 10 15 16 16 9 9 8 8 8 11 13 10 10 10 9 10
9 10 10 9 9 9 9 9 9 10 11 11 10 8 8 8 8 8 9 8 8 6 6
6 6 8 8 9 8 8 8 8 8 8 8 8 8 8 9 10 11 10 8 8 8 8 8
10 15 20 16 18 7 6 6 6 6 6 8 6 6 8 10 10 12 8 8 6 6
6 6 6 7 6 9 7 7 6 8 9 11 10 9 9 9 9 11 14 15 10 8 7
7 6 8 8 8 8 6 6 6 6 11 6 8 8 9 11 8 8 8 8 8 8 8 9 11
9 9 9 9 7 8 8 8 8 6 7 8 8 8 8 10 10 10 10 6 6 6 6 6
6 11 11 11 9 8 7 7 9 9 10 10 16 20 10 9 10 10 10 9
15 9 15 10 10 9 9 9 9 10 12 13 16 10 11 11 11 14 12
10 8 8 8 10 10 12 11 11 8 8 8 8 6 6 7 6 9 12 12 11
8 8 8 8 8 8 10 10 9 9 9 10 11 10 12 13 10 10 8 8 8
10 10 9 9 9 12 9 9 11 9 11 10 10 10 10 10 8 8 6 6 6
6 6 6 11 13 13 23 28 24 17 12 18 9 9 9 9 10 11 10 10
10 13 25 25 18 12 9 9 8 6 6 6 6 7 8 8 8 8 8 10 9 9
10 8 6 6 6 6 6 6 6 6 6 6 8 10 11 8 8 8 8 8 6 8 8 8
>R26_A70_Premixed PHD_FILE: R26_A70_Premixed.phd.1
8 8 8 8 8 8 8 8 8 8 10 10 10 9 9 11 10 11 11 17 14
9 9 12 22 29 25 24 21 28 22 17 12 12 12 14 20 19 20
23 20 21 19 23 23 28 37 39 41 42 50 50 50 50 50 47
50 47 47 47 47 47 50 57 57 59 57 50 53 50 50 50 57
57 57 57 57 57 57 54 54 54 54 54 54 59 59 59 68 59
59 54 68 57 57 57 68 68 68 57 68 68 68 68 68 68 57
57 57 57 57 57 59 59 59 68 68 68 68 68 68 68 68 68
68 68 68 68 68 68 68 68 57 57 54 54 54 57 59 68 68
68 68 68 68 68 57 57 57 57 68 68 68 68 68 68 68 68
68 68 68 68 68 68 68 68 68 59 59 59 59 59 59 59 68
57 57 57 68 68 68 68 68 68 68 68 68 57 57 57 57 57
59 68 68 68 68 68 68 68 68 68 68 68 68 68 68 68 68
68 68 68 68 68 68 68 68 68 68 68 68 68 62 62 68 68
68 62 62 62 68 68 62 62 68 62 62 62 62 62 62 62 62
62 62 62 62 62 62 68 68 62 62 62 62 62 62 62 68 68
68 68 62 62 62 62 62 62 62 62 62 62 62 62 62 62 62
62 62 62 62 62 68 68 68 68 68 68 68 68 68 68 68 68
68 62 62 62 62 62 62 52 52 62 62 62 62 62 62 62 62
62 62 62 68 68 68 68 68 68 68 68 62 62 62 62 68 68
62 68 68 68 68 68 68 68 68 62 62 62 62 62 62 62 68
68 68 68 68 68 68 68 68 68 68 68 68 62 68 68 68 68
68 68 68 68 68 68 68 68 68 68 68 68 68 68 68 68 62
62 62 62 62 62 62 68 68 68 68 62 62 62 62 62 62 62
62 68 68 68 68 62 62 62 62 62 62 62 68 68 68 68 68
68 68 68 68 68 68 62 62 62 62 62 62 62 62 62 62 62
62 62 62 62 62 62 62 68 68 62 62 62 68 68 68 68 68
68 68 68 68 68 68 68 68 68 68 68 68 68 68 68 68 68
62 62 62 62 62 62 62 62 59 68 68 68 68 68 68 68 68
68 68 68 68 68 68 68 68 68 68 68 68 57 57 57 57 59
59 59 68 57 57 57 57 57 57 57 68 68 59 59 59 59 59
57 57 57 57 57 57 57 57 59 68 59 59 59 59 59 57 59
59 59 59 59 59 59 59 59 57 57 57 57 57 57 54 59 59
59 59 59 59 57 57 57 57 57 57 57 57 57 57 57 59 59
59 59 54 54 54 59 59 59 59 59 59 59 59 59 57 59 59
57 59 59 59 59 59 59 59 57 57 57 59 59 57 57 54 54
54 59 44 44 43 43 43 46 47 57 57 59 57 57 57 48 48
48 48 48 57 59 59 59 48 48 48 48 48 48 48 48 57 48
48 48 48 46 59 59 59 59 44 44 37 41 41 59 47 47 41
41 41 43 43 48 48 57 48 48 48 57 57 48 48 48 43 43
57 47 48 48 48 48 48 48 48 48 46 46 47 47 44 44 39
35 32 35 37 37 39 40 40 40 48 48 48 59 43 43 43 43
43 39 39 43 43 43 43 41 41 41 41 41 41 41 37 37 41
41 41 47 47 47 47 39 36 36 37 39 40 37 37 37 36 41
43 47 39 32 28 28 37 37 41 41 46 41 41 41 41 32 37
43 59 41 37 32 41 37 37 39 39 39 39 37 31 31 39 37
41 41 41 37 37 43 43 37 31 31 35 28 31 39 43 43 37
34 28 28 28 24 24 24 25 35 37 30 30 30 35 31 31 37
37 37 37 29 31 28 23 20 24 34 37 39 35 31 26 31 35
37 36 32 34 32 37 35 29 29 29 32 36 30 30 20 18 18
25 24 28 25 16 13 13 13 12 24 31 25 25 39 37 37 31
29 17 17 21 15 18 18 18 19 22 22 22 28 32 39 31 25
24 16 12 11 18 12 11 11 11 20 23 32 26 20 24 18 14
14 14 14 25 25 19 19 11 10 10 12 13 15 25 30 31 31
34 22 16 15 10 10 10 16 16 19 16 20 20 22 22 19 22
20 28 28 34 32 35 35 35 31 28 32 18 19 15 16 19 16
25 25 17 21 15 15 17 28 22 32 31 30 27 25 15 9 8 8
8 13 15 23 17 13 10 10 10 11 10 14 12 11 11 11 10 10
10 10 13 11 13 12 15 14 11 11 10 10 10 10 9 9 10 10
17 19 24 13 10 10 8 8 8 8 8 9 15 11 10 10 15 19 9 10
8 17 11 11 10 9 9 8 8 8 8 8 8 10 14 12 12 9 9 9 10
9 10 11 9 8 8 8 10 8 11 12 10 10 10 10 10 12 11 10
11 10 10 9 10 8 8 8 8 9 9 11 11 11 11 13 10 8 11 8
8 8 8 8 8 8 9 9 9 9 8 8 9 8 8 8 8 8 8 9 9 9 9 9 9 12
13 11 10 10 9 9 9 10 10 10 12 12 12 9 8 8 8 8 8 8 8
8 8 8 8 8 12 12 14 13 12 12 11 11 9 8 8 8 8 8 8 13
13 13 13 14 11 11 8 8 8 8 6 7 8 8 6 7 6 6 6 6 8 11
15 16 15 12 12 11 16 11 9 9 8 6 6 6 6 6 8 9 9 9 8 8
6 6 8 8 11 10 10 10 9 8 8 8 7 7 7 8 8 8 8 8 9 9 12
11 9 9 9 9 9 9 15 9 8 8 8 8 8 10 10 11 17 13 11 11
8 7 7 9 9 7 16 14 9 9 8 8 9 9 11 11 16 10 10 6 6 6
6 6 7 9 9 8 8 8 8 8 8 8 8 8 7 6 6 6 6 8 10 8 6 6 6
6 7 7 10 10 8 8 8 8 8 8 8 8 11 8 6 6 6 8 11 11 11 21
16 12 15 9 6 6 6 6 6 6 8 6 8 7 6 6 6 8 9 6 6 6 6 6
8 8 8 8 8 9 8 8 6 6 6 6 6 6 8 8 8 8 8 6 8 8 8 8 9 13
14 13 10 10 10 10 6 6 6 6 6 6 6 6 6 6 6 6 6 6 6 8 9
11 19 22 12 15 10 6 6 6 7 7 6 8 8 8 8 8 8 10 10 10
12 8 8 8 8 8 8 8 8 8 
>R27_A70_Premixed PHD_FILE: R27_A70_Premixed.phd.1
6 6 6 6 6 6 6 6 6 6 6 6 6 8 7 8 8 8 8 8 8 8 6 6 6 6
6 15 10 10 8 8 8 12 8 9 10 11 20 21 23 23 23 23 19
17 17 19 32 33 33 33 33 33 44 41 47 36 36 36 42 36
36 50 50 50 50 50 50 57 57 57 57 57 53 68 68 68 68
68 68 50 50 48 54 48 50 57 57 57 68 68 68 57 68 68
68 68 68 68 68 59 68 68 68 68 68 68 68 68 68 57 57
57 59 68 68 68 68 68 68 68 68 68 68 68 68 68 68 68
68 68 68 68 57 57 57 57 57 57 59 68 68 68 68 68 68
68 57 57 57 57 68 68 68 68 68 68 68 68 68 68 68 68
68 68 68 68 68 68 68 68 68 68 68 68 68 68 68 68 68
68 68 68 68 68 68 68 68 68 68 68 68 68 68 68 68 68
68 68 68 68 68 68 68 68 68 68 68 68 68 68 68 68 68
68 68 68 68 68 68 68 68 68 68 68 68 68 68 68 68 68
68 68 68 68 68 62 62 62 62 62 68 68 68 68 68 68 68
68 62 68 68 68 68 68 68 68 68 62 62 62 68 68 68 68
68 62 62 62 62 62 62 62 62 62 62 62 62 62 62 62 62
62 68 68 68 68 68 68 68 68 68 68 68 68 68 62 62 62
62 62 62 62 62 62 62 68 68 68 68 68 68 68 68 68 68
68 68 68 68 68 68 68 62 62 62 62 62 62 62 68 62 62
62 62 62 62 62 62 62 62 62 62 62 62 62 62 62 62 62
62 68 62 62 62 62 62 62 62 62 62 68 68 68 68 68 68
68 68 62 62 62 62 62 62 62 62 62 62 62 62 62 62 62
62 62 68 62 62 62 62 62 62 62 62 62 62 62 68 68 68
68 62 62 62 62 62 62 62 62 68 68 68 68 68 62 62 62
62 62 62 62 62 62 62 68 68 68 68 68 68 68 62 62 62
62 62 62 68 68 68 68 68 68 68 68 68 68 68 68 68 62
62 62 62 62 68 68 68 68 68 68 68 68 68 68 68 59 59
59 59 59 59 59 59 59 59 59 68 68 68 68 68 68 68 68
68 68 68 68 57 57 57 57 57 57 57 59 59 59 59 59 59
57 57 57 57 57 57 59 59 59 59 59 59 57 54 54 59 57
57 57 59 59 59 59 59 59 59 59 59 57 57 57 59 57 57
57 59 59 59 59 57 54 54 50 59 57 57 57 59 59 59 59
59 59 54 54 54 57 44 57 43 43 43 57 57 57 57 47 48
48 57 57 57 57 57 57 57 47 47 43 47 47 57 59 59 59
59 59 57 57 48 48 48 59 59 54 54 54 54 54 57 43 43
37 43 43 42 42 48 48 48 48 48 48 39 39 30 39 39 43
43 48 48 47 47 48 48 48 41 41 41 41 34 34 28 24 24
34 34 41 41 41 41 37 37 41 41 34 34 28 28 25 32 27
28 35 29 32 41 37 37 39 39 37 37 37 31 32 36 37 37
39 39 40 47 47 47 41 41 41 41 31 34 29 29 24 23 20
24 28 25 28 25 34 34 46 46 34 34 28 31 31 29 29 41
29 29 29 29 32 37 35 31 31 35 28 31 31 31 35 37 36
36 28 25 30 30 25 27 30 31 32 32 25 31 31 29 29 24
22 22 30 32 36 36 36 33 34 28 22 10 10 15 12 13 10
24 32 25 24 17 17 22 22 32 24 22 28 23 28 21 22 24
26 26 19 20 14 14 18 14 19 27 30 30 19 19 12 12 12
18 14 14 14 14 13 11 11 11 11 13 21 19 24 11 9 9 11
10 10 9 12 15 18 28 21 16 12 12 12 19 17 12 14 9 10
11 14 15 11 17 17 19 17 11 11 11 12 12 17 10 8 8 8
8 8 13 18 18 16 19 10 8 8 8 8 13 12 8 8 9 9 10 10 14
16 15 12 14 11 10 11 10 13 11 11 11 9 9 9 9 9 10 11
11 15 11 11 12 11 11 12 12 12 12 10 9 9 9 9 9 16 13
22 22 14 13 11 10 8 8 8 8 8 8 8 8 10 14 21 11 15 11
12 13 14 13 13 13 17 20 17 15 11 9 9 10 12 12 12 16
11 12 10 9 9 9 10 9 9 13 13 9 9 9 8 8 8 8 8 9 10 10
10 10 10 10 8 8 8 8 8 10 18 15 14 10 10 10 10 9 9 9
9 9 8 8 8 6 6 6 10 15 14 15 13 10 10 9 9 8 8 11 9 9
9 11 9 9 9 9 9 11 11 6 8 6 6 6 6 8 9 9 11 8 8 8 8 8
8 8 8 8 8 8 10 10 9 9 9 8 8 8 8 8 8 8 11 12 12 12 11
12 11 11 11 12 12 10 10 9 8 6 6 6 8 8 8 8 8 9 8 8 8
6 6 6 8 6 6 6 8 8 8 8 8 8 10 8 19 19 17 11 10 8 8 8
8 8 8 8 10 10 7 6 6 6 6 6 9 10 9 8 10 10 9 9 9 11 11
11 11 11 11 12 9 8 6 6 6 6 8 9 11 12 12 16 13 11 10
10 10 11 15 20 15 10 8 8 8 8 8 8 8 8 9 9 9 8 8 10 10
8 6 6 6 6 7 7 6 6 6 6 8 8 8 8 8 9 9 10 10 10 16 16
19 12 9 7 9 6 6 8 8 8 8 9 9 8 8 8 8 8 7 9 9 6 6 6 6
6 6 6 6 6 6 7 9 15 19 9 9 6 6 6 6 6 13 15 16 8 8 8
8 8 8 10 10 13 13 10 12 12 8 6 6 7 6 6 8 8 8 8 9 10
10 9 10 10 16 11 8 8 6 6 6 6 6 8 13 19 14 10 8 6 6
6 6 6 8 8 8 8 10 10 10 11 10 8 8 6 6 7 9 7 8 9 9 8
8 8 8 8 6 6 6 7 6 10 6 8 8 6 6 6 6 8 8 8 8 8 9 12 11
11 9 9 9 9 7 6 6 8 8 8 8 8 8 8 12 12 17 18 11 10 10
8 8 8 8 8 8 8 8 8 11 6 6 6 6 6 6 6 8 8 8 6 6 8 12 13
10 11 15 17 14 9 7 10 6 8 8 8 10 12 9 9 9 9 9 9 
>R28_A70_Premixed PHD_FILE: R28_A70_Premixed.phd.1
6 6 6 6 6 7 10 6 6 6 6 6 6 8 8 8 6 6 8 8 8 8 8 8 8
8 8 25 22 16 12 11 8 10 10 10 10 11 20 21 23 23 23
23 19 15 15 19 32 33 33 37 37 37 48 48 48 47 47 50
50 50 50 50 50 59 59 59 57 50 53 50 50 50 50 54 54
54 50 50 50 50 50 48 48 48 50 57 57 57 68 59 57 57
68 68 68 68 68 68 68 59 59 59 57 57 57 57 68 68 57
57 57 57 59 59 59 59 68 68 68 68 68 68 68 68 68 68
68 68 68 68 68 68 57 57 57 57 57 57 59 68 68 68 68
68 68 68 68 68 68 68 68 68 68 68 68 68 68 68 68 68
68 68 68 68 68 68 68 68 68 68 68 68 68 68 68 68 68
68 68 68 68 68 68 68 68 68 68 68 68 68 68 68 68 68
68 68 68 68 68 68 68 68 68 68 68 68 68 68 68 68 68
68 68 68 68 68 68 62 62 62 62 62 62 62 62 62 62 62
62 68 68 68 68 62 62 62 62 62 62 68 68 68 68 68 68
68 68 68 62 68 68 68 62 62 62 62 62 62 62 62 62 62
62 62 62 62 62 62 62 62 62 62 62 62 62 62 62 62 62
62 62 62 68 68 68 68 68 62 62 62 62 62 62 62 68 62
62 62 62 62 52 52 62 62 62 68 62 62 62 62 62 62 62
68 68 68 62 62 62 62 62 62 62 62 62 62 62 62 62 62
62 62 62 62 62 62 62 62 62 62 62 62 62 62 62 62 62
52 62 62 62 62 62 62 62 62 62 62 62 62 62 62 62 62
62 62 62 62 62 62 62 52 52 52 62 62 62 62 62 62 62
62 62 62 62 62 62 62 62 62 62 62 45 52 52 62 62 62
62 62 62 62 62 62 62 62 62 62 62 68 68 62 62 62 62
62 62 62 62 62 62 62 62 62 62 62 62 62 68 62 62 62
62 62 62 62 62 62 62 62 62 62 62 62 62 68 62 62 62
62 62 62 62 62 62 62 62 68 62 62 62 62 62 62 59 59
59 59 52 52 52 57 57 57 57 57 59 59 59 57 57 57 59
59 59 59 59 59 59 59 59 59 59 57 57 57 57 57 59 59
57 57 57 52 52 52 57 52 52 52 59 59 57 57 52 52 43
50 43 43 52 52 52 54 59 59 59 57 52 52 52 52 52 57
52 54 54 59 59 57 57 57 43 44 43 50 43 48 48 50 50
54 57 57 57 54 48 48 48 47 47 44 44 43 47 47 59 47
43 44 44 57 57 57 57 57 57 57 44 44 43 44 43 43 46
57 57 57 57 48 48 43 43 43 48 48 48 46 43 43 43 43
32 32 25 30 30 42 42 46 43 43 43 40 40 28 28 20 28
28 43 47 48 48 43 43 40 39 39 39 39 39 36 32 32 30
26 26 39 59 41 41 37 39 32 34 36 37 24 24 17 17 17
26 26 31 32 27 31 36 37 35 39 37 39 36 36 28 34 28
28 28 28 28 35 39 34 47 35 35 35 35 29 30 28 25 25
28 22 16 18 14 15 15 32 32 41 41 34 34 28 30 30 27
27 31 25 25 31 28 36 31 31 24 24 31 25 31 31 31 35
35 35 32 27 22 24 24 22 23 30 28 27 30 22 28 28 30
30 23 22 22 28 28 35 35 36 28 26 17 14 14 15 27 34
34 31 24 31 21 21 21 24 24 25 17 12 11 14 14 16 16
22 19 19 20 18 14 14 14 22 19 25 31 28 32 15 15 11
12 12 17 14 12 12 12 12 12 19 16 13 10 11 11 13 13
19 16 11 9 9 9 10 13 19 24 16 15 15 19 15 10 10 8 14
8 10 12 22 24 24 20 23 13 13 9 9 9 12 11 13 14 12 12
15 15 18 22 21 22 24 25 22 11 8 8 8 14 15 9 10 10 15
15 24 24 21 21 12 13 12 16 19 18 18 11 12 11 11 11
11 13 13 20 20 20 28 21 12 12 11 11 16 12 12 12 11
9 9 9 9 11 16 16 22 22 9 9 8 8 8 8 10 13 10 15 14 14
11 12 10 10 10 9 9 9 9 9 12 12 12 14 13 14 19 18 18
14 12 11 8 8 8 8 10 9 9 10 12 13 28 28 23 11 9 9 9
9 11 15 18 12 12 11 11 11 10 9 9 8 7 7 9 11 14 12 11
11 11 11 10 10 10 10 10 10 8 9 8 8 8 8 8 8 9 9 15 10
11 8 7 7 7 10 10 9 9 9 9 9 8 8 8 8 9 10 11 13 11 8
8 8 8 8 8 10 10 12 12 11 10 10 9 10 8 6 6 6 8 9 8 8
8 8 8 8 8 6 6 6 6 10 10 10 10 10 9 10 11 11 11 11 10
11 7 7 7 9 9 8 12 12 13 10 10 10 10 10 12 12 18 9 9
8 8 8 8 8 8 8 6 6 6 9 8 8 8 9 8 8 10 11 10 10 10 9
9 11 9 8 8 9 8 8 8 10 9 8 8 8 8 8 12 10 11 9 10 10
8 8 8 10 13 8 8 8 8 8 8 8 8 8 9 8 8 10 19 17 13 8 8
8 8 7 8 6 6 6 6 10 8 8 8 8 8 8 11 13 8 8 6 7 6 6 6
9 9 9 8 8 8 8 8 8 13 10 10 10 12 15 18 10 8 8 8 8 8
6 6 6 6 6 8 10 14 16 16 11 9 9 6 6 6 6 6 7 11 15 15
15 20 12 8 7 7 6 8 8 8 8 8 8 8 8 6 6 6 6 6 6 8 8 8
10 8 6 6 6 6 11 15 19 13 8 8 8 8 8 9 10 14 13 11 10
8 6 6 6 6 6 9 14 11 12 11 8 6 6 6 6 6 11 11 9 12 12
12 13 19 28 20 20 14 14 6 6 6 6 6 6 10 8 8 9 9 9 7
9 10 10 10 12 13 15 13 14 8 8 6 7 6 6 9 9 10 14 17
19 22 18 17 10 10 10 8 8 6 6 6 6 6 6 6 6 9 8 9 8 6
6 6 6 6 6 7 6 6 6 8 6 8 7 7 7 8 8 6 6 6 6 6 6 6 7 13
16 15 15 10 10 8 8 6 8 8 6 9 9 9 9 9 3 0 3 6 8 8 6
6 9 8 8 8 8 8 8 8 8 
>R29_A70_Premixed PHD_FILE: R29_A70_Premixed.phd.1
8 8 8 9 8 8 8 8 8 8 8 8 8 8 8 9 9 10 10 15 11 11 10
16 22 34 25 17 17 12 19 14 12 12 14 14 20 19 21 23
20 23 15 17 17 22 39 39 41 42 50 50 50 48 48 47 39
47 47 50 50 50 50 57 57 59 59 59 59 59 59 59 50 54
54 54 54 54 57 54 54 54 54 54 54 59 59 57 59 59 59
57 68 68 68 68 68 68 68 57 57 57 57 57 57 57 57 57
57 57 57 57 57 57 59 59 68 59 59 57 57 57 57 57 68
68 68 68 68 68 68 68 57 57 57 57 57 57 59 68 68 68
68 68 68 68 57 57 57 57 57 57 57 57 57 57 57 59 59
68 68 68 68 50 44 35 31 31 33 44 44 68 68 68 68 68
59 59 39 39 39 59 59 68 68 68 68 68 68 57 57 39 41
35 41 39 59 59 68 44 44 35 35 35 35 35 35 39 39 59
59 68 68 68 68 68 68 68 68 68 68 68 68 68 68 68 68
68 68 62 62 68 62 62 62 62 62 62 62 62 68 68 62 62
62 62 62 62 62 62 62 62 62 62 62 62 62 62 62 62 62
68 62 62 62 62 62 62 62 62 62 62 62 62 62 62 62 62
62 62 62 62 68 68 68 68 68 62 62 62 62 62 62 62 62
62 62 62 62 62 62 62 62 62 62 62 62 62 62 62 62 62
62 62 62 62 62 62 62 62 62 62 62 62 62 62 62 62 62
62 62 62 62 62 62 62 62 62 62 62 62 62 62 62 62 62
62 62 62 62 62 62 68 62 62 62 62 62 62 62 68 68 68
68 62 62 62 62 62 62 62 52 52 52 62 62 62 62 62 62
62 62 62 62 62 62 62 62 62 62 62 62 52 52 52 62 62
62 62 62 62 68 62 62 62 62 62 62 62 62 62 62 62 62
62 62 68 62 62 62 62 62 62 62 62 62 62 62 62 62 62
62 62 62 62 62 62 62 62 62 62 62 62 62 62 62 62 62
62 62 62 62 62 62 62 68 68 68 68 62 62 62 62 62 59
59 59 59 57 57 57 57 57 57 57 57 59 59 59 59 59 59
59 59 59 59 59 59 57 59 59 59 59 57 59 57 57 57 59
59 59 57 57 57 57 57 57 57 57 57 59 59 57 52 52 52
52 52 52 52 52 52 52 54 59 59 59 57 59 59 54 57 57
59 57 57 57 57 59 59 59 59 54 57 50 59 50 57 54 57
54 54 57 57 57 54 54 54 57 57 57 48 48 48 57 57 44
44 43 44 44 57 57 57 59 59 59 59 57 57 48 57 48 57
57 57 57 57 57 57 57 48 48 48 57 59 48 48 46 43 43
59 32 32 30 32 32 43 42 48 48 57 48 47 47 34 34 25
34 34 43 59 57 57 57 59 48 48 48 46 46 46 41 41 41
41 32 32 43 59 47 47 43 41 37 37 39 39 28 30 25 25
25 32 32 37 47 39 48 48 47 47 46 39 43 43 37 33 43
36 43 43 43 43 48 48 59 59 41 40 40 39 39 39 39 37
32 36 37 32 32 28 30 30 37 37 48 48 47 47 35 35 35
47 43 41 41 41 37 34 41 41 43 43 41 35 31 31 31 31
39 43 37 35 31 31 32 32 28 31 39 32 34 36 31 35 36
34 34 30 28 28 34 37 41 43 46 39 34 32 28 24 25 34
39 35 31 31 35 28 28 28 28 29 28 33 27 27 33 28 34
32 32 26 26 26 22 20 20 26 32 32 32 36 37 37 25 24
15 19 19 20 22 27 27 32 28 23 18 16 9 11 11 17 16 22
30 19 20 17 15 14 17 21 24 20 20 14 13 21 21 30 30
23 22 18 16 14 10 10 10 13 19 15 15 9 8 8 8 12 12 14
16 16 18 18 16 18 25 22 22 22 22 22 19 13 12 9 9 9
16 10 18 17 21 15 15 14 15 14 15 15 21 22 22 17 10
10 10 10 9 9 9 9 11 12 20 20 17 12 16 11 11 11 12 12
12 11 9 9 9 9 10 13 13 10 10 10 15 16 20 18 23 12 16
16 11 10 10 10 10 17 16 18 14 15 18 11 11 12 16 15
20 17 15 13 16 11 14 16 19 19 16 14 12 10 8 8 9 8 10
10 9 10 8 8 8 8 8 14 13 19 11 11 11 12 11 12 12 10
10 10 11 10 10 10 12 9 8 8 8 8 8 12 13 14 12 13 11
11 11 11 15 19 23 18 14 13 8 8 8 8 8 8 10 9 9 10 10
10 10 9 10 10 11 11 10 12 10 9 9 8 8 8 8 8 8 10 13
10 11 9 8 8 8 8 8 8 8 8 8 8 10 8 8 8 8 8 8 9 9 9 9
8 8 8 8 8 8 7 7 6 8 8 8 9 9 9 9 9 9 8 10 9 10 8 8 8
8 8 8 8 8 8 8 8 8 8 8 8 6 6 6 6 6 6 6 7 9 10 10 9 9
9 9 10 10 10 8 6 6 6 6 6 11 11 11 15 12 12 11 10 10
9 10 10 10 10 10 10 10 10 11 11 11 11 12 14 23 20 11
19 12 10 9 9 10 9 9 9 9 8 8 8 8 6 6 6 6 6 6 11 9 8
6 6 6 6 6 7 10 7 6 6 6 6 8 10 15 12 12 12 15 15 14
13 11 11 11 10 10 10 9 8 8 8 8 9 9 15 13 10 6 6 6 6
6 7 8 8 8 9 9 9 14 15 20 13 10 8 10 8 8 9 9 9 13 10
8 6 6 6 6 8 8 11 11 11 13 10 10 9 9 9 7 7 6 6 6 6 8
8 9 8 8 12 7 7 7 7 7 8 16 12 8 8 7 7 6 6 6 6 8 6 6
6 6 8 10 14 21 11 13 13 20 13 8 7 7 6 7 8 8 8 6 10
6 6 6 12 8 9 8 8 8 8 8 8 8 8 8 8 8 8 8 10 9 9 9 8 8
8 8 8 8 10 9 9 8 8 8 8 8 8 8 6 6 6 8 8 9 9 8 8 8 8
8 8 8 8 8 8 8 8 8 9 10 10 10 12 11 13 8 8 8 8 8 10
10 9 9 9 12 14 12 15 8 7 7 8 10 15 18 9 7 7 8 8 8 6
6 13 14 12 12 30 30 17 17 9 9 9 13 12 11 10 8 8 8 8
8 
>R30_A70_Premixed PHD_FILE: R30_A70_Premixed.phd.1
6 6 6 6 6 7 6 6 7 6 6 6 6 8 6 8 8 8 10 10 16 15 14
14 22 24 30 25 20 20 14 22 14 10 10 10 13 20 19 23
23 23 23 16 15 15 19 32 33 33 33 33 33 50 50 48 47
39 47 47 50 50 50 50 57 57 59 59 59 59 59 59 59 57
57 57 57 54 54 54 48 50 50 54 50 50 57 57 57 68 59
59 57 68 68 68 68 68 57 59 59 59 57 57 57 57 57 57
57 57 57 54 57 59 59 59 59 68 68 68 68 68 68 68 68
68 68 68 68 68 68 68 68 57 57 57 57 57 57 59 68 68
68 68 68 68 68 68 68 68 68 68 68 68 68 68 68 68 68
68 68 68 68 68 68 68 68 68 59 59 59 68 68 68 68 68
68 68 68 68 68 68 68 68 68 68 68 68 68 68 68 68 68
68 68 68 68 68 68 68 68 68 68 68 68 68 68 68 68 68
68 68 68 68 68 68 68 68 68 68 68 68 68 68 68 68 68
68 68 68 68 68 68 68 68 68 68 68 68 68 68 68 68 62
62 62 62 62 62 62 62 62 62 62 62 62 68 68 62 62 62
68 68 68 68 68 68 62 62 62 62 62 62 62 62 62 62 62
62 62 62 62 62 68 68 68 68 68 68 68 68 68 68 62 62
62 62 62 62 62 62 62 62 62 62 62 68 68 62 62 68 68
68 68 68 68 68 62 62 62 62 62 68 62 62 62 62 62 62
62 68 68 68 68 68 62 62 62 62 62 62 62 62 62 62 62
62 62 62 62 62 62 62 62 62 62 62 62 62 62 62 68 68
68 68 68 68 68 68 68 62 62 62 62 62 62 68 68 68 68
68 68 68 68 68 68 68 68 68 62 62 62 62 62 62 62 62
62 62 62 62 62 68 62 62 62 62 62 62 62 62 68 68 68
68 62 62 62 62 62 62 62 62 62 62 62 62 62 62 68 68
68 62 62 62 62 62 62 68 68 68 68 68 68 68 68 68 68
68 62 62 62 62 62 62 62 68 68 68 68 68 68 68 68 68
68 68 62 62 62 62 62 62 57 57 57 57 59 68 68 68 68
68 68 68 68 68 68 68 68 68 68 59 59 59 59 59 59 59
59 59 59 59 59 59 59 59 59 59 59 59 59 59 59 59 59
57 57 57 57 57 57 57 57 68 68 59 59 59 59 59 57 59
59 59 59 59 59 59 59 59 57 57 54 54 52 57 59 59 59
59 59 68 59 57 57 57 57 57 57 57 57 54 54 54 57 57
57 57 48 54 54 57 59 59 59 59 59 59 57 57 57 59 57
57 59 59 59 68 68 59 59 57 57 57 59 59 59 59 57 57
57 59 59 59 47 48 48 57 57 54 54 57 57 57 57 42 42
35 39 39 57 59 59 59 59 59 48 48 48 59 59 59 48 48
48 48 48 41 47 41 41 41 41 41 37 41 41 43 47 47 32
35 35 37 37 46 46 46 48 48 48 48 59 59 59 43 43 43
59 43 48 48 48 48 48 48 48 48 47 47 47 47 47 59 41
37 37 41 41 37 39 36 39 39 47 47 48 59 59 47 40 40
40 41 39 41 41 41 37 37 41 43 47 47 41 37 29 29 29
29 37 43 41 41 39 47 36 35 31 32 39 34 34 35 32 38
41 30 30 28 22 22 30 34 41 41 46 39 34 18 16 14 14
22 28 32 29 29 37 37 37 37 37 41 32 29 29 27 31 30
37 37 41 34 37 43 43 36 24 20 22 19 19 25 37 37 25
25 17 18 18 26 26 27 22 24 23 23 22 10 13 8 8 8 17
22 35 18 20 12 12 12 16 21 30 37 28 24 14 14 12 22
18 19 19 19 28 27 25 26 21 21 15 15 15 14 14 14 15
22 22 17 10 11 14 14 16 18 13 9 9 9 15 14 15 15 16
16 21 26 18 22 18 20 18 28 30 28 32 31 32 19 24 24
18 18 11 11 11 11 11 11 18 23 31 24 19 24 18 15 13
15 12 13 13 12 12 11 11 9 11 9 11 13 10 9 9 9 9 9 9
8 10 10 10 10 10 10 8 9 8 14 14 15 28 21 21 18 15 21
11 12 14 13 16 17 15 8 8 8 8 8 8 9 11 10 10 13 18 13
14 14 14 13 12 12 12 9 9 10 10 12 12 10 10 10 10 11
11 11 10 10 9 8 8 8 8 8 8 8 11 11 11 11 11 11 8 9 10
9 8 8 8 8 8 10 10 18 10 8 8 8 8 8 9 9 9 13 11 11 11
11 10 10 10 11 9 9 9 10 9 9 9 9 9 6 8 6 7 6 8 8 8 9
9 9 8 8 9 9 9 9 9 9 8 8 8 8 6 6 6 6 6 6 9 9 9 9 9 9
9 9 9 9 7 8 8 8 8 8 9 10 10 11 9 8 8 8 8 8 8 8 10 13
19 10 8 8 8 8 8 8 9 9 9 12 9 12 12 11 10 8 8 8 8 8
8 10 9 8 8 6 8 6 6 6 10 8 8 8 8 8 8 8 8 8 8 8 8 8 8
8 12 11 12 12 24 19 25 19 17 6 6 6 6 6 8 10 9 8 11
8 8 8 8 8 8 8 8 8 8 8 8 8 8 12 9 9 9 7 6 6 6 7 6 10
18 19 20 19 11 13 8 8 8 8 9 13 10 10 6 11 8 8 8 8 8
6 6 6 6 11 10 9 6 6 7 7 6 6 11 21 10 9 9 9 9 9 9 17
22 28 23 12 9 9 9 8 8 8 8 7 7 8 8 8 8 10 12 14 20 17
10 10 9 9 10 9 9 11 14 17 13 12 18 14 12 13 10 10 9
9 13 14 12 10 10 10 9 9 7 7 7 6 6 6 7 7 9 9 10 10 10
6 6 6 6 6 8 8 8 8 6 6 6 6 6 6 9 13 14 18 12 11 11 6
8 6 7 7 8 9 9 9 9 9 11 13 13 9 8 8 8 6 8 6 6 6 6 6
6 6 8 8 8 10 11 12 8 6 6 6 6 6 6 8 8 8 8 8 9 9 10 10
7 6 6 6 8 8 8 8 8 11 11 11 8 12 8 10 9 10 6 6 6 6 6
6 8 6 6 6 6 6 
>R31_A70_Premixed PHD_FILE: R31_A70_Premixed.phd.1
9 9 9 9 11 11 12 9 6 6 8 8 8 10 11 11 8 6 6 9 14 15
15 15 15 27 30 19 15 11 9 9 14 11 11 12 13 20 25 28
29 29 28 28 24 24 28 37 39 41 42 42 42 48 48 48 47
47 38 42 36 36 37 37 48 48 48 50 57 59 59 59 59 57
57 68 68 57 57 57 48 42 48 48 50 50 57 57 57 57 57
59 57 68 68 68 68 68 68 68 59 59 59 57 57 57 57 57
57 57 57 57 57 59 59 59 57 57 57 57 57 57 57 57 57
57 57 57 57 57 57 68 68 57 57 50 50 43 57 57 59 59
59 59 59 57 57 57 57 57 57 68 57 57 57 57 57 57 57
57 57 57 57 59 59 57 57 57 59 59 59 68 68 68 68 68
68 57 59 59 59 57 57 59 59 59 68 68 68 68 68 68 59
59 59 59 57 57 57 57 68 68 59 68 68 68 68 68 68 68
68 68 59 59 57 57 57 57 62 62 62 62 62 62 62 62 62
62 62 62 62 62 62 62 62 62 62 62 62 62 62 62 62 62
62 62 62 62 62 62 62 62 62 62 62 62 62 62 62 62 62
62 62 62 62 62 62 62 62 62 62 62 62 62 62 62 62 62
62 62 62 62 62 62 62 62 62 62 62 62 62 62 62 62 62
62 62 62 62 62 62 62 62 62 62 62 62 62 62 62 62 62
62 62 62 62 62 62 62 62 62 62 62 62 62 62 62 62 62
62 62 62 62 62 62 62 62 62 62 62 62 62 62 62 62 62
62 62 62 62 62 62 62 62 62 62 62 62 62 62 62 62 62
62 62 62 62 62 62 62 62 62 62 62 62 62 62 62 62 62
62 62 62 62 62 62 62 62 62 62 62 62 62 62 62 62 62
62 62 62 62 62 62 62 62 62 62 62 62 62 45 45 52 62
62 62 62 62 62 62 62 62 52 52 52 62 62 62 62 62 62
62 62 62 62 62 62 62 62 62 62 62 62 62 62 62 62 62
62 62 62 62 62 62 62 62 62 62 62 62 62 52 52 52 62
62 62 52 52 62 62 62 62 62 62 62 62 62 62 62 62 62
62 62 62 62 62 62 62 62 62 62 62 62 62 62 62 62 62
52 52 52 52 52 62 62 62 62 62 62 62 62 62 62 62 62
62 62 62 62 62 62 62 62 57 57 57 59 59 59 57 57 57
35 35 35 43 43 57 57 57 57 52 52 57 57 57 57 59 57
59 57 57 57 57 57 57 57 57 57 57 57 57 59 59 57 57
57 57 57 57 57 52 52 43 52 52 59 57 57 52 52 52 57
59 59 57 57 57 57 57 57 57 57 57 52 52 52 52 52 59
59 59 59 47 47 47 50 50 57 43 50 50 50 44 48 59 48
47 47 57 59 59 47 47 43 43 37 57 57 57 57 57 57 43
43 43 43 43 43 57 57 57 57 57 57 54 48 48 48 47 47
43 43 48 47 57 57 57 57 57 57 57 48 43 43 43 43 43
48 48 57 59 48 48 48 57 57 48 48 48 48 48 43 43 43
47 43 59 47 47 59 59 59 41 41 37 37 41 37 47 36 36
39 39 41 47 47 41 37 32 29 29 31 27 39 32 28 28 31
32 41 43 41 37 37 41 41 41 41 32 37 41 41 41 37 37
32 29 29 32 37 37 30 25 25 21 22 20 19 20 34 34 37
36 41 41 37 39 41 41 34 29 24 28 22 20 18 30 31 34
37 37 21 28 13 13 12 13 11 25 25 37 35 35 25 24 18
23 15 21 22 25 31 25 22 13 16 16 26 28 28 22 20 14
14 14 15 19 17 19 21 25 23 24 19 24 28 30 32 31 31
34 29 24 21 21 21 17 20 19 12 11 11 11 13 17 12 14
14 15 19 23 20 18 13 10 8 8 8 9 11 12 13 14 13 17 15
11 9 9 9 9 9 9 11 8 8 8 8 9 10 9 9 8 8 8 8 8 9 11 23
12 10 10 11 10 11 13 11 11 10 10 12 15 13 13 10 11
11 16 11 12 12 12 12 9 10 8 8 8 8 9 9 11 12 12 14 13
12 12 11 11 11 9 9 9 10 14 10 15 12 12 12 10 9 9 9
9 9 10 12 15 19 13 8 8 8 9 11 11 11 24 18 10 10 8 8
8 8 8 10 10 9 9 9 13 13 22 12 11 8 8 8 10 13 15 12
13 11 10 8 8 8 14 8 8 8 8 8 8 8 9 9 10 9 8 8 8 8 10
9 11 11 12 12 23 21 12 12 9 10 9 9 9 10 10 10 8 8 8
8 8 8 8 8 9 11 8 8 8 8 8 8 11 10 10 8 8 9 9 8 8 8 8
8 8 9 16 16 11 9 9 9 10 10 11 15 9 9 9 8 8 8 8 8 8
11 11 11 12 8 8 8 8 8 8 8 8 8 9 8 8 8 8 8 8 9 9 9 10
10 6 6 7 7 6 6 9 9 8 8 8 8 8 8 8 8 8 8 10 8 8 8 9 9
8 8 8 8 6 7 7 6 6 6 8 8 8 9 8 8 9 9 10 10 11 6 6 6
6 6 6 10 9 9 9 10 10 9 8 8 7 7 7 8 8 9 9 8 6 8 8 8
6 8 6 7 6 6 9 9 10 10 8 8 8 13 14 8 8 8 8 8 8 9 9 9
6 6 6 7 7 7 8 10 11 13 14 14 10 12 10 15 11 9 11 11
11 9 9 11 10 9 9 11 9 10 8 8 8 8 8 9 9 8 8 9 8 8 6
6 6 6 6 8 8 7 8 8 8 9 14 17 10 10 10 10 10 8 8 8 6
8 8 6 6 6 8 9 9 9 9 10 8 10 8 8 8 6 7 6 8 6 8 8 8 8
9 11 8 8 8 8 10 10 10 8 8 8 8 9 8 8 8 7 7 7 8 17 15
7 9 9 10 13 18 16 13 9 9 10 10 10 16 13 15 11 8 8 8
8 9 8 8 8 8 8 8 10 11 9 8 10 8 8 8 8 8 8 8 8 10 8 8
8 8 11 9 9 10 9 9 9 10 10 10 10 8 8 8 8 8 6 6 6 7 7
10 8 8 8 8 8 6 6 8 6 8 8 8 9 11 11 8 6 6 6 6 6 8 9
9 9 9 
>R32_A70_Premixed PHD_FILE: R32_A70_Premixed.phd.1
8 8 8 8 8 8 8 8 8 8 8 6 6 6 6 6 8 10 9 10 8 8 8 6 7
6 8 8 9 8 12 10 10 12 19 19 25 14 14 19 19 22 17 17
17 21 19 20 20 21 21 24 39 39 30 28 28 33 34 34 34
37 37 57 57 59 57 50 53 53 53 53 48 54 54 54 48 48
48 48 68 43 43 47 47 43 44 44 54 54 57 57 57 68 68
68 68 68 68 68 68 68 68 68 68 68 68 68 48 48 37 42
42 59 59 48 48 48 59 59 68 68 68 68 68 68 68 68 68
68 68 68 68 68 68 68 68 43 59 48 52 52 59 57 68 68
68 68 68 68 68 68 68 68 68 68 68 68 68 68 68 68 68
68 68 68 68 68 68 68 68 68 68 68 68 68 68 59 59 45
57 57 59 59 68 68 68 68 68 68 68 68 68 68 68 68 68
68 68 68 68 68 68 68 68 68 68 68 68 68 68 68 68 68
68 68 68 68 68 68 68 68 68 68 68 68 68 68 68 68 68
68 68 68 68 68 68 68 68 68 68 68 68 68 68 68 68 68
68 68 68 68 68 68 68 68 68 62 62 68 68 68 68 68 68
62 62 62 62 62 62 62 62 62 62 62 62 68 62 62 62 62
68 68 68 68 68 68 68 68 68 68 68 68 68 68 68 62 62
62 52 52 62 62 62 68 68 62 62 62 62 62 62 68 68 68
68 68 68 68 68 68 62 62 62 68 68 62 62 68 62 62 62
62 62 62 62 62 62 62 62 62 62 62 68 68 68 68 68 68
68 68 68 68 68 68 68 68 68 68 68 68 68 68 68 68 68
68 68 62 62 62 62 62 62 62 68 68 62 62 62 62 62 62
62 68 68 68 62 62 62 62 62 62 62 62 62 68 68 68 68
68 68 68 68 68 68 68 68 68 68 68 68 68 68 68 68 68
68 68 68 68 68 68 68 68 68 68 68 68 68 68 68 68 68
68 68 68 68 68 68 68 68 68 68 68 68 68 68 68 68 68
68 68 68 68 68 68 68 68 68 68 68 68 68 68 62 62 62
62 62 62 62 68 68 68 68 68 68 68 68 68 68 68 68 68
68 68 68 68 68 62 62 62 62 62 62 62 62 62 68 62 62
62 62 62 62 62 62 62 62 62 62 59 59 57 57 57 57 57
57 59 59 59 59 59 59 59 59 59 57 59 59 59 59 59 59
59 59 59 57 57 57 57 57 57 59 59 59 59 59 59 59 59
59 59 59 59 59 59 59 57 57 52 59 59 57 57 52 54 54
57 59 59 59 59 59 59 59 59 54 57 54 57 59 59 59 59
59 57 57 48 50 50 59 59 59 57 57 54 54 59 59 59 43
44 44 59 57 54 54 57 57 57 57 42 42 35 42 42 57 57
57 57 57 57 54 48 48 57 57 57 54 47 47 47 47 47 59
59 57 57 54 57 54 54 48 48 41 41 35 35 35 39 39 43
47 47 48 48 48 48 48 47 47 43 40 39 59 39 43 43 43
43 48 48 47 48 47 47 46 47 47 43 37 31 28 32 32 34
34 28 30 30 43 43 48 48 47 47 35 37 37 39 39 41 41
41 43 47 47 41 41 41 41 35 31 31 31 31 39 43 37 39
39 37 36 32 29 29 32 31 31 34 31 35 36 34 34 28 31
31 33 33 37 40 40 39 34 28 28 24 24 34 43 37 32 31
41 37 37 33 35 27 27 30 25 25 32 31 37 37 37 29 29
32 37 32 25 25 37 31 31 35 37 37 29 29 17 17 17 24
24 28 28 30 28 23 20 20 24 28 30 35 37 36 35 24 28
23 19 17 18 22 25 34 31 28 25 30 30 33 34 31 31 31
35 35 31 29 32 31 35 29 32 23 20 20 25 21 27 21 17
17 18 18 17 27 30 25 25 37 37 37 31 25 27 27 28 27
25 37 31 32 31 35 35 35 37 39 37 29 29 32 30 28 18
23 14 15 15 19 28 34 27 19 19 22 27 30 28 28 28 31
28 19 21 12 12 12 14 18 25 34 34 37 36 31 31 24 24
24 22 19 22 22 22 18 23 18 16 20 13 16 11 13 15 22
15 11 11 9 9 9 12 21 24 17 17 19 11 11 10 8 8 8 8 8
9 8 14 15 30 25 25 14 17 10 10 10 10 13 13 12 12 16
13 17 11 11 10 11 10 12 11 9 9 8 8 10 8 8 8 9 9 9 9
9 9 9 9 8 8 8 8 8 9 12 13 13 10 10 10 9 10 9 13 9 8
8 8 8 8 11 10 12 13 10 12 10 10 9 8 8 8 8 9 8 8 8 9
8 8 8 8 8 8 8 11 9 9 9 9 9 10 11 11 11 11 11 10 10
10 8 8 8 8 8 8 9 10 9 8 8 8 8 9 11 8 8 10 8 9 9 9 9
11 14 29 32 19 7 7 6 6 6 6 10 9 10 12 15 17 14 18 12
9 8 8 8 8 8 10 9 9 8 8 8 8 10 9 8 8 6 6 6 6 6 6 8 8
8 8 8 8 8 8 10 9 11 11 12 8 8 8 8 8 8 8 8 8 8 8 8 15
19 25 39 32 31 24 23 7 7 7 7 6 10 8 9 10 11 13 13 10
10 11 9 8 8 8 8 8 9 11 11 9 9 10 9 6 6 6 6 6 6 8 8
8 8 8 8 8 9 7 7 7 8 8 8 8 8 8 12 17 27 13 11 6 6 6
6 6 6 8 8 8 8 8 8 8 8 9 9 12 15 15 15 10 10 9 10 9
7 6 6 6 6 8 8 8 8 8 8 8 8 9 12 10 8 6 6 6 7 8 11 11
11 9 10 10 12 8 8 6 6 6 11 13 9 10 10 13 12 8 8 8 8
8 6 7 7 8 9 9 11 11 8 8 7 8 8 8 9 11 11 13 11 6 6 6
6 6 6 6 6 6 6 6 6 6 6 6 8 6 6 6 6 9 9 9 6 6 6 6 6 6
8 8 8 6 6 6 6 6 7 21 23 25 32 18 13 8 8 8 8 8 8 8 10
10 6 6 6 6 6 6 6 6 7 6 8 8 8 6 6 6 8 8 8 8 6 6 6 7
6 6 6 6 6 9 8 8 8 8 8 8 11 7 6 6 6 7 9 9 9 9 9 6 6
6 6 6 7 11 18 30 25 11 15 9 9 8 7 6 6 7 7 7 7 
>R33_A70_Premixed PHD_FILE: R33_A70_Premixed.phd.1
6 6 6 6 8 8 8 9 9 9 9 8 6 6 6 6 8 8 8 10 7 7 7 7 6
9 9 9 9 8 13 10 10 12 19 19 24 14 14 19 19 19 17 15
15 19 19 20 20 19 19 19 37 37 35 28 28 29 29 35 36
37 50 59 59 48 48 57 59 59 59 59 48 54 54 54 48 48
54 54 68 43 43 39 39 39 44 59 54 54 57 57 57 68 68
68 68 68 68 59 68 68 68 68 68 68 68 68 48 43 37 37
42 59 59 57 57 57 59 59 68 68 68 68 68 68 68 68 68
68 68 68 57 57 57 57 57 50 59 48 52 52 59 59 68 68
68 68 68 68 68 68 68 68 68 68 68 68 68 68 68 68 68
68 68 68 68 68 68 68 68 68 68 68 68 68 68 68 68 68
68 68 68 68 68 68 68 68 68 68 68 68 68 68 68 68 68
68 68 68 68 68 68 68 68 68 68 68 68 68 68 68 68 68
68 68 68 68 68 68 68 68 68 68 68 68 68 68 68 68 68
68 68 68 68 68 68 68 68 68 68 68 68 68 68 68 68 68
62 68 68 68 68 68 68 68 68 62 62 62 62 68 68 68 68
62 62 62 62 62 62 62 62 62 62 62 62 62 62 62 62 62
68 68 68 68 68 68 68 68 68 68 68 68 68 68 68 62 62
62 62 62 62 62 62 68 68 62 62 62 62 62 62 68 68 68
68 68 68 68 68 68 62 62 62 62 62 62 62 68 62 62 62
62 62 62 62 62 62 62 62 62 62 62 68 62 62 62 62 62
62 62 68 62 62 62 62 62 62 62 68 62 62 62 62 62 62
62 68 62 62 62 62 62 62 62 68 62 62 62 62 62 62 62
62 68 68 68 62 62 62 62 52 52 52 62 62 62 62 62 62
62 62 62 62 62 68 68 68 68 68 62 62 62 62 62 62 62
62 62 62 62 62 62 62 62 62 68 62 62 62 62 62 62 62
62 62 62 62 62 62 62 62 62 62 62 62 62 62 62 62 62
62 62 62 62 62 68 62 62 62 62 62 62 59 59 59 59 57
57 57 59 57 57 57 57 59 59 59 59 59 57 59 57 57 57
59 59 59 59 57 57 57 57 57 57 57 57 59 59 57 57 57
52 52 52 57 57 57 57 59 59 57 52 52 52 52 52 52 52
52 57 57 57 57 57 57 54 57 57 52 57 57 57 52 54 54
57 59 57 57 57 43 43 43 43 43 50 50 47 47 48 57 50
50 48 48 48 48 42 42 37 37 37 42 47 44 44 42 43 43
46 46 54 57 54 47 47 44 44 43 44 43 43 46 57 48 48
48 43 43 39 43 43 43 43 43 43 43 43 43 46 37 37 30
30 30 40 40 43 43 43 43 39 39 28 28 20 28 28 39 39
43 43 39 39 35 39 39 43 59 59 36 26 26 19 18 18 32
32 37 37 37 37 32 37 37 37 32 32 23 23 23 28 22 22
28 24 28 36 37 37 39 37 37 31 31 24 29 30 32 32 32
32 35 39 37 39 39 37 37 37 31 32 25 25 20 19 17 17
21 14 14 14 30 30 39 40 30 30 23 23 23 21 24 30 25
25 29 27 33 30 28 24 24 31 25 32 32 31 33 33 28 28
22 22 23 23 20 25 21 18 14 14 14 18 23 26 26 23 19
19 23 23 24 28 28 28 26 21 16 11 10 10 10 20 15 22
30 26 23 20 20 19 22 24 19 18 20 20 23 18 15 9 8 8
8 13 11 10 9 9 10 10 13 21 15 20 23 24 21 17 12 12
12 15 15 15 11 9 8 8 8 8 10 13 22 13 16 14 10 10 14
15 23 23 19 16 11 11 11 10 12 9 11 9 9 10 10 9 9 9
10 10 16 14 14 10 11 10 9 9 9 9 14 12 20 14 11 10 10
10 10 10 9 9 9 9 15 8 8 8 8 15 11 13 13 13 13 19 15
14 12 12 12 11 11 9 9 9 9 9 10 19 19 17 20 12 10 8
8 8 8 9 10 10 9 9 7 8 8 11 12 10 12 12 12 12 9 9 8
8 8 8 11 11 11 10 8 8 8 6 8 8 8 8 10 11 10 10 10 10
9 10 12 12 11 11 11 11 11 11 10 8 8 8 9 10 11 11 11
10 10 11 10 10 14 13 13 18 20 15 15 10 10 10 10 10
8 8 8 9 12 11 11 9 9 9 9 9 9 12 13 12 11 8 8 8 8 8
8 9 9 10 15 12 10 10 10 9 9 9 9 9 8 11 11 8 6 6 6 6
6 7 7 6 8 9 9 9 9 9 9 9 9 6 6 6 6 6 6 6 8 8 8 8 8 8
6 6 6 6 6 6 6 6 8 8 8 8 8 9 9 10 9 8 8 8 8 8 9 9 14
14 27 30 9 9 6 6 6 6 9 8 11 9 10 15 8 6 6 8 8 8 7 7
7 8 11 15 13 10 8 8 8 8 8 10 8 10 10 11 8 8 8 6 6 6
8 8 8 9 10 11 6 6 6 6 6 6 8 8 8 8 8 8 8 6 6 6 6 6 7
12 11 6 6 6 6 6 8 10 19 8 6 6 6 6 6 6 6 6 6 8 10 8
8 8 8 8 10 12 15 17 8 8 8 8 8 8 10 10 9 9 9 8 8 8 9
10 10 12 13 10 14 6 8 6 6 6 8 10 13 9 10 8 8 8 8 8
8 8 9 6 6 6 6 6 6 8 11 9 11 11 11 16 11 10 10 11 11
12 13 9 9 9 9 9 10 10 9 9 9 15 9 10 14 10 10 8 8 7
7 6 6 6 6 6 6 8 8 8 15 13 8 8 8 8 8 12 10 10 9 10 8
8 6 6 6 6 6 6 8 9 9 11 11 19 32 25 20 20 20 20 14 12
12 8 8 6 8 6 6 8 8 12 10 10 12 15 15 19 10 10 6 6 6
6 6 6 6 9 9 11 11 11 10 10 10 7 7 7 8 8 6 6 6 6 6 8
10 10 11 18 18 11 11 10 8 8 8 8 8 8 9 10 8 8 8 6 6
6 6 8 6 9 6 6 6 8 8 8 10 8 8 8 8 8 8 9 8 6 6 6 8 6
8 8 8 
>R34_A70_Premixed PHD_FILE: R34_A70_Premixed.phd.1
6 6 6 7 6 6 6 7 9 9 9 9 8 10 8 8 8 8 8 8 8 8 8 8 8
8 10 10 15 13 10 8 8 8 14 9 10 10 13 20 21 23 23 21
23 19 15 15 19 32 33 33 33 33 33 44 44 47 47 47 47
47 50 50 50 50 57 57 57 57 57 57 57 57 57 53 68 68
68 68 68 68 50 50 48 54 48 50 54 57 57 68 68 68 68
68 68 68 68 68 68 68 57 57 57 57 68 68 68 68 68 57
57 54 57 59 59 59 68 68 68 68 68 68 68 68 68 68 68
68 68 68 68 68 68 57 57 57 57 57 57 59 68 68 68 68
68 68 68 68 68 68 68 68 68 68 68 68 68 68 68 68 68
68 68 68 68 68 68 68 68 68 68 68 68 68 68 68 68 68
68 68 68 68 68 68 68 68 68 68 68 68 68 68 68 68 68
68 68 68 68 68 68 68 68 68 68 68 68 68 68 68 68 68
68 68 68 68 68 68 68 68 68 68 68 68 68 68 68 68 68
68 68 68 68 68 68 68 68 68 68 68 68 68 68 68 68 68
68 68 68 68 68 68 68 68 68 68 68 68 68 68 68 68 68
68 68 68 68 68 68 68 68 62 62 62 62 62 62 62 62 68
68 68 68 68 68 68 68 68 62 62 62 62 62 62 62 62 62
62 62 62 62 62 62 62 62 68 68 68 68 68 68 68 68 68
68 68 68 68 68 68 62 62 62 62 62 62 62 62 68 68 68
68 68 68 68 68 68 68 68 68 68 68 68 68 68 62 62 62
62 62 68 68 68 62 62 62 62 62 62 62 62 62 62 62 62
62 62 68 68 68 68 68 68 68 68 68 68 68 68 68 68 68
68 68 68 68 68 68 68 68 68 68 62 62 62 62 62 62 62
68 68 62 62 62 62 62 62 62 68 68 68 62 62 59 59 57
57 57 57 57 68 68 68 68 68 59 59 59 59 68 68 68 68
68 68 68 68 68 68 68 59 59 59 59 59 59 59 59 59 59
59 68 59 59 59 59 59 59 59 59 68 68 68 68 68 59 59
59 68 68 68 59 59 59 59 59 59 59 68 68 68 59 68 68
68 68 68 68 68 59 59 54 54 54 59 59 57 57 59 59 59
59 59 59 59 59 57 57 57 59 59 59 59 59 59 59 57 59
57 57 57 59 59 59 59 59 47 47 44 57 57 57 57 59 59
48 48 43 43 43 47 46 43 48 48 48 54 59 59 57 54 48
48 48 48 48 59 48 48 48 48 59 57 59 57 43 43 43 43
39 47 47 48 48 48 48 43 43 40 40 40 39 34 34 28 24
24 34 34 39 39 35 36 36 43 43 48 48 48 43 43 43 43
39 43 39 43 47 47 48 48 48 47 47 43 43 43 47 47 48
46 46 43 43 46 32 32 25 28 28 40 34 43 43 43 43 39
39 28 28 20 28 28 37 39 43 46 39 39 35 35 35 35 28
31 35 31 31 25 22 22 34 36 41 41 41 41 32 37 37 37
25 25 18 18 18 25 20 25 34 34 36 36 35 35 39 34 34
30 30 22 28 32 33 33 32 32 36 36 29 31 33 37 36 35
31 31 29 29 24 26 20 16 21 12 12 12 28 28 39 40 34
34 25 28 28 24 24 28 24 24 32 27 33 28 28 24 24 28
24 27 27 24 31 31 30 28 19 18 14 14 14 19 23 26 22
22 20 23 23 26 26 20 18 18 24 28 30 30 30 28 26 23
20 18 18 26 31 28 22 22 28 21 24 19 20 22 23 24 20
18 28 20 23 23 28 26 31 31 24 23 15 15 14 14 14 21
32 31 30 23 23 23 23 22 24 23 23 20 18 15 13 12 10
13 13 11 10 12 13 14 19 16 12 12 14 21 30 30 28 24
22 25 25 28 22 18 20 18 12 13 10 10 10 15 15 23 28
17 17 16 16 15 18 16 12 8 3 0 3 8 7 24 28 30 28 30
31 29 11 11 13 10 8 8 8 11 12 23 23 23 24 25 27 24
21 21 15 12 12 11 11 11 12 14 16 25 20 20 28 25 19
15 12 12 12 12 12 12 11 10 10 11 11 12 15 11 10 10
11 8 7 3 0 3 8 6 10 12 10 14 10 11 13 9 9 9 13 11 11
11 14 10 9 9 9 8 8 13 13 12 10 10 10 10 9 9 10 10 8
10 8 8 9 9 12 12 12 10 10 10 9 9 8 8 7 7 8 7 7 6 7
6 6 6 6 12 11 12 11 11 10 11 10 8 8 8 8 8 8 8 9 9 9
8 8 8 8 8 8 8 8 8 8 8 8 8 8 8 9 10 10 11 15 11 10 9
9 9 6 6 6 6 6 6 10 10 9 9 9 9 9 8 8 9 8 8 7 7 7 7 7
6 6 6 6 6 6 8 8 8 8 8 8 8 8 8 8 8 8 8 8 8 15 18 9 8
6 6 6 8 16 12 8 8 8 8 9 9 15 12 11 11 11 8 8 8 8 8
8 8 8 8 8 8 10 10 10 10 10 10 9 9 9 9 11 11 8 8 8 8
9 9 9 9 9 9 6 6 6 6 6 6 6 6 6 8 8 8 8 8 8 10 8 8 8
8 15 10 9 8 8 8 8 8 8 9 9 11 15 10 11 9 9 9 9 9 9 11
6 6 6 6 6 6 8 6 6 6 6 6 6 12 8 8 8 8 8 8 8 8 6 6 6
6 6 6 8 10 12 19 12 12 17 11 9 9 9 10 9 12 10 10 10
9 9 11 7 11 6 6 6 7 10 8 8 8 8 8 8 8 8 8 9 10 10 10
15 14 16 25 22 11 9 9 9 9 11 12 11 17 10 10 9 9 9 9
8 8 9 8 10 10 14 17 10 10 10 10 11 16 16 19 14 9 9
9 9 9 10 13 19 25 13 15 9 9 9 10 8 6 6 6 6 6 6 8 7
7 6 8 8 8 8 6 6 6 6 6 6 8 8 9 9 7 9 9 12 12 17 11 8
8 8 8 8 8 6 6 6 6 8 8 11 13 11 11 6 6 6 6 6 6 9 9 10
6 6 6 6 6 6 9 9 10 8 8 8 8 8 8 10 9 9 9 9 9 14 8 6
6 6 6 6 8 8 8 8 8 8 8 8 10 6 6 6 6 6 8 8 9 9 9 6 8
6 6 6 8 8 8 8 8 8 6 6 6 6 8 6 11 8 8 8 6 6 6 6 6 
>R35_A70_Premixed PHD_FILE: R35_A70_Premixed.phd.1
6 6 6 7 7 6 6 6 6 9 9 10 9 9 8 8 8 8 8 8 10 8 6 6 6
8 8 8 8 10 10 9 11 9 14 10 11 12 14 20 21 22 23 21
23 17 17 17 21 23 23 25 26 28 26 43 43 36 28 28 33
34 36 36 37 50 59 59 48 48 48 48 50 53 53 53 54 54
54 54 54 57 57 57 43 43 48 48 39 59 59 54 54 57 57
68 68 68 68 68 68 68 57 57 57 57 68 68 68 68 68 48
48 39 43 43 59 59 54 54 54 59 59 68 68 68 68 68 68
68 68 68 68 68 68 57 57 57 57 57 57 59 57 57 54 59
57 68 68 68 68 68 68 68 68 68 68 68 68 68 68 68 68
68 68 68 57 57 52 52 52 43 52 52 52 57 57 68 68 68
68 68 68 68 68 68 68 68 68 68 68 68 68 68 68 59 59
52 52 52 59 59 68 68 68 68 68 59 59 57 57 57 59 59
47 47 35 35 35 35 31 31 31 43 43 39 41 41 43 43 52
45 43 43 41 41 41 43 43 43 35 35 35 39 43 44 35 31
31 39 39 39 62 43 52 52 43 43 35 35 35 43 43 62 62
62 52 43 43 43 43 52 44 44 31 31 35 44 43 43 43 41
41 41 43 59 62 62 62 52 52 52 62 62 62 62 52 43 43
39 43 43 43 43 52 62 43 41 41 43 43 52 52 52 52 62
62 62 52 52 45 45 45 52 43 43 41 41 39 43 43 52 52
52 62 62 43 43 41 43 43 43 43 47 47 39 39 39 43 43
62 62 62 45 43 43 35 39 39 43 43 52 62 62 52 52 52
52 52 52 52 43 43 35 35 35 39 39 39 35 35 43 43 31
29 39 29 31 31 43 43 45 45 45 47 47 43 43 39 43 39
39 39 43 43 52 52 45 45 43 43 43 45 62 44 47 43 39
18 15 15 15 21 34 41 43 43 43 35 35 35 43 41 41 41
43 43 31 31 39 43 43 39 23 19 19 28 39 43 43 43 35
39 39 43 43 43 43 23 23 19 32 32 43 43 52 52 52 52
52 52 45 45 45 52 52 52 52 45 45 43 43 43 43 35 43
43 52 43 43 35 35 35 43 43 43 35 35 35 43 43 45 43
43 35 41 31 43 43 57 52 43 43 39 43 43 52 52 57 57
57 57 57 57 52 52 57 57 52 52 43 43 39 39 39 43 43
42 42 39 33 33 42 42 33 34 41 43 43 43 35 32 32 43
43 43 52 52 52 52 52 52 52 52 52 52 52 43 43 29 29
29 38 38 43 52 52 52 52 43 43 41 41 43 43 47 43 37
37 42 43 46 48 59 59 50 44 43 42 37 35 41 35 42 42
33 33 33 42 42 42 42 41 42 35 42 42 42 42 35 35 35
42 35 32 32 30 30 36 30 30 32 36 28 25 25 30 31 31
32 30 30 30 33 37 43 43 37 37 24 24 17 22 29 32 35
32 32 32 37 40 43 37 35 37 35 37 32 23 23 23 24 32
28 28 25 32 28 28 28 23 20 24 32 28 36 39 39 40 40
37 37 35 35 37 34 34 39 39 39 37 30 30 30 32 30 32
37 28 28 20 23 23 32 30 28 34 30 20 20 20 22 22 20
20 20 20 20 23 21 23 36 28 28 23 23 23 34 32 39 35
33 31 24 19 17 19 17 27 24 24 20 18 18 24 19 24 29
32 32 28 28 35 28 28 31 24 14 15 12 12 12 15 15 15
22 22 24 20 20 20 32 32 34 28 28 20 26 23 25 19 16
19 22 19 15 18 18 19 17 19 16 18 18 20 19 25 27 22
24 17 17 17 30 24 30 30 30 30 30 32 32 31 31 35 31
31 31 24 33 28 23 19 18 12 12 12 12 12 20 20 23 23
18 17 14 14 14 14 17 18 18 18 19 25 28 18 18 11 11
11 24 24 32 35 37 37 37 37 30 13 13 9 9 9 13 16 22
19 19 17 18 20 24 23 19 17 16 15 24 16 14 14 16 16
16 23 20 20 23 18 14 14 12 12 13 16 8 8 8 8 8 8 10
9 9 9 9 8 8 8 8 8 11 11 10 10 10 8 8 9 11 13 15 16
19 12 13 9 9 9 9 9 9 9 9 9 10 20 11 11 11 12 16 15
11 10 9 9 9 10 8 8 8 8 8 8 19 15 10 10 11 10 10 10
12 17 15 11 11 11 11 9 8 8 8 10 8 8 8 8 8 8 10 10 8
10 8 8 8 8 8 8 8 8 10 10 10 7 9 9 9 9 9 9 8 8 8 8 8
9 9 9 8 8 8 8 8 8 12 11 12 7 7 7 8 6 6 7 8 8 10 8 8
8 8 8 6 8 8 8 8 8 8 9 9 11 10 9 9 9 9 8 8 8 8 8 8 8
8 9 9 11 8 8 8 8 8 8 10 11 16 14 14 12 12 12 12 22
17 15 12 11 11 11 11 11 8 8 8 8 10 8 12 10 10 10 10
11 9 9 9 8 8 9 9 8 8 10 9 9 9 10 10 10 12 22 20 9 8
6 6 6 6 10 8 8 8 8 8 8 9 11 9 10 9 9 9 9 11 11 11 13
10 6 6 6 6 6 8 8 8 8 8 11 11 10 10 8 8 8 6 6 6 6 6
6 6 6 6 6 9 9 10 11 9 7 7 8 8 8 11 17 15 10 9 9 9 6
6 6 6 6 6 10 13 19 16 10 10 10 10 10 12 17 8 8 8 8
8 8 8 8 6 6 6 6 6 6 10 8 8 8 8 8 8 8 8 8 8 10 12 12
16 6 6 6 6 6 7 8 8 8 8 8 9 11 15 19 18 13 13 17 9 11
11 9 8 8 8 8 7 9 10 10 11 10 10 10 9 8 8 8 8 8 8 8
8 8 8 8 8 8 8 8 8 8 8 8 8 10 10 9 10 9 7 7 7 7 6 6
11 6 6 6 6 6 6 6 6 6 8 8 12 18 14 15 12 11 11 8 9 9
10 8 7 7 7 9 9 9 7 8 8 8 8 8 9 10 15 19 21 16 24 11
10 10 10 10 10 10 10 12 10 13 14 14 9 8 8 9 19 21 37
37 41 34 31 31 8 15 6 6 6 9 10 10 8 6 8 6 6 6 6 8 8
8 8 14 8 11 9 8 6 6 6 8 8 8 10 8 8 8 9 9 8 8 8 8 8
6 6 6 6 6 6 
>R36_A70_Premixed PHD_FILE: R36_A70_Premixed.phd.1
6 6 6 6 6 7 8 8 6 6 6 8 8 8 8 8 10 10 8 8 8 8 8 8 8
10 10 15 12 10 8 8 8 14 12 14 14 14 26 21 23 23 23
23 22 23 22 28 32 33 33 37 37 37 48 48 48 47 39 47
47 50 50 50 50 57 57 59 59 59 59 59 59 59 53 68 68
68 50 50 54 50 50 48 48 54 54 48 59 59 68 68 68 54
68 68 68 68 68 68 68 57 57 57 57 68 68 68 68 68 57
57 48 57 57 59 59 68 68 68 68 68 68 68 68 68 68 68
68 68 68 68 68 68 57 57 57 57 57 57 59 68 68 68 68
68 68 68 68 68 68 68 68 68 68 68 68 68 68 68 68 68
68 68 68 68 57 59 52 52 52 59 59 68 68 68 68 68 68
68 41 41 32 32 35 43 44 57 68 57 57 45 45 45 52 52
57 57 57 57 68 68 68 68 59 59 52 52 45 52 52 57 57
68 68 68 68 68 68 68 68 68 68 68 68 68 68 68 68 68
68 68 68 68 68 68 68 68 68 68 68 68 68 68 68 68 68
68 68 68 68 68 68 68 68 68 68 68 68 62 62 62 62 68
62 62 62 62 62 62 62 62 62 62 62 62 62 62 62 62 62
62 62 62 68 68 68 68 68 68 68 68 68 68 68 68 68 62
62 62 62 62 62 62 62 62 62 68 68 62 62 62 62 62 62
68 68 68 68 68 68 62 62 62 62 62 62 62 62 62 62 68
62 62 62 62 62 62 62 62 62 62 62 62 62 62 62 62 62
62 62 62 62 62 68 68 68 68 68 68 68 68 68 68 68 68
68 68 68 68 68 62 62 62 62 62 62 62 62 62 62 62 62
62 62 62 62 62 62 62 62 62 62 62 52 52 52 62 62 62
62 62 62 62 62 62 62 62 62 62 62 68 68 62 62 62 62
62 62 62 62 62 62 62 62 62 62 62 62 62 68 62 62 62
62 62 62 62 62 68 68 62 62 62 68 68 62 68 62 62 62
62 62 62 62 62 62 68 68 68 68 62 62 62 62 62 62 62
62 62 62 62 62 62 57 57 57 57 59 59 59 59 59 59 59
59 59 59 59 59 59 59 59 59 59 57 59 57 57 57 59 59
68 59 59 57 57 57 59 57 57 57 59 59 57 59 57 57 57
57 57 57 57 57 57 57 59 59 59 57 57 57 57 57 57 57
59 59 59 59 59 59 57 57 52 52 52 57 52 57 57 57 57
57 59 59 59 54 54 54 59 59 59 48 48 48 59 59 59 59
48 48 48 57 57 57 59 59 59 59 57 57 48 48 48 54 59
59 57 57 57 57 57 48 57 57 57 57 57 54 54 54 54 57
44 44 39 43 43 47 47 48 48 57 48 43 43 39 39 35 39
39 48 57 57 57 48 48 48 48 48 48 48 48 48 46 46 43
43 41 41 41 41 41 41 41 37 37 39 43 37 37 30 30 30
37 37 39 43 47 48 48 48 48 48 43 43 43 43 37 40 43
43 43 43 43 48 48 47 48 48 48 48 48 48 48 40 40 35
32 32 39 39 30 32 32 47 47 48 48 39 39 36 36 36 39
39 37 31 31 34 34 41 41 41 41 41 37 32 31 31 31 39
37 37 36 31 31 31 31 25 31 37 31 31 32 31 36 37 34
34 31 28 28 31 31 35 39 39 39 37 35 31 26 31 36 43
37 31 31 37 37 37 33 33 27 27 30 25 25 33 31 37 37
37 29 29 32 37 32 19 19 22 19 19 25 37 37 31 31 20
19 19 22 22 28 28 31 31 31 28 28 30 29 32 36 37 36
35 25 31 25 20 19 24 31 37 37 35 31 28 32 35 36 32
25 25 25 27 27 29 30 32 35 36 32 32 25 20 20 29 26
31 28 35 31 31 31 31 37 31 25 25 35 37 32 25 25 22
22 23 22 15 15 11 11 11 17 21 30 37 37 41 37 34 39
32 32 18 21 14 15 15 20 25 32 32 31 27 35 32 28 22
22 23 23 23 18 18 12 12 12 14 18 20 32 32 31 31 32
29 25 22 18 15 15 15 16 17 16 19 16 18 20 15 19 14
21 21 26 19 28 28 35 31 28 32 28 22 19 19 20 20 20
20 14 17 12 10 10 15 13 15 22 22 20 20 22 24 20 20
19 15 16 13 11 11 12 11 11 11 12 10 11 10 10 10 9 9
9 10 11 10 10 8 8 8 8 8 8 8 8 10 11 11 11 11 13 15
15 16 16 16 11 11 11 14 14 14 11 11 9 9 10 10 9 10
10 8 8 8 8 8 8 8 8 8 8 8 10 11 9 8 8 8 8 8 9 9 9 10
9 11 11 11 9 9 9 9 10 10 12 10 9 9 9 9 9 9 9 7 7 7
7 8 10 11 9 9 9 8 8 8 8 11 12 22 20 10 9 8 8 8 8 8
9 9 9 9 9 13 10 10 6 6 6 6 6 6 9 9 9 9 11 11 8 8 8
8 9 9 9 8 8 8 8 8 8 8 8 8 8 8 8 8 10 8 8 8 8 7 9 9
9 9 9 8 10 9 7 6 6 6 8 8 9 6 6 6 6 6 7 11 8 8 9 9 12
9 10 14 11 11 9 9 6 6 6 6 6 6 6 6 6 6 11 12 14 15 13
8 7 6 6 6 8 10 10 10 13 16 22 20 11 8 8 8 6 6 6 10
11 10 11 9 8 8 9 11 11 15 8 6 6 6 6 6 8 8 8 8 8 6 6
6 6 6 6 8 8 8 8 8 8 14 11 10 13 6 6 6 7 6 9 9 8 7 7
7 8 8 8 11 10 10 10 10 16 8 8 8 8 8 8 10 8 8 8 14 11
11 23 30 16 8 6 6 6 6 8 8 8 8 8 8 8 6 6 6 6 10 16 14
14 11 11 11 11 12 12 6 6 6 6 6 6 8 8 8 14 15 14 11
8 8 8 8 8 8 6 9 6 9 6 8 8 8 11 11 8 8 8 8 8 8 10 11
11 11 11 10 8 8 8 8 8 8 11 11 11 10 13 9 9 9 9 11 8
8 8 6 6 6 6 6 6 10 9 9 11 11 16 15 15 8 8 6 6 6 7 8
8 8 8 9 8 9 9 6 6 6 6 8 7 7 6 6 6 6 6 8 6 
>R37_A70_Premixed PHD_FILE: R37_A70_Premixed.phd.1
8 8 8 8 8 8 6 6 6 6 6 6 6 8 8 8 8 8 8 8 8 8 8 6 6 6
6 6 14 9 9 10 10 8 13 8 10 10 14 25 28 28 29 25 28
28 31 31 31 36 36 36 36 36 36 43 44 43 39 36 40 40
47 48 50 50 59 59 59 59 59 59 68 68 59 54 54 54 54
50 50 50 50 50 48 48 47 47 43 48 57 68 68 68 57 68
68 68 68 68 68 68 59 59 59 57 68 68 68 68 68 57 57
43 44 44 59 59 68 68 68 68 68 68 68 68 68 68 68 68
68 68 68 68 68 57 57 57 57 57 50 59 54 54 54 59 57
68 68 68 68 68 68 68 68 68 68 68 68 68 68 68 68 68
68 68 44 44 27 27 27 44 27 29 29 44 44 68 57 57 34
34 20 20 20 27 38 41 23 23 27 44 28 24 18 17 18 18
28 38 26 18 18 13 13 12 12 12 12 13 14 14 14 28 28
38 43 20 20 20 30 32 14 14 14 14 14 14 14 13 34 13
12 12 12 15 23 16 14 14 14 23 20 24 20 13 13 12 12
13 18 15 20 16 14 14 16 14 14 14 14 14 19 39 39 12
12 11 13 13 21 12 11 15 15 15 15 12 13 13 13 13 12
13 11 12 12 27 16 21 15 27 13 14 13 39 27 31 27 39
13 12 12 39 39 13 23 15 16 14 13 13 11 11 11 13 13
14 14 20 39 43 21 21 19 39 24 27 19 12 9 9 9 9 9 17
39 43 38 29 12 10 9 8 8 8 8 10 11 13 13 24 24 23 23
16 14 14 15 15 12 12 12 15 12 15 11 12 12 15 12 13
13 27 13 17 17 22 22 23 26 23 38 20 18 15 22 13 12
11 8 8 8 8 8 8 10 9 10 10 10 10 10 12 11 15 12 13 13
13 14 14 20 18 15 13 12 12 12 12 15 13 13 14 16 21
19 15 13 13 15 13 14 12 16 11 11 11 12 15 21 20 16
15 18 11 11 10 10 10 10 12 12 12 13 18 13 13 14 38
18 15 15 13 13 13 20 16 18 14 14 14 20 18 18 16 14
14 18 13 13 13 15 12 11 11 11 12 12 11 11 11 11 11
12 11 11 11 15 18 18 27 23 28 23 17 17 17 18 18 27
18 18 17 18 15 18 17 17 14 19 14 14 14 14 13 15 13
13 13 13 13 13 12 12 11 11 11 12 13 24 21 14 14 13
15 19 12 12 12 12 12 12 12 18 23 21 21 13 12 12 12
12 13 13 13 13 13 13 13 15 15 16 15 15 15 15 15 15
11 11 11 12 12 12 12 18 23 20 18 21 14 12 12 11 11
11 15 19 11 11 11 12 12 14 15 15 15 17 17 18 28 13
13 13 13 12 11 11 11 11 12 12 13 13 13 13 12 25 18
19 19 12 12 13 14 10 10 10 10 12 18 22 18 15 12 11
10 10 11 12 15 21 24 17 17 17 18 18 14 14 15 14 12
11 11 10 10 10 10 11 23 28 19 19 12 12 12 13 10 10
10 10 10 16 18 12 12 12 14 12 12 12 12 14 12 12 12
12 12 12 15 12 12 19 22 17 17 10 10 9 11 11 12 11 18
11 11 11 11 11 11 11 13 12 11 11 12 13 11 11 11 11
12 12 12 12 12 11 11 10 10 10 12 15 11 12 12 12 12
11 12 11 12 11 11 11 11 11 11 12 18 13 11 12 12 11
13 15 17 14 14 14 14 14 20 17 22 22 18 24 12 12 12
10 10 10 13 10 11 11 22 9 9 9 9 9 9 9 14 12 12 11 11
11 12 11 10 16 12 12 12 14 12 8 8 8 8 8 13 18 13 12
12 12 12 11 6 7 6 6 6 6 10 10 11 19 18 15 14 6 6 6
6 6 13 13 16 19 12 12 11 11 11 15 18 14 11 11 10 10
9 10 10 9 9 8 8 8 7 9 9 12 11 11 11 15 12 11 11 11
13 13 12 13 10 10 7 7 7 8 8 6 6 6 6 10 9 10 10 10 10
10 10 8 8 6 6 6 6 10 9 9 9 9 9 9 6 8 6 8 6 6 8 9 8
10 10 10 10 10 14 11 11 11 11 9 7 7 8 7 6 8 6 6 6 6
8 8 8 8 8 8 10 8 8 8 8 7 8 8 8 8 11 9 9 7 8 8 9 8 8
8 8 8 8 8 7 8 8 8 7 8 10 8 10 10 8 8 8 8 8 8 8 8 8
8 8 9 8 8 8 8 8 8 6 6 6 6 6 6 10 10 8 8 9 9 9 9 8 6
6 6 6 8 6 8 8 8 8 9 9 9 10 10 6 6 6 8 6 9 8 8 8 8 8
6 6 8 8 8 8 8 8 8 8 8 15 13 13 10 10 10 11 11 13 10
10 10 12 15 19 28 19 9 10 6 6 6 8 6 6 6 8 10 8 8 9
9 8 10 8 8 8 8 8 8 8 8 8 8 11 9 10 9 8 8 8 8 8 8 8
8 8 8 8 8 11 8 6 6 6 6 6 10 6 9 10 12 16 10 12 10 10
10 15 15 14 14 11 11 11 8 8 8 8 8 8 8 8 8 8 8 8 8 9
9 9 10 10 12 10 6 6 6 6 6 8 10 6 6 6 6 6 10 14 14 8
8 8 8 8 8 12 13 10 8 8 8 8 9 10 9 9 9 9 9 10 9 9 10
8 9 9 9 8 8 7 7 7 7 7 7 9 9 9 10 10 10 16 18 15 8 8
8 8 8 8 22 24 14 12 10 10 10 12 12 15 10 10 10 10 10
9 8 8 8 7 6 7 8 8 8 8 11 8 9 9 9 13 10 9 8 8 8 9 9
9 11 11 11 14 10 9 9 8 8 8 8 8 8 10 10 8 8 8 11 11
11 12 10 8 8 6 6 7 11 14 10 8 8 11 9 9 9 9 9 10 9 9
7 6 6 8 8 8 8 10 8 8 8 6 6 6 6 6 7 6 6 6 6 6 6 7 7
7 6 6 6 8 8 15 13 11 8 8 6 6 6 6 8 6 6 6 6 6 6 8 8
8 10 10 10 9 7 7 7 7 7 7 14 14 8 7 7 7 8 8 11 12 12
12 8 8 8 8 8 
>R38_A70_Premixed PHD_FILE: R38_A70_Premixed.phd.1
8 8 8 8 11 10 8 8 8 8 8 8 8 8 8 8 8 8 8 10 10 6 6 6
6 6 8 10 13 10 11 8 17 8 8 10 17 19 25 14 14 19 21
23 19 15 15 19 19 20 22 24 24 21 39 39 37 37 30 33
34 36 36 37 37 57 57 48 48 48 50 50 50 50 48 54 54
54 48 48 48 48 50 43 43 47 47 43 44 59 54 54 59 54
54 68 68 68 68 68 68 57 57 57 57 57 57 57 68 68 57
57 37 44 44 59 59 57 57 59 59 59 68 68 68 68 68 68
57 57 57 57 57 57 57 57 57 57 57 43 59 50 52 52 59
59 68 68 57 57 57 68 68 68 68 68 68 68 68 68 68 68
68 68 68 68 68 68 68 59 59 59 59 57 57 57 68 68 68
68 68 68 68 68 68 68 68 68 68 68 68 68 68 68 68 68
68 68 68 68 68 59 59 59 59 59 59 59 59 59 59 59 59
59 59 59 59 59 59 62 62 62 62 62 62 62 62 62 62 62
62 62 62 62 62 62 62 62 62 62 62 62 62 62 62 68 62
62 62 62 62 62 62 62 62 62 62 62 62 62 62 62 62 62
62 62 62 62 62 62 62 62 62 62 62 62 62 62 62 62 62
62 62 62 62 62 62 62 62 62 62 52 62 62 62 62 62 62
62 62 62 62 62 62 62 62 62 62 62 62 62 62 62 62 62
62 62 62 62 62 62 62 52 52 45 52 62 62 62 62 62 62
62 62 62 62 62 62 62 62 62 62 62 62 62 62 62 62 52
52 52 62 62 62 62 62 62 62 62 62 62 62 62 62 62 62
62 62 62 62 62 62 62 62 62 62 62 62 62 62 62 62 62
62 62 62 62 62 62 62 62 62 62 52 62 52 52 52 62 62
62 52 62 62 62 62 62 62 62 62 62 62 62 62 57 57 52
52 52 57 57 57 57 57 59 57 57 57 57 59 59 59 59 59
59 57 57 57 57 57 57 59 57 57 57 57 57 59 59 57 57
59 59 57 57 57 57 57 57 57 57 57 59 59 57 57 57 59
57 57 57 59 57 57 52 52 52 57 57 57 57 59 59 59 59
59 57 57 57 57 57 59 48 48 44 57 50 54 54 57 57 57
57 54 54 54 57 57 57 57 59 57 57 57 59 57 59 57 59
57 57 57 59 59 54 54 54 54 54 48 57 57 57 57 57 59
57 47 43 39 39 43 47 47 54 59 59 54 54 54 57 54 48
48 43 46 43 47 47 48 48 59 59 57 43 43 43 43 39 39
37 43 43 48 48 48 48 47 47 39 39 36 39 28 34 23 20
20 34 34 39 39 35 36 36 43 43 48 48 48 43 43 40 40
40 43 43 46 46 48 48 48 48 47 47 39 39 39 43 43 43
43 43 39 39 39 34 34 30 31 31 34 34 35 31 31 32 28
28 18 18 14 24 24 37 37 40 40 37 37 36 36 28 28 27
27 25 21 21 16 16 16 27 30 41 32 31 35 31 31 34 32
17 20 15 15 15 24 19 22 34 24 32 35 35 35 35 25 25
23 23 17 22 25 31 25 28 33 36 37 31 31 35 35 35 31
28 32 28 28 25 28 22 17 21 13 13 13 28 24 31 31 28
28 23 23 23 22 24 25 20 20 30 27 34 33 28 24 24 31
24 31 31 26 31 25 25 25 24 24 25 25 22 29 34 31 24
25 22 25 25 19 19 16 16 16 21 24 32 33 35 28 25 19
17 11 9 9 9 9 10 15 28 18 18 13 13 18 17 17 17 12 17
11 12 11 11 8 8 8 9 12 12 12 14 12 15 17 23 33 19 19
12 12 12 17 11 11 11 13 16 17 15 15 13 16 12 11 11
11 11 12 18 12 12 10 10 10 10 15 15 15 15 15 15 20
16 16 11 8 8 8 8 8 10 12 12 15 13 10 10 10 11 11 10
10 10 11 16 22 24 22 20 22 18 18 23 28 22 15 17 18
13 8 8 10 14 12 13 13 11 12 14 23 18 14 16 13 10 10
11 10 11 10 10 10 10 13 15 11 12 9 9 9 9 11 13 11 9
8 7 7 7 7 9 11 16 11 19 10 10 9 8 8 8 8 10 12 10 8
8 8 8 8 8 8 9 9 11 13 13 13 13 11 12 11 11 10 8 8 8
8 8 8 8 8 8 8 8 8 9 9 12 11 11 10 9 9 8 8 8 8 8 8 8
10 7 7 6 6 6 8 9 10 10 13 10 10 10 10 9 11 11 10 10
6 10 6 6 6 6 8 8 8 8 10 8 8 8 8 8 6 6 6 6 6 6 9 9 10
11 13 9 9 9 9 8 8 8 8 8 8 9 14 9 6 7 6 6 6 6 6 6 6
6 6 8 9 9 10 10 10 10 10 10 8 8 8 8 8 8 8 8 6 6 6 8
9 10 14 14 11 11 11 8 8 8 10 10 10 10 10 10 12 11 12
13 13 9 12 9 9 9 11 16 24 10 10 10 10 8 8 8 8 8 8 8
8 8 8 8 8 9 9 9 9 9 8 8 8 8 8 8 11 11 9 9 9 9 9 8 9
12 12 10 8 10 10 10 10 10 11 11 9 9 11 14 24 27 18
10 9 6 6 6 6 7 6 6 6 6 6 6 6 6 8 8 8 11 11 11 9 9 9
9 9 8 8 8 8 11 12 15 15 13 10 10 12 15 16 15 15 8 8
8 8 8 8 8 6 7 7 9 13 12 12 7 6 6 6 8 8 8 10 13 14 11
8 8 8 8 8 12 11 11 13 8 9 8 11 10 10 8 8 8 6 6 6 6
6 8 9 10 6 6 6 8 6 8 10 10 8 15 8 8 7 7 8 11 13 27
28 27 21 15 6 6 6 8 8 8 9 13 12 15 17 17 10 10 10 8
8 8 8 8 8 9 9 9 12 9 16 18 11 11 16 10 12 9 8 8 7 7
6 6 6 8 8 8 10 6 6 6 6 6 8 8 8 8 8 7 6 6 6 8 8 8 6
6 6 6 6 6 6 6 6 6 9 7 6 8 8 8 8 8 8 7 9 9 9 9 7 7 7
8 8 8 13 13 13 13 12 11 9 9 9 9 9 9 
>R39_A70_Premixed PHD_FILE: R39_A70_Premixed.phd.1
8 8 8 8 8 8 9 8 8 6 6 6 6 6 6 8 8 8 8 8 8 8 8 6 8 8
10 10 15 9 9 10 10 8 12 10 10 12 11 25 28 28 29 22
23 17 17 17 21 37 37 37 33 33 33 39 39 39 39 39 38
38 36 36 37 37 50 50 50 50 57 57 57 57 57 50 50 48
48 48 48 57 54 54 48 48 48 48 48 57 57 57 57 57 57
57 68 68 68 68 68 68 59 68 68 68 68 68 68 68 68 57
57 43 44 44 59 59 59 59 59 59 59 57 57 68 68 68 68
68 68 68 68 68 68 57 57 57 57 57 57 59 57 59 57 59
59 68 68 68 68 68 68 68 68 68 68 68 68 68 68 68 68
68 68 68 68 68 68 68 59 59 59 59 57 57 57 68 68 68
68 68 68 68 68 68 68 68 68 68 59 59 57 57 57 59 59
68 68 68 68 68 68 68 68 68 68 68 57 57 57 57 57 57
59 59 59 59 57 59 62 62 62 62 62 62 62 62 62 62 62
62 62 62 62 62 68 68 68 62 62 62 62 62 62 68 68 68
62 62 62 62 62 62 68 62 62 62 62 62 62 62 62 62 62
62 62 62 62 62 62 62 62 62 62 62 62 62 62 62 62 62
62 62 62 62 62 62 62 62 62 45 62 62 62 62 62 62 62
62 62 62 62 62 62 68 68 62 62 62 62 62 62 62 62 62
62 62 62 62 68 62 62 62 62 62 62 62 62 62 62 62 62
62 62 68 68 68 68 68 68 68 62 62 62 62 62 62 62 68
68 68 62 62 62 62 62 62 62 62 62 62 62 62 62 62 62
68 68 62 62 62 62 62 62 62 62 68 68 62 62 62 62 62
62 62 62 62 68 68 68 68 68 62 62 62 62 62 62 62 68
68 68 68 68 68 68 68 68 68 68 68 68 68 68 68 68 68
68 68 68 68 62 62 62 62 62 62 62 68 68 68 62 62 62
62 62 62 62 68 68 68 68 68 68 68 68 68 68 68 68 68
68 68 68 68 68 59 59 68 68 59 59 59 68 68 68 68 68
68 68 68 68 68 68 68 68 68 68 59 59 59 59 59 59 59
59 59 59 59 59 68 57 57 57 57 57 59 57 57 57 59 59
59 59 59 54 52 52 57 52 54 57 57 59 59 59 59 57 59
59 57 57 57 59 59 59 68 59 59 59 57 57 54 54 50 57
57 59 59 57 57 57 59 59 57 57 57 57 57 57 57 43 43
43 57 59 57 57 44 47 47 57 59 59 59 57 57 57 57 57
43 44 44 57 59 59 57 57 59 57 57 48 48 48 59 59 54
48 48 48 48 48 43 42 43 43 43 47 43 48 48 48 48 48
48 37 37 30 37 37 43 47 48 48 48 48 48 48 48 47 47
47 41 37 37 30 25 25 37 37 41 41 37 37 31 37 37 43
32 32 25 25 25 31 31 43 43 39 48 48 41 41 41 39 37
36 32 28 32 38 41 41 41 41 46 47 47 46 41 41 41 41
31 32 31 31 25 28 24 27 33 28 30 30 37 37 46 48 37
37 30 30 30 34 34 30 25 25 29 31 36 36 35 31 32 35
31 31 31 31 35 36 37 36 29 28 30 30 25 29 34 31 29
30 25 30 30 30 30 25 24 24 33 34 36 39 36 35 33 28
28 24 27 36 59 39 32 31 35 28 32 28 28 24 29 25 22
20 28 28 32 28 15 13 10 10 10 18 14 16 19 15 15 21
28 28 18 17 14 15 15 18 20 27 28 18 21 12 11 11 15
16 28 34 33 28 28 20 25 19 15 15 15 15 18 30 25 22
18 20 20 20 23 22 21 15 14 14 15 21 25 30 30 20 20
13 13 12 12 14 15 12 12 14 20 20 29 24 25 22 14 9 3
0 3 10 7 28 23 32 25 30 24 29 27 30 30 30 33 34 39
34 31 34 24 19 12 15 12 12 12 15 20 24 30 17 20 17
15 12 12 11 11 15 15 15 13 11 11 11 11 16 20 32 23
11 11 11 11 8 8 10 10 10 20 14 13 15 11 11 11 21 12
16 11 12 12 12 12 24 24 28 24 24 28 24 24 18 18 16
16 18 15 11 10 10 9 9 9 12 14 21 11 11 12 11 10 10
10 10 10 12 12 12 11 12 11 9 9 9 9 8 9 9 9 9 9 10 10
10 12 8 8 8 8 8 8 8 8 8 8 10 8 8 8 8 8 8 10 10 9 9
8 8 8 8 8 8 8 8 8 9 9 9 9 12 20 22 15 15 15 15 9 9
9 9 9 9 9 9 9 10 11 11 11 11 12 12 11 9 9 9 9 9 10
7 7 7 8 11 8 8 8 6 6 6 8 9 10 8 8 8 8 8 8 12 11 8 8
9 11 11 11 16 13 11 11 11 13 12 18 15 12 9 8 8 8 9
9 11 11 12 10 8 8 8 8 9 9 13 10 10 10 12 12 11 11 11
11 11 7 7 6 6 6 6 8 6 6 6 6 6 6 8 8 9 6 6 6 6 6 6 6
6 9 10 10 11 11 10 10 10 10 10 10 11 11 11 6 6 6 6
6 6 8 10 15 15 14 10 9 9 9 10 9 9 10 12 6 6 6 6 6 6
6 6 6 6 7 13 10 10 10 6 7 6 6 6 6 8 8 8 8 8 8 8 8 13
10 12 16 10 10 8 8 9 9 9 10 11 11 17 16 15 9 6 6 6
6 6 7 8 8 8 8 8 8 12 10 10 10 12 9 11 13 12 12 12 11
10 9 9 9 9 9 9 12 9 8 8 8 10 10 10 11 9 9 9 6 6 6 6
6 6 12 10 10 17 16 15 9 9 9 10 9 10 9 8 9 8 6 6 6 6
8 6 9 9 9 10 11 20 14 9 9 9 8 8 6 6 6 6 8 8 7 7 7 9
9 12 11 11 9 8 9 9 9 9 8 9 8 8 6 6 8 8 10 10 10 10
11 12 11 11 8 8 8 8 8 8 8 8 6 6 6 6 6 6 9 14 12 12
16 11 9 8 8 6 6 6 6 6 6 6 6 6 6 6 8 10 9 9 10 6 6 6
6 8 8 10 9 8 8 6 8 8 8 10 10 6 6 6 6 6 6 8 8 8 8 19
26 13 13 6 6 6 8 8 8 8 10 10 8 8 8 8 6 6 6 11 17 17
15 8 6 6 6 9 9 8 8 13 14 21 15 8 8 8 8 8 8 
>R40_A70_Premixed PHD_FILE: R40_A70_Premixed.phd.1
7 7 8 8 10 10 10 6 6 6 6 8 7 18 15 10 8 8 8 19 10 10
10 22 28 29 24 20 19 22 16 14 14 14 13 23 21 23 23
23 23 21 22 22 28 32 33 33 33 33 33 41 41 47 47 50
50 50 53 50 50 50 57 57 59 59 59 59 59 59 59 50 54
54 54 54 54 57 54 54 54 54 48 50 54 57 57 57 59 57
57 68 68 68 68 68 68 68 59 59 59 68 68 68 68 68 68
57 57 54 57 57 57 57 68 68 68 68 68 68 68 68 68 68
68 68 68 57 57 57 57 57 57 57 57 68 68 68 68 68 68
68 68 68 68 57 57 57 57 57 57 59 68 68 68 68 68 68
68 68 68 68 38 38 14 13 13 13 24 24 35 44 57 68 38
38 20 20 20 41 41 68 68 68 68 68 38 34 13 12 11 18
19 27 29 44 44 68 44 44 27 23 23 44 44 68 68 68 68
68 41 41 20 20 20 24 21 27 20 18 18 20 20 20 20 23
27 20 20 20 20 20 27 27 28 24 18 14 14 16 16 28 20
20 20 24 21 17 19 19 20 23 28 24 24 13 13 13 24 24
32 32 30 25 25 25 23 22 27 27 12 12 14 30 24 30 30
17 12 12 16 21 24 19 21 23 24 24 33 33 32 32 18 13
13 15 15 15 23 23 32 40 31 37 25 25 25 24 28 20 20
20 28 28 33 31 28 19 28 12 12 11 11 11 16 21 24 25
16 16 12 10 13 17 10 10 10 10 10 10 12 12 12 12 18
16 26 22 19 13 13 8 8 6 6 8 8 10 15 15 12 12 9 9 9
9 10 14 11 11 11 11 11 13 15 10 10 8 8 6 6 12 8 8 8
8 13 21 19 18 17 8 8 6 6 8 8 10 12 15 16 14 14 14 15
14 13 12 9 9 8 8 10 10 10 10 12 11 11 16 11 11 12 16
18 11 11 10 10 8 8 8 8 11 8 12 12 12 11 11 11 12 15
13 14 14 21 18 20 18 18 15 12 10 10 10 10 12 10 10
10 8 10 10 10 8 8 10 8 8 8 8 8 8 10 12 10 8 8 8 12
8 8 8 8 8 8 10 10 8 8 8 8 8 8 9 11 11 11 12 10 10 12
15 15 21 26 10 10 8 8 8 8 11 11 11 11 12 12 12 11 11
11 11 11 12 14 18 21 24 20 20 15 18 12 11 11 12 12
12 12 12 11 11 12 12 15 12 9 9 9 13 9 8 8 12 8 9 10
12 13 13 11 11 9 9 10 10 13 14 15 15 12 11 8 8 8 8
8 8 9 11 15 11 12 8 10 10 8 8 10 9 8 10 10 11 11 11
12 15 21 18 18 15 24 12 12 10 9 9 11 9 9 9 9 9 9 9
11 16 12 12 11 12 11 12 10 10 10 10 11 10 13 11 12
11 15 10 10 10 9 9 9 11 11 8 8 8 8 8 8 11 11 13 13
12 14 14 14 13 11 11 10 10 12 10 9 9 9 10 8 8 8 8 8
11 12 12 12 14 10 10 10 8 8 8 8 10 10 10 10 8 8 9 11
10 12 10 11 11 11 11 9 9 11 12 12 10 10 8 8 8 8 8 8
10 10 13 18 15 15 16 11 11 11 16 11 11 12 16 12 12
11 11 11 12 12 13 13 13 13 10 10 8 12 8 8 8 8 13 14
12 12 12 11 11 10 10 10 10 10 10 8 8 6 6 8 6 8 9 11
16 13 14 15 16 16 11 10 10 10 10 12 10 11 11 12 12
12 12 14 14 10 10 9 9 9 12 12 12 12 12 12 12 12 20
11 12 11 15 17 11 11 11 13 10 10 10 10 10 10 9 9 9
9 9 9 9 9 9 9 6 8 6 6 6 6 8 8 8 9 10 10 10 10 14 12
11 11 11 8 8 8 10 16 21 24 17 14 14 12 12 11 11 11
11 14 11 10 10 12 14 14 13 13 13 16 11 9 9 9 9 9 11
12 9 12 9 9 11 11 11 11 8 8 8 8 8 6 6 6 6 6 9 12 11
6 6 6 6 8 7 14 9 8 8 8 7 8 9 7 6 6 10 8 8 8 8 8 8 9
9 8 9 9 8 8 8 8 8 8 15 6 6 6 6 8 6 8 8 8 8 11 8 8 8
8 8 8 8 8 10 10 8 8 8 8 8 6 8 6 8 6 6 6 6 6 7 15 10
10 6 8 6 6 6 6 6 6 6 6 8 8 8 8 8 8 9 12 12 11 11 8
8 8 8 8 8 8 8 8 9 9 11 9 9 8 8 8 8 8 8 8 8 8 8 8 8
8 11 10 10 9 9 9 9 9 9 9 10 10 10 11 11 11 10 9 9 8
8 8 8 8 8 9 10 8 6 7 7 6 6 8 6 6 8 6 9 11 8 8 8 8 8
8 8 8 8 8 8 8 8 10 12 14 23 18 15 18 11 8 8 8 8 8 14
12 10 8 8 6 6 6 6 6 6 8 8 8 8 8 8 8 8 8 8 9 9 9 11
11 11 8 8 8 8 8 7 9 9 9 8 8 6 6 8 8 10 10 13 12 11
11 12 11 8 8 8 8 8 8 9 9 9 12 8 8 6 6 8 8 10 12 12
11 8 8 6 6 6 6 8 8 8 8 8 10 11 8 6 6 6 6 6 8 6 6 6
6 9 10 10 13 12 8 8 6 6 8 8 6 6 8 8 8 8 8 9 13 10 10
10 10 10 8 11 11 10 10 10 15 15 13 10 11 11 12 13 15
19 15 12 9 9 9 9 9 10 12 12 12 12 12 11 11 11 8 10
8 9 9 8 7 7 6 6 8 6 8 8 8 8 8 8 10 7 7 6 7 7 11 11
15 11 9 9 10 10 10 12 8 8 8 8 8 8 10 8 8 8 6 6 6 6
6 8 10 8 8 9 9 7 7 8 8 12 18 21 11 11 11 8 6 6 6 6
8 8 8 8 8 12 13 11 6 6 6 6 6 8 10 10 10 22 14 14 11
10 8 8 8 8 8 8 12 12 10 10 10 12 9 9 9 8 8 8 8 8 8
8 8 8 8 8 6 6 6 10 8 8 8 8 8 8 8 8 8 8 8 8 9 9 10 6
6 6 6 6 6 6 6 6 6 6 6 6 
>R41_A70_Premixed PHD_FILE: R41_A70_Premixed.phd.1
11 11 11 12 10 8 8 8 8 8 8 8 11 12 9 9 9 10 10 16 9
9 9 12 19 34 25 20 19 16 22 11 10 10 12 10 20 19 23
23 23 23 22 28 28 32 32 32 32 37 37 37 41 42 50 33
33 33 36 36 36 50 50 50 50 50 50 50 53 53 50 50 50
53 50 50 50 50 50 50 50 54 57 54 54 57 57 57 68 68
68 68 68 68 68 68 68 68 68 68 68 68 68 68 68 68 68
68 68 57 57 57 59 68 68 68 68 68 68 68 57 57 57 57
57 57 57 68 68 68 68 68 57 57 57 57 68 68 68 68 68
68 68 68 68 68 68 68 68 68 68 68 68 68 68 68 68 68
68 68 68 68 68 68 68 68 68 68 68 68 68 68 68 68 68
57 68 68 68 68 68 68 68 68 68 68 68 68 68 68 68 68
68 68 68 68 68 68 68 68 68 68 68 68 68 68 68 68 68
68 68 68 59 59 57 57 57 57 68 68 68 68 68 68 68 68
68 68 68 68 68 68 68 68 68 68 68 68 68 68 68 68 62
62 62 62 62 68 62 68 68 68 68 68 68 68 68 68 68 68
68 68 68 68 68 68 62 62 62 62 62 62 62 68 68 62 62
62 62 62 62 62 68 68 68 68 68 68 68 68 68 68 68 68
68 62 62 62 62 62 62 62 62 62 62 68 68 62 62 62 62
62 68 68 68 68 68 68 68 68 62 62 62 62 62 62 62 62
62 68 68 68 68 68 68 68 68 68 68 68 68 68 68 68 68
68 68 68 68 68 68 68 68 68 68 68 68 68 68 68 68 68
68 68 68 68 68 68 68 62 62 68 68 68 68 68 68 68 68
68 68 68 68 68 68 68 68 68 62 62 62 68 68 68 68 68
68 68 68 68 68 68 68 68 68 68 68 68 68 68 68 68 68
68 68 68 68 68 68 68 68 68 68 68 68 68 68 68 68 62
62 62 62 62 62 62 68 68 68 68 68 68 68 68 68 68 68
68 68 68 62 62 62 62 62 68 68 68 68 68 68 68 68 68
68 68 59 59 57 57 57 59 59 68 68 68 68 68 68 68 68
68 68 68 68 68 68 68 68 68 68 68 68 68 68 68 68 68
68 68 68 68 57 68 68 57 57 57 68 68 68 68 68 59 68
68 68 68 68 68 68 68 68 68 68 68 68 68 59 59 59 59
59 59 59 68 68 57 57 59 57 57 57 57 57 57 59 59 59
59 59 68 68 68 68 68 68 68 68 59 59 59 59 68 68 68
59 59 59 59 59 59 59 68 68 68 59 59 59 59 59 59 59
68 68 68 68 68 68 68 68 68 68 68 68 59 59 59 59 59
59 59 57 57 48 54 54 57 59 59 59 59 59 59 59 57 57
43 43 43 57 59 59 59 59 59 59 48 48 42 42 42 39 37
37 32 31 31 41 41 44 44 44 44 41 41 44 59 59 59 41
46 46 48 48 48 48 59 59 59 59 57 57 48 48 48 48 48
57 59 59 59 59 59 59 59 59 59 59 59 59 59 37 32 31
31 31 32 39 47 59 46 47 47 59 59 59 59 48 48 48 41
41 41 41 41 41 41 37 37 44 44 47 47 41 28 24 24 28
30 33 59 47 59 59 47 46 41 43 43 41 37 37 37 37 41
43 37 37 36 35 35 39 39 48 48 48 43 43 43 40 39 39
39 41 41 37 40 41 41 41 41 41 36 34 41 31 31 41 41
41 41 41 37 37 43 37 35 25 25 30 25 29 37 37 37 37
37 30 30 30 37 39 35 37 32 34 30 28 28 32 29 36 41
43 41 41 23 25 28 23 18 23 32 41 41 39 31 31 35 36
37 32 29 29 29 32 32 32 31 36 35 36 27 27 16 16 16
23 22 31 31 35 31 29 29 17 23 11 13 14 25 28 41 29
31 31 31 34 31 26 31 25 31 35 36 36 36 37 37 39 31
34 37 34 28 19 19 11 12 12 15 24 32 35 31 31 32 23
16 11 11 11 17 15 15 15 13 13 13 14 18 23 34 34 37
37 25 21 12 12 12 12 11 10 8 8 8 10 18 14 15 14 19
14 19 21 21 19 13 12 8 8 8 8 17 10 10 10 17 15 16 16
15 19 18 11 9 11 11 11 20 10 11 13 14 12 10 9 8 10
8 18 18 24 21 15 15 14 14 19 14 23 28 28 28 22 19 19
8 7 6 6 6 10 10 8 8 8 10 11 8 8 8 8 9 21 14 13 16 17
15 14 10 10 10 8 8 8 10 8 10 10 14 18 13 13 12 11 8
8 6 6 3 0 3 7 9 9 9 10 11 11 11 15 14 13 14 9 9 9 15
10 11 11 10 10 10 10 10 10 11 12 10 6 6 6 7 8 8 8 8
8 8 7 7 7 7 9 12 12 12 9 8 9 7 7 7 11 10 10 10 10 9
8 8 8 10 9 9 10 10 8 8 8 8 8 10 9 9 9 12 9 8 8 8 8
8 8 8 8 8 8 8 8 8 6 6 6 6 6 6 8 8 8 8 8 8 8 10 10 10
9 8 9 9 12 10 12 9 9 9 10 8 8 9 15 13 6 6 6 10 8 14
14 14 21 19 19 16 12 12 11 6 6 6 6 6 6 8 6 6 6 6 6
6 7 7 7 8 8 11 8 8 8 8 8 8 8 18 18 15 15 13 13 6 6
6 6 6 8 15 15 12 8 6 6 6 6 6 8 7 9 9 9 10 10 9 9 14
17 19 14 13 12 9 9 9 8 8 8 8 8 8 8 14 15 9 10 10 10
10 8 11 11 10 10 11 11 10 11 10 8 8 8 8 8 8 8 8 8 19
22 13 8 8 8 8 7 10 10 10 10 8 8 9 9 9 9 10 9 10 9 9
9 10 23 27 30 23 8 8 8 8 8 8 11 10 8 8 6 6 7 7 8 8
9 9 9 9 10 10 10 9 9 9 12 9 10 6 8 6 6 6 6 8 10 10
9 8 13 9 9 9 12 10 10 10 8 8 8 8 10 8 8 6 6 8 8 8 8
6 6 6 6 6 6 6 8 6 8 8 8 8 8 8 8 7 9 9 10 8 6 6 6 6
6 9 6 8 8 8 8 8 21 17 7 6 6 6 6 6 15 15 10 11 11 8
8 8 8 8 8 8 11 18 9 9 7 7 7 6 6 6 9 6 8 6 6 6 6 8 8
8 
>R42_A70_Premixed PHD_FILE: R42_A70_Premixed.phd.1
11 11 11 13 13 11 8 8 8 8 8 8 16 17 13 8 6 6 8 15 10
10 10 16 28 22 22 20 19 15 9 8 8 10 13 21 8 15 6 6
6 13 23 37 41 22 18 22 25 27 27 39 39 39 28 22 22 25
27 29 37 37 47 47 59 59 59 59 59 57 57 44 43 36 36
39 40 48 36 36 42 42 42 42 48 48 57 57 47 43 43 47
57 57 47 47 50 50 48 48 48 37 37 37 37 33 32 30 27
25 30 43 59 59 59 50 50 50 50 48 48 57 57 48 48 48
48 42 42 47 47 23 29 24 22 22 22 43 44 47 47 50 50
41 41 47 47 47 47 57 50 57 57 57 57 57 57 50 50 50
50 53 43 34 23 14 14 14 28 28 48 57 54 68 54 44 44
28 24 28 28 30 30 44 44 54 48 48 48 34 32 31 20 23
20 28 20 20 20 30 28 28 28 23 23 23 32 32 43 43 32
28 15 13 12 12 12 12 11 19 12 12 12 12 15 12 13 13
19 19 12 12 11 12 10 8 8 8 8 8 8 8 8 8 8 8 10 13 13
8 8 8 8 8 16 19 19 18 15 13 11 14 10 8 8 8 10 10 8
8 8 10 13 19 16 12 9 9 9 9 10 13 12 9 9 9 12 17 22
17 17 16 15 10 10 11 17 19 23 20 20 20 30 30 30 30
30 22 22 12 9 9 9 9 10 10 12 28 23 23 23 28 20 10 11
10 9 10 10 10 8 10 10 15 15 15 11 9 9 9 16 12 16 16
12 11 11 13 18 23 25 30 30 24 24 15 14 17 20 18 20
21 14 10 10 10 10 12 12 12 12 12 11 11 11 12 11 13
13 15 15 12 11 11 12 11 11 10 15 15 12 12 9 9 9 12
10 13 19 12 12 12 14 15 15 8 8 8 9 9 9 10 19 18 25
10 9 9 10 8 8 11 11 11 14 12 15 10 10 11 12 12 12 14
9 15 13 10 10 9 8 8 8 8 8 8 10 10 16 15 14 13 11 11
11 11 11 9 12 10 10 8 10 10 10 14 19 21 14 14 10 12
8 8 8 8 8 8 10 12 12 12 19 15 10 10 12 15 14 18 21
12 9 9 9 10 9 9 9 9 9 9 8 8 8 8 8 8 12 9 24 28 21 22
15 12 12 12 15 15 19 16 19 16 11 11 9 13 13 15 15 16
17 11 11 11 12 20 13 12 12 11 10 10 8 8 8 8 8 11 11
22 19 24 21 21 18 18 15 15 17 15 14 13 14 13 12 10
10 8 8 8 8 8 8 8 8 12 11 21 12 12 12 12 15 15 21 24
30 33 27 25 22 22 19 18 15 10 10 8 8 8 8 8 12 14 8
10 8 8 8 9 11 13 13 26 25 31 23 23 14 14 14 15 18 15
10 8 8 10 10 10 11 15 21 12 12 10 10 9 9 9 9 12 12
12 12 13 12 12 12 12 12 11 11 12 12 14 14 18 15 18
16 17 11 11 11 11 11 11 11 12 12 12 17 12 12 10 10
8 10 10 10 8 8 8 8 11 16 15 18 12 11 10 10 10 12 10
10 11 12 8 8 6 6 8 8 8 8 8 11 11 11 11 11 17 16 17
17 12 11 11 12 18 19 19 15 10 8 8 8 8 8 8 9 9 15 9
9 13 22 13 8 8 8 10 10 18 18 15 12 8 8 8 8 8 10 10
10 10 10 9 9 9 8 8 8 8 8 8 9 9 12 8 8 8 8 6 7 10 10
10 9 12 11 10 10 8 8 8 8 8 10 10 10 10 10 12 10 10
10 16 11 11 12 15 13 11 8 8 8 8 8 8 8 8 9 11 11 11
11 11 12 12 11 8 8 6 6 6 6 8 8 10 8 8 8 8 8 9 9 8 8
8 8 8 8 9 9 9 9 12 10 10 11 11 10 10 10 11 10 8 6 6
6 8 13 12 14 12 16 11 10 10 9 9 9 11 12 11 20 13 10
8 7 7 7 9 9 10 10 10 10 11 11 12 12 15 14 14 14 11
12 11 8 8 6 10 6 6 6 8 7 8 8 8 9 8 8 8 8 10 10 11 11
11 12 13 11 10 9 9 8 8 8 8 8 8 9 9 10 10 10 8 8 8 8
8 8 8 9 8 8 8 8 8 6 6 6 6 6 8 10 9 8 8 10 10 12 12
10 10 8 8 9 9 10 8 8 8 6 6 8 9 9 19 13 10 10 10 8 8
8 8 8 8 8 8 8 8 8 10 9 10 10 10 11 6 6 6 6 6 6 11 8
8 8 8 8 8 8 8 8 8 11 10 14 8 8 8 8 8 8 8 8 8 10 12
10 12 10 9 9 9 10 10 10 8 8 8 8 8 8 8 8 8 8 8 8 8 8
8 8 8 8 8 8 8 8 8 8 8 8 8 8 8 8 8 8 9 9 12 12 9 9 10
10 15 18 17 12 13 13 11 9 8 9 9 9 10 10 10 8 8 8 8
8 8 8 8 8 8 8 8 8 9 8 8 8 8 8 9 10 10 10 10 10 8 8
8 8 8 8 9 10 11 11 11 11 11 9 9 9 9 12 10 9 9 8 8 6
6 6 8 8 8 8 8 8 8 8 8 8 8 8 8 8 9 9 9 8 9 7 7 8 8 8
8 8 8 6 8 6 6 6 10 15 10 9 6 7 6 6 6 6 8 8 9 9 9 9
9 9 10 8 8 8 8 8 8 8 6 11 6 6 6 10 13 10 9 9 9 10 6
6 6 6 8 11 7 6 6 6 6 8 10 6 6 6 6 6 8 9 9 12 10 14
8 8 6 6 8 8 6 6 8 8 8 8 9 11 11 14 16 19 15 10 10 10
10 10 10 9 10 9 9 9 9 8 8 8 8 10 10 11 11 18 18 18
17 11 11 8 8 6 6 6 6 8 8 8 6 7 7 7 8 8 8 8 8 8 6 6
6 8 11 8 8 6 6 6 8 8 8 8 9 9 9 9 9 9 8 8 7 8 8 9 12
12 12 15 12 12 12 10 9 10 10 6 7 7 6 8 8 8 8 8 8 8
10 10 10 10 13 11 12 11 11 11 12 12 12 12 12 11 11
11 11 11 11 11 8 8 8 8 8 
>R43_A70_Premixed PHD_FILE: R43_A70_Premixed.phd.1
6 8 7 7 8 6 6 9 9 9 9 9 8 8 12 10 8 8 8 6 6 8 6 6 6
10 14 10 13 8 12 10 10 12 12 14 21 12 12 18 19 23 19
16 16 19 23 23 22 24 26 26 43 44 43 39 39 33 34 36
36 37 37 57 57 57 57 50 53 53 53 53 53 54 54 54 54
54 68 68 54 44 43 47 47 43 59 59 59 59 59 54 68 68
68 68 68 68 68 57 57 68 68 68 68 68 68 68 48 44 37
43 43 59 59 54 54 57 59 59 68 68 68 68 68 68 68 68
68 68 68 68 57 57 57 57 68 50 59 54 54 54 59 57 68
68 68 68 68 68 68 68 68 68 68 68 68 68 68 68 68 68
68 68 59 59 52 52 52 57 57 68 68 68 68 44 38 23 16
16 27 28 35 39 59 59 68 59 59 52 43 43 43 43 52 59
59 68 68 68 68 68 68 68 68 68 68 68 68 68 68 68 68
68 68 68 68 68 68 68 68 68 68 68 68 68 68 68 68 68
68 68 68 68 68 68 68 68 68 68 68 68 62 62 62 62 62
62 62 62 62 62 62 62 62 68 68 62 62 62 62 68 62 62
62 62 62 62 62 62 62 62 68 68 68 62 62 62 62 62 62
62 68 68 68 68 68 68 68 68 68 68 68 68 68 68 68 68
62 62 62 62 62 62 62 68 68 68 68 68 68 68 68 68 68
68 68 68 68 68 68 68 62 62 62 62 62 62 62 68 62 62
62 68 68 68 68 68 68 68 68 68 68 68 68 68 68 68 68
68 68 68 68 68 68 68 68 68 68 68 68 68 68 68 68 68
68 68 68 62 62 62 62 62 62 62 68 68 68 68 68 68 68
68 68 68 68 68 68 68 62 62 62 62 62 62 62 68 68 68
68 68 68 68 68 68 68 68 68 68 68 68 68 68 68 68 68
68 68 68 68 68 68 68 68 68 68 68 68 68 68 68 68 68
68 68 68 68 68 68 68 68 68 68 68 68 68 68 68 68 68
68 68 68 68 68 68 68 68 68 68 68 68 68 68 68 68 68
68 68 68 68 68 68 68 68 68 68 68 68 68 68 68 68 68
68 68 68 68 68 68 68 68 68 68 68 68 68 68 68 68 59
57 57 57 57 57 57 59 59 59 59 59 59 59 57 57 59 59
59 59 59 59 68 68 59 59 59 57 57 57 57 57 57 59 68
68 59 59 68 57 57 57 57 57 57 57 59 59 59 59 59 59
59 59 57 57 57 59 59 59 54 54 54 59 59 59 59 54 54
54 59 59 59 59 57 57 57 57 57 54 57 54 59 59 59 59
68 68 59 59 54 54 54 59 59 59 59 57 54 54 59 59 59
47 48 48 59 57 54 54 59 57 57 57 43 43 43 43 43 48
57 57 57 48 48 48 57 57 48 48 48 57 47 47 41 41 41
59 59 47 47 43 41 37 41 41 43 37 39 35 35 35 39 39
43 43 43 48 48 46 46 46 43 43 43 43 39 47 39 43 43
43 43 48 48 41 41 41 41 41 43 37 30 29 29 29 32 37
37 37 30 31 31 39 39 48 48 43 43 39 39 39 47 43 41
31 31 34 31 39 37 36 32 31 35 31 31 31 31 41 43 41
37 31 31 32 32 28 31 37 31 31 31 31 35 37 29 29 24
22 22 30 34 37 39 40 37 34 28 25 20 29 36 59 36 31
31 36 33 34 28 28 27 27 28 22 22 30 28 33 33 32 29
29 32 37 31 25 25 35 28 31 35 34 33 18 18 11 11 11
17 14 20 18 18 13 13 12 15 21 24 30 36 35 31 30 20
18 15 12 12 15 21 24 34 32 24 24 28 22 28 22 15 15
15 24 24 22 22 30 21 21 12 12 13 15 15 24 19 19 12
12 9 11 13 16 16 21 21 25 27 24 14 9 9 9 19 16 10 14
10 11 12 13 22 22 28 28 39 31 31 34 26 21 12 15 11
12 12 13 21 30 31 24 24 28 18 15 10 10 10 10 10 10
10 8 8 9 13 15 15 16 12 10 10 11 11 8 9 10 9 10 15
16 16 15 23 23 19 28 16 20 11 11 11 17 17 21 21 20
24 22 24 24 13 10 10 10 14 14 26 24 17 13 13 12 21
17 25 22 13 10 10 10 10 11 14 14 15 18 18 16 16 12
12 12 12 16 12 11 11 13 12 12 10 11 12 10 10 9 9 9
9 9 9 9 9 10 10 10 10 11 11 10 13 13 21 12 12 10 10
10 10 10 10 8 9 8 8 8 8 8 8 8 9 10 10 10 8 8 8 8 8
8 10 10 9 9 10 10 10 10 10 10 10 10 10 10 10 11 11
11 8 8 8 8 8 8 8 8 11 6 6 8 8 6 6 10 7 8 8 8 7 6 7
7 7 7 8 8 10 8 8 8 10 10 12 18 13 11 9 8 8 8 10 8 8
9 9 9 9 6 6 6 6 6 6 8 8 8 8 13 16 15 12 11 11 11 11
12 11 12 12 9 11 11 10 10 10 13 14 15 9 8 8 8 8 8 8
8 8 8 8 8 8 8 8 8 8 8 8 11 11 11 16 15 9 9 9 9 10 11
11 9 9 7 7 7 8 8 8 8 8 8 8 6 6 6 8 10 13 15 11 8 8
8 8 8 8 8 8 8 8 8 8 8 18 14 14 18 12 12 12 13 9 9 9
9 10 9 10 10 13 12 15 11 11 11 11 11 11 9 9 8 8 8 8
9 8 9 9 9 13 14 14 10 9 6 8 6 6 6 6 6 7 7 6 6 6 9 11
11 10 14 21 10 8 8 6 6 6 6 6 6 8 8 8 10 10 10 10 10
9 8 8 8 8 10 11 11 11 10 9 9 13 13 10 8 9 8 8 8 8 8
8 14 20 20 19 19 23 13 11 8 8 8 8 8 8 9 9 9 8 10 10
8 6 6 6 6 8 8 11 10 14 12 8 11 8 7 6 6 6 6 6 9 10 10
10 14 23 10 10 9 9 9 13 10 10 9 9 8 8 7 7 7 8 8 8 7
7 9 9 9 12 8 8 8 8 8 6 6 6 6 6 6 8 8 8 9 10 10 10 6
6 6 6 6 6 6 6 6 6 6 8 10 8 13 6 6 6 6 7 7 7 9 9 9 
