>4-1_A70_Premixed TRIM QUALITY: 20
26 21 23 24 23 23 18 17 17 22 30 30 30 33 33 33 50
50 50 50 57 50 50 50 50 50 50 53 53 50 50 57 59 59
59 59 53 68 68 68 53 50 48 48 48 54 57 57 57 59 59
68 68 68 68 68 68 68 68 68 68 68 68 68 68 68 68 68
68 68 68 68 68 68 68 68 68 68 68 68 68 68 68 68 68
68 68 68 68 68 68 68 68 68 68 68 68 68 68 68 68 68
68 68 68 68 68 68 68 68 68 68 68 68 68 68 68 68 68
68 68 68 68 68 68 68 68 68 68 68 68 68 68 68 68 68
68 68 68 68 68 68 68 68 68 68 68 68 68 68 68 68 68
68 68 68 68 68 68 68 68 68 68 68 68 68 68 68 68 68
68 68 68 68 68 68 68 68 68 68 68 68 68 68 68 68 68
68 68 68 68 68 68 68 68 68 68 68 68 68 68 68 68 68
68 68 68 68 68 68 68 68 62 62 68 68 68 68 68 68 68
68 68 68 68 68 68 68 68 68 68 68 68 68 68 68 68 68
68 62 62 62 62 62 62 62 68 68 68 68 68 68 68 68 68
68 68 68 68 68 68 68 68 68 68 68 68 68 68 68 68 68
68 68 68 68 68 68 68 68 68 68 68 68 68 68 68 68 62
62 62 62 62 62 62 68 68 68 68 68 68 68 68 68 68 68
62 62 68 68 68 62 62 62 62 62 62 62 62 68 68 68 68
68 68 68 68 68 68 68 68 68 68 62 62 62 62 62 62 62
68 68 68 68 68 68 68 68 68 68 68 68 62 68 62 62 62
62 62 62 62 62 62 68 68 68 62 62 62 62 62 62 62 68
68 68 62 62 62 62 62 62 62 62 68 68 68 68 62 62 62
62 62 62 62 68 68 68 68 62 62 68 68 68 68 68 68 62
62 68 68 62 62 62 62 62 62 62 62 62 62 62 68 68 68
68 59 59 57 57 57 59 57 57 57 59 59 68 68 68 68 59
59 59 59 59 59 59 57 57 57 59 59 59 68 59 59 59 57
57 57 59 59 59 59 57 57 57 57 57 57 57 57 57 59 59
59 57 57 54 57 57 59 59 59 57 57 57 54 54 52 59 52
52 52 52 52 52 57 54 54 52 57 57 57 59 50 57 50 50
48 57 57 57 57 57 57 59 47 43 43 47 57 42 42 37 42
42 44 44 48 57 57 57 57 57 59 57 57 54 48 57 57 57
54 57 47 44 43 43 43 47 47 57 46 43 43 43 43 43 48
48 48 48 48 48 42 42 43 43 43 43 43 42 42 42 42 34
34 37 37 32 39 39 43 46 43 43 39 39 39 39 39 40 39
37 41 35 31 31 31 31 40 59 47 41 27 22 18 16 11 12
16 22 22 23 28 24 24 28 34 34 48 48 37 41 40 39 39
37 32 27 29 32 26 26 18 18 19 30

>5-2_A70_Premixed TRIM QUALITY: 20
23 23 23 23 16 14 14 19 24 23 25 33 33 33 50 50 50
47 50 53 53 53 50 50 50 57 57 57 57 53 53 53 50 50
53 68 68 68 68 68 68 54 54 54 54 54 54 59 59 59 59
59 59 57 57 59 59 57 68 68 68 68 68 68 68 68 68 68
68 68 68 68 57 57 59 68 68 68 68 68 68 59 57 57 57
57 59 57 68 68 68 68 68 57 57 57 54 54 57 57 68 68
68 68 68 68 68 68 68 57 57 57 57 59 59 59 68 68 68
68 68 68 68 68 68 68 68 68 68 68 68 68 68 68 68 68
57 57 57 57 57 57 59 59 59 57 57 57 57 57 57 68 68
59 59 59 59 59 59 59 68 68 68 68 68 68 68 68 68 68
68 68 68 68 68 68 68 68 68 62 62 62 62 62 62 62 68
68 68 68 68 68 62 62 62 62 62 62 62 62 62 62 68 68
62 62 62 62 62 62 62 68 68 62 62 62 62 62 62 62 62
62 62 62 62 62 52 52 62 62 62 62 62 62 62 62 62 62
62 62 62 62 62 62 62 62 62 62 62 62 68 68 68 68 68
68 68 68 68 68 62 62 62 62 62 62 62 68 68 68 68 68
68 68 68 62 62 62 62 62 62 62 62 62 62 62 62 62 62
62 62 62 62 62 62 62 68 68 62 62 62 62 62 62 62 62
62 62 62 62 62 62 62 62 62 62 68 68 68 68 68 62 62
62 62 52 62 62 62 62 62 62 62 62 62 62 62 62 68 62
62 62 62 62 62 62 62 62 68 68 62 62 62 52 52 52 62
62 62 62 62 62 62 62 62 62 62 62 62 62 62 62 62 62
62 62 62 62 62 62 62 62 62 62 68 68 62 62 62 62 62
62 62 62 52 52 52 62 62 62 62 62 62 62 62 62 62 62
62 62 62 62 62 62 62 62 62 68 68 68 62 62 62 62 62
62 57 57 57 44 43 31 31 43 43 52 52 59 57 57 57 57
57 57 59 59 59 59 57 57 57 57 59 57 57 52 52 52 59
57 59 57 57 57 57 57 57 57 57 57 59 59 59 59 57 57
52 52 52 52 52 52 57 57 52 52 52 57 57 57 59 59 57
57 57 57 59 57 57 57 57 57 52 54 57 59 50 50 48 50
50 50 43 41 41 43 50 47 48 48 48 43 43 39 35 35 42
42 43 57 57 57 48 48 48 57 57 54 47 47 47 47 43 47
44 48 47 57 47 48 48 44 44 43 43 43 36 44 30 32 32
37 37 43 43 43 43 48 48 48 48 43 42 37 32 24 24 32
32 30 37 37 57 57 57 57 28 28 12 12 12 25 25 37 37
47 34 34 20 20 30 34 37 41 37 37 25 25 30 29 32 41
41 47 39 41 37 37 35 35 43 43 43 41 41 47 47 36 35
35 28 26 31 32 32 32 23 23 23 28 19 23 20 20

>5-3_A70_Premixed TRIM QUALITY: 20
20 19 23 23 25 28 28 31 31 31 36 36 38 38 42 42 53
53 53 53 50 47 50 47 42 42 47 53 53 68 68 68 68 68
68 68 68 68 68 68 68 68 68 57 57 57 57 68 68 68 68
68 68 68 68 68 68 68 68 68 68 68 68 68 68 68 68 68
68 68 68 68 68 68 68 68 68 68 68 68 68 68 68 68 68
68 68 68 68 68 68 68 68 68 68 68 57 57 57 57 57 57
68 68 68 68 68 68 68 68 68 68 68 68 68 68 68 68 68
68 68 68 68 68 68 68 68 68 68 68 68 68 68 68 68 68
68 68 68 68 59 59 59 59 59 59 68 68 68 68 68 68 68
68 68 68 68 68 68 68 68 68 68 68 68 68 68 68 68 68
68 68 68 68 68 68 68 68 68 68 68 68 68 68 68 68 68
68 68 68 68 68 68 68 68 68 68 68 68 68 68 68 68 68
68 68 68 68 62 62 62 62 62 62 68 68 68 68 68 68 68
68 68 68 68 68 68 68 68 68 68 68 68 68 62 62 62 62
62 62 62 68 68 62 62 62 62 62 62 62 68 62 62 68 62
62 62 62 68 68 68 68 68 68 68 68 68 68 68 68 68 68
68 68 68 68 68 68 68 68 68 68 68 68 68 68 68 68 68
68 68 68 68 68 68 68 68 68 68 68 68 68 68 68 68 68
68 68 62 62 62 62 62 62 62 62 62 62 62 68 68 68 68
68 68 68 68 68 68 68 68 68 68 68 68 68 68 68 62 62
62 62 62 62 62 62 68 68 68 68 62 62 62 62 62 62 62
62 62 62 62 62 62 68 68 68 68 68 68 68 68 68 68 62
62 62 62 62 62 62 68 68 68 68 68 68 68 62 62 62 62
62 62 62 62 62 62 62 62 62 62 62 62 62 62 62 62 68
68 68 62 62 62 68 68 68 68 68 68 62 62 62 62 62 62
62 68 68 68 68 68 68 68 68 68 68 68 68 68 62 62 62
62 62 62 62 62 62 59 59 59 59 59 59 59 59 68 68 68
68 68 68 68 68 68 59 59 59 59 59 59 59 59 59 59 59
68 59 59 59 57 57 57 59 59 59 59 59 59 59 59 57 59
57 57 57 57 57 57 59 68 59 59 59 57 59 57 59 59 59
59 59 59 59 59 59 57 57 57 57 54 57 57 57 57 57 57
57 57 57 57 57 57 48 50 50 59 44 48 48 59 59 57 57
57 57 57 57 59 59 59 59 59 59 59 57 54 57 57 57 57
57 54 54 54 59 57 57 48 48 48 48 48 57 54 48 48 48
48 48 54 54 54 57 57 54 48 46 43 43 43 48 48 43 46
46 48 57 57 57 57 57 48 57 48 48 48 43 43 37 37 30
37 37 41 41 41 41 41 39 31 31 41 41 41 47 37 37 41
37 37 39 39 33 33 33 33 33 37 41 37 37 32 29 29 32
32 29 29 32 37 37 34 31 20 25 25 34 34 37 36 37

>5-5_A70_Premixed TRIM QUALITY: 20
23 19 23 23 23 23 19 22 22 28 32 33 33 33 33 33 44
44 47 47 50 36 50 36 36 37 37 50 50 50 50 57 59 59
59 59 53 68 68 68 68 68 68 54 54 54 54 50 50 57 57
68 68 59 57 57 68 68 68 68 68 68 68 68 68 68 68 68
68 68 68 68 68 68 68 68 68 68 68 68 68 68 68 68 68
68 68 68 68 68 68 68 68 68 68 68 57 68 68 68 68 68
68 68 68 68 68 68 68 68 68 68 68 68 68 68 68 68 68
68 68 68 68 68 68 68 68 68 68 68 68 68 68 68 68 68
68 68 68 68 68 68 68 68 68 68 68 68 68 68 68 68 68
68 68 68 68 68 68 68 68 68 68 68 68 68 68 68 68 68
68 68 68 68 68 68 68 68 68 68 68 68 68 68 68 68 68
68 68 68 68 68 68 68 68 68 68 68 68 68 68 68 68 68
68 68 68 68 68 68 68 68 68 68 68 68 68 68 68 68 68
68 68 68 68 68 68 68 68 68 68 68 68 68 68 68 68 68
68 62 62 62 62 62 62 62 68 68 68 68 68 68 68 68 68
68 68 68 68 68 68 68 62 62 62 62 62 62 68 68 68 68
68 68 68 68 68 68 68 68 68 68 68 68 68 68 68 68 68
68 68 68 68 68 68 68 68 68 68 68 68 68 68 68 68 68
68 68 68 68 68 68 68 68 68 68 68 68 68 68 68 68 68
68 68 68 68 68 68 68 68 68 68 68 68 68 68 68 68 68
68 68 68 68 68 68 68 68 68 68 68 68 68 68 68 68 68
68 68 68 68 68 68 68 68 68 68 68 68 68 68 68 68 68
68 68 68 68 68 68 68 68 68 68 68 62 62 62 68 68 68
68 68 68 68 68 68 68 68 68 68 68 68 68 68 68 68 68
68 68 68 68 62 62 62 68 68 68 68 68 68 68 68 68 68
68 68 68 68 59 59 59 57 57 57 57 57 68 68 68 68 68
68 68 68 68 68 68 68 68 68 68 68 68 68 68 68 68 59
59 59 59 59 59 59 59 59 59 59 59 59 59 68 68 59 59
57 57 57 57 57 57 59 59 68 68 68 68 68 68 68 59 59
59 57 57 59 59 59 59 59 59 59 59 59 68 68 59 59 59
57 57 59 59 59 59 59 59 59 59 59 57 57 57 57 57 57
57 59 59 59 59 59 68 68 68 68 57 57 57 57 57 57 59
59 59 59 59 59 59 68 68 68 59 59 57 57 54 54 50 54
54 54 54 54 59 59 59 57 57 57 59 59 57 57 59 59 59
59 57 57 48 48 48 50 57 57 57 57 48 48 48 59 47 47
47 47 37 37 32 29 29 35 40 44 47 41 41 47 48 48 48
48 48 43 43 41 43 43 43 43 48 48 48 48 57 57 50 50
48 48 57 57 48 48 48 57 57 48 48 48 48 50 47 47 47
47 39 39 34 31 35 37 47 47 41 41 41 47 47 48 48 48
41 41 41 41 37 37 32 29 29 32 43 59 41 41 41 39 19
17 18 18 18 21 41 41 47 47 37 37 37 31 31 37 30 20
20 12 12 12 27 27 32 29 29 32 36 36 39 39 34 34 23
23 20 32 32 36 28 28 33 33 28 28 22 28 37 37 32 28
28 39 39 37 37 37 29 31 28 28 20 28 28 37 37 28 30
15 15 14 28 24 31 31 32 32 34 34 37 28 28 13 13 13
23 22 37 37 32 25

