>G10_A70_Premixed TRIM QUALITY: 20
24 28 29 29 23 24 21 22 22 28 32 33 33 37 37 37 50
50 50 50 50 53 53 53 50 50 53 57 57 57 57 57 57 57
57 57 53 68 68 68 50 53 50 50 50 50 54 54 54 59 59
68 68 68 68 68 68 68 68 68 68 68 68 68 68 68 68 68
68 68 68 68 68 68 57 57 59 68 68 68 68 68 68 68 68
68 68 68 68 68 68 68 68 68 68 68 68 68 68 68 68 68
68 68 68 68 68 68 68 68 68 68 68 68 68 68 68 68 68
68 68 68 68 68 68 68 68 68 68 68 68 68 68 68 68 68
68 68 68 68 68 68 68 68 68 68 68 68 68 68 68 68 68
68 68 68 68 68 68 68 68 68 68 59 59 59 59 68 68 68
68 68 68 68 68 68 68 68 68 68 68 68 68 68 68 68 68
68 68 68 68 68 68 68 68 68 68 68 68 68 68 68 68 68
68 68 68 68 68 68 68 68 68 68 68 68 68 68 68 68 68
68 68 68 68 68 68 68 68 62 62 62 62 62 62 62 68 68
62 62 62 62 62 62 62 62 68 68 68 68 68 68 68 68 68
68 68 68 68 68 68 68 62 62 62 62 62 62 68 68 68 68
68 68 68 68 68 68 68 68 68 68 68 68 68 68 68 68 68
68 68 68 68 68 68 68 68 68 68 68 68 68 68 68 68 68
68 68 68 68 68 68 68 68 68 68 68 68 68 68 68 68 68
68 68 68 68 68 68 68 68 68 68 62 62 62 62 62 62 62
68 68 68 68 68 68 68 68 68 68 68 68 62 62 62 62 62
62 62 62 62 68 68 68 68 68 68 68 68 68 68 68 68 68
68 68 68 68 68 68 68 68 68 68 68 68 68 68 62 62 62
62 62 62 68 68 68 68 68 68 68 68 68 68 68 68 68 68
68 68 68 68 68 68 68 68 68 68 68 68 68 68 68 68 68
68 68 68 68 62 62 62 62 62 62 62 59 68 68 68 68 68
68 68 68 68 68 68 68 68 68 68 68 68 68 68 68 68 68
68 68 68 68 68 68 59 59 59 59 59 59 59 68 68 59 59
59 59 59 57 59 59 68 59 68 68 68 68 68 68 68 59 59
59 59 59 59 59 59 59 59 59 59 59 59 59 59 59 59 59
59 59 59 59 59 68 59 59 59 59 59 57 57 57 57 57 57
59 59 59 59 59 57 57 57 59 59 59 59 59 59 59 57 59
57 59 57 57 59 59 68 68 68 59 57 57 57 57 57 57 59
59 57 54 54 59 57 57 48 54 54 57 59 68 59 59 59 57
57 59 59 48 57 57 59 59 57 57 57 57 57 57 57 59 59
59 57 59 48 48 48 47 47 47 47 44 39 39 37 41 41 44
47 47 37 37 32 37 37 39 47 47 59 59 59 47 59 59 37
37 37 31 31 37 39 41 41 41 39 39 34 28 30 30 37 37
39 37 36 37 32 23 25 11 11 11 12 12 24 30 37 48 30
30 20 20 20 31 30 41 41 41 37 37 41 43 41 37 23

>G1_A70_Premixed TRIM QUALITY: 20
24 21 23 23 23 23 19 17 17 22 37 37 37 33 33 33 44
44 53 53 47 50 50 53 50 50 50 53 53 50 50 57 59 59
59 59 53 68 68 68 68 68 68 50 50 48 48 47 47 47 59
59 68 68 68 68 68 68 68 68 68 68 68 68 68 68 68 68
68 68 68 68 57 57 47 57 57 59 59 68 68 68 68 68 68
68 68 68 68 68 68 68 68 68 68 68 57 57 57 57 57 57
68 68 68 68 68 68 68 68 68 68 68 68 68 68 68 68 68
68 68 68 68 68 68 68 68 68 68 68 68 68 68 68 68 68
68 68 68 68 68 68 68 68 68 68 68 68 68 68 68 68 68
68 68 68 68 68 68 68 68 68 68 68 68 68 68 68 68 68
68 68 68 68 68 68 68 68 68 68 68 68 68 68 68 68 68
68 68 68 68 68 68 68 68 68 68 68 68 68 68 68 68 68
68 62 62 62 62 62 62 62 68 68 68 68 68 68 68 68 68
68 68 68 68 68 68 68 68 68 68 68 68 68 68 62 62 62
62 62 68 68 68 68 68 68 62 62 62 62 62 62 62 68 68
68 68 68 68 68 68 68 68 68 68 68 68 68 68 68 68 68
68 68 68 68 68 68 68 68 68 68 68 68 62 62 68 68 68
68 62 62 62 62 62 62 62 62 62 62 62 62 62 62 52 52
52 52 62 62 62 52 52 62 62 62 62 62 62 62 62 62 62
62 62 62 62 62 62 62 62 62 62 62 62 62 57 57 57 57
57 57 57 57 52 52 57 52 52 52 57 57 57 59 57 57 57
57 57 57 57 57 57 59 59 57 57 57 57 57 57 57 57 57
57 57 57 57 59 43 35 35 35 43 43 52 52 52 57 52 52
57 57 57 57 57 57 57 52 52 52 52 57 52 52 52 52 57
52 52 52 52 52 59 50 54 50 50 43 37 39 43 47 43 43
43 33 33 27 32 28 42 42 47 47 47 48 57 57 57 57 43
43 39 43 43 44 43 37 37 42 42 37 43 59 57 57 54 42
42 31 30 30 44 44 43 43 43 41 42 37 43 43 42 42 43
42 42 43 39 32 42 30 30 30 39 40 43 43 40 43 39 39
42 42 39 33 33 33 35 28 28 37 37 37 37

>G2_A70_Premixed TRIM QUALITY: 20
26 21 23 23 23 23 18 16 16 19 32 33 33 33 33 33 44
44 47 47 47 47 47 50 50 50 50 57 57 59 57 57 57 57
57 57 53 68 68 54 54 54 57 54 54 46 46 47 47 43 48
48 68 68 68 68 68 68 68 68 68 68 68 68 68 68 68 68
68 68 68 68 57 57 48 57 57 59 59 68 68 68 68 68 68
68 68 68 68 68 68 68 68 68 68 68 57 57 57 57 57 57
68 68 68 68 68 68 68 68 68 68 68 68 68 68 68 68 68
68 68 68 68 68 68 68 68 68 68 68 68 68 68 68 68 68
68 68 68 68 68 68 68 68 68 68 68 68 68 68 68 68 68
68 68 68 68 68 68 68 68 68 68 68 68 68 68 68 68 68
68 68 68 68 68 68 68 68 68 68 68 68 68 68 68 68 68
68 68 68 68 68 68 68 68 68 68 68 68 68 68 68 68 68
68 68 68 68 68 68 68 68 68 68 68 68 68 68 68 68 68
68 68 68 68 68 68 68 68 68 62 62 62 62 62 62 62 68
68 62 62 62 62 62 62 62 68 68 68 68 68 68 68 68 68
68 68 68 68 68 68 68 62 62 62 62 62 62 68 68 68 68
68 68 68 68 68 68 68 68 68 68 68 68 68 68 68 68 68
68 68 68 68 68 68 68 68 68 68 68 68 62 62 62 62 62
62 68 68 68 68 68 68 68 68 68 68 68 68 68 68 68 68
68 68 68 68 68 68 68 68 68 68 62 62 62 62 62 62 62
68 68 68 68 68 68 68 68 68 68 68 68 68 68 62 62 62
62 62 62 62 68 68 62 62 62 62 62 68 68 68 68 68 68
68 68 68 68 68 68 68 62 62 62 62 68 68 68 68 68 68
68 68 68 68 68 68 68 68 62 62 68 68 68 68 68 68 59
59 68 68 68 59 59 59 59 68 68 59 68 68 68 68 59 59
59 59 59 57 57 57 59 57 57 57 59 59 59 59 59 59 59
59 59 59 59 59 59 68 68 68 68 68 68 68 59 59 59 59
57 57 57 59 59 57 57 57 57 57 57 59 54 54 54 59 59
59 59 57 54 54 59 59 59 59 57 57 57 59 59 59 59 59
59 59 59 59 59 59 59 59 59 59 59 59 57 57 59 57 57
57 59 59 59 59 59 57 57 57 57 57 57 57 57 57 57 57
57 57 57 57 48 47 48 48 48 48 54 54 47 47 46 47 57
48 48 48 54 54 54 54 48 48 43 43 40 43 43 48 48 48
37 34 32 32 32 36 39 37 37 37 30 30 14 12 12 27 22
19 9 9 10 11 13 34 34 35 35 28 37 28 22 18 12 12
12 27 25 36 33 33 33 33 23 30

>G3_A70_Premixed TRIM QUALITY: 20
30 28 29 29 23 23 21 22 22 28 37 37 37 42 50 50 50
50 50 47 50 53 53 53 50 50 50 57 57 59 59 59 59 59
59 59 53 54 54 54 48 50 48 48 48 50 54 68 68 59 59
68 68 68 68 68 68 68 68 68 68 68 68 68 68 68 68 68
68 68 68 57 57 57 57 57 59 68 68 68 68 68 68 68 68
68 68 68 68 68 68 68 68 68 68 68 68 68 68 68 68 68
68 68 68 68 68 68 68 68 68 68 68 68 68 68 68 68 68
68 68 68 68 68 68 68 68 57 57 52 43 43 43 43 52 59
59 59 68 59 59 57 57 52 57 57 57 57 57 57 68 57 57
52 52 52 57 57 57 59 59 59 57 57 57 57 57 59 57 57
57 57 57 57 57 57 57 57 57 52 57 62 62 62 62 62 62
62 62 62 62 62 62 62 62 62 62 62 62 62 62 62 62 62
62 62 62 62 62 62 62 62 62 62 62 62 62 62 62 62 62
62 62 62 62 62 62 62 62 62 62 62 62 62 62 62 62 62
62 62 62 62 62 62 54 62 62 62 62 62 62 62 52 62 62
62 62 62 62 62 68 62 62 62 62 62 62 62 62 62 62 62
62 62 62 62 62 62 62 62 62 62 62 62 62 62 62 62 62
62 68 68 68 68 68 62 68 68 62 62 62 62 62 62 62 62
62 62 62 62 62 62 62 62 62 62 62 62 62 62 62 62 62
62 62 62 62 62 62 62 62 62 62 62 62 62 62 62 62 62
62 62 62 62 62 62 62 62 62 62 62 62 62 62 62 62 52
52 52 62 62 62 62 62 62 62 62 68 68 62 62 62 62 62
62 62 62 62 62 62 62 62 68 62 62 62 62 62 62 62 62
62 62 62 62 62 62 62 62 62 62 62 62 62 62 62 62 62
68 68 62 62 62 62 62 62 62 62 62 62 62 62 62 62 52
52 52 52 62 62 62 62 62 62 62 62 62 62 68 68 68 68
68 68 62 62 62 52 52 57 57 57 59 59 59 59 57 57 59
59 59 59 59 59 59 59 59 57 57 57 57 57 68 68 68 68
68 68 68 68 68 68 68 68 68 59 59 57 57 57 57 59 59
59 59 59 59 59 57 57 57 57 59 59 59 59 59 57 57 57
57 59 59 52 52 52 57 57 59 59 57 57 57 59 59 68 68
59 59 59 57 57 54 57 57 54 59 59 68 59 57 57 57 48
48 48 48 57 57 57 57 54 54 59 57 57 48 48 48 57 57
57 57 57 57 57 57 57 57 48 48 48 54 57 59 59 57 57
54 57 57 48 48 54 54 48 57 48 48 48 57 57 48 48 48
48 48 43 43 32 30 30 32 32 35 32 28 22 13 13 13 28
28 40 46 39 39 39 37 31 29 32 33 30 30 30 39 39 39
37 28 28 25 24 24 33 31 31 20 16 16 25 25 24 26 24
32 32 39 39 30 30 20 20 20 19 19 13 8 10 10 11 15
28 23 22 11 10 10 19 19 20 25 30 24 24 12 13 10 10
10 11 18 28 25 25 28 32 32 32 34 28 26 26 32 32 41
28 25 20

>G4_A70_Premixed TRIM QUALITY: 20
23 21 23 24 24 23 21 22 22 28 37 37 37 37 37 39 44
44 53 53 53 36 38 38 36 37 37 57 57 59 57 57 57 57
57 57 57 68 68 54 48 48 47 47 48 54 57 68 68 57 57
57 57 59 59 57 68 68 68 68 68 68 68 68 68 68 68 68
68 68 57 57 57 57 57 57 57 57 57 57 57 57 68 68 68
68 68 68 68 68 68 68 68 68 68 68 57 57 57 57 57 57
68 68 68 68 68 68 68 68 68 68 68 68 68 68 68 68 68
68 68 68 68 68 68 68 68 57 57 54 54 52 57 52 54 54
57 57 68 68 57 59 52 52 52 57 57 57 59 59 68 59 59
59 57 57 57 57 52 52 52 57 57 68 57 59 59 59 57 57
57 59 59 68 68 68 68 68 68 68 68 68 68 68 68 68 68
68 68 68 68 68 68 68 68 68 68 68 68 68 68 68 68 68
68 68 68 68 68 68 68 68 68 68 68 68 68 68 68 68 68
68 68 68 68 68 68 68 68 68 68 68 68 68 68 68 68 68
68 62 62 62 62 62 62 62 68 68 68 68 68 68 68 68 68
68 68 68 68 68 68 68 62 62 62 68 68 68 68 68 68 68
68 68 68 68 68 68 68 68 68 68 68 68 68 68 68 68 68
68 68 68 68 68 68 68 68 68 68 68 68 68 68 68 68 68
68 68 68 68 68 68 68 68 68 68 68 68 68 68 68 68 68
68 68 68 62 62 62 62 62 62 68 68 68 68 68 68 62 62
62 62 62 62 62 68 68 68 68 62 62 62 62 62 62 62 68
68 68 68 68 68 68 68 68 62 62 62 62 62 62 68 68 68
68 68 68 62 62 62 62 62 62 62 62 62 62 62 62 62 62
62 62 62 62 62 62 62 62 62 62 62 62 62 62 62 68 68
68 68 68 68 68 68 62 62 62 62 62 68 68 68 68 68 68
68 68 68 68 68 59 59 57 57 57 57 57 57 57 57 59 59
59 59 68 68 68 68 68 68 68 68 68 68 68 59 59 59 59
59 59 57 59 57 57 57 57 57 68 68 68 68 68 68 59 59
59 59 57 57 59 57 57 57 57 57 57 59 68 59 59 59 57
57 54 57 59 59 59 59 57 57 59 59 59 59 59 59 59 57
57 57 57 57 57 59 59 57 57 54 54 47 57 57 57 48 48
57 57 57 57 57 57 57 57 59 57 57 57 57 57 57 54 54
54 57 57 57 59 59 68 68 68 59 59 48 48 48 57 59 59
59 54 54 54 59 34 34 30 30 30 28 28 40 37 57 48 48
48 57 57 43 47 47 48 57 57 57 57 59 48 48 48 59 59
59 47 44 37 37 31 31 25 27 17 17 13 27 27 36 37 39
28 28 20 15 15 13 13 14 30 28 47 47 42 42 47 32 37
23 20 15 28 19 25 25 40 29 36 39 40 40 32 32 20 20
20 28 28 30 28 22 21 21 21 11 11 11 21 25 37 40 37
37 37 37

>G5_A70_Premixed TRIM QUALITY: 20
20 21 23 23 23 23 21 24 24 30 37 37 37 37 37 37 50
50 50 47 50 53 50 50 50 50 50 50 48 48 50 57 59 59
57 57 53 68 68 48 48 48 42 42 42 48 57 54 54 48 48
48 57 59 57 68 68 68 68 68 68 68 68 68 68 68 68 68
68 57 57 57 57 57 57 57 46 48 48 59 59 59 68 68 68
68 68 68 68 68 68 68 68 68 68 68 57 57 57 57 57 57
59 68 68 68 68 68 68 68 68 68 68 68 68 68 68 68 68
68 68 68 68 68 68 68 68 68 68 68 68 68 68 68 68 68
68 68 68 68 68 68 68 68 68 68 68 68 68 68 68 68 68
68 68 68 59 68 68 68 68 68 68 68 68 68 68 68 68 68
68 68 68 59 59 59 59 59 59 59 68 68 68 68 68 68 68
68 68 68 68 68 68 68 68 62 62 62 62 62 62 62 68 68
68 68 62 62 62 62 68 68 62 68 68 68 68 68 68 68 68
68 68 68 68 68 68 68 68 68 68 68 68 68 68 62 62 62
62 62 62 62 62 62 62 62 68 68 68 68 68 68 68 68 68
68 68 68 68 68 62 62 62 62 62 62 62 62 68 68 68 68
68 68 68 68 68 68 68 68 68 68 68 68 68 68 62 68 68
68 68 68 68 68 68 68 68 68 68 68 68 62 62 62 62 62
68 68 68 68 68 68 62 62 62 62 62 62 62 68 68 68 68
68 68 68 62 62 62 62 62 62 62 62 68 68 68 68 68 68
68 68 68 68 68 68 68 62 62 62 62 62 62 62 62 68 68
68 68 68 68 62 62 62 62 62 62 62 62 68 68 62 62 68
68 62 62 62 62 62 62 62 62 62 68 68 68 68 62 62 62
62 62 62 62 62 62 62 62 62 68 68 68 68 68 68 59 59
59 68 68 68 68 57 57 57 59 59 59 59 59 59 59 59 59
59 68 68 68 57 57 57 57 57 59 59 59 59 59 59 59 59
59 59 59 68 68 68 68 59 59 59 59 59 59 59 59 59 57
57 57 57 57 57 57 57 57 57 57 57 57 57 68 68 57 57
57 57 57 57 57 57 59 59 59 59 59 68 68 68 68 59 59
59 57 57 59 59 59 57 57 57 57 57 57 59 59 59 59 59
59 59 59 59 59 59 59 59 59 57 57 54 57 57 57 57 57
57 57 57 54 54 54 54 54 54 57 54 54 54 54 54 54 54
59 59 59 59 59 68 59 59 59 59 59 48 48 48 47 47 50
50 50 47 48 48 48 48 48 48 48 42 42 42 41 37 28 28
20 18 22 22 37 37 47 47 50 59 59 59 44 44 37 37 39
39 36 29 29 17 17 17 30 19 23 26 30 27 34 34 39 39
47 41 37 37 37 37 37 39 48 46 46 46 48 48 47 47 39
39 28 23

>G6_A70_Premixed TRIM QUALITY: 20
22 28 32 37 37 39 39 43 32 28 28 30 25 23 23 28 43
44 47 47 46 46 48 48 48 47 47 39 42 39 39 39 39 39
39 40 47 47 48 48 48 59 57 57 57 57 57 57 57 57 57
57 54 54 54 47 48 47 47 42 42 32 32 32 42 47 54 54
59 59 59 59 59 57 48 48 48 57 57 54 47 57 57 57 57
41 48 42 41 37 42 47 59 59 59 59 59 57 47 44 44 44
57 48 54 54 57 57 57 57 57 57 57 57 68 68 57 57 48
48 48 57 59 54 54 54 57 57 57 57 54 46 46 43 43 43
43 48 59 59 59 57 48 46 46 43 43 48 48 48 57 59 59
43 37 37 37 43 43 43 39 47 47 34 32 20 20 20 20 28

>G7_A70_Premixed TRIM QUALITY: 20
28 28 28 29 23 23 21 22 22 28 32 28 28 37 37 37 41
42 42 37 37 41 47 53 50 50 53 57 57 57 57 57 57 57
59 59 57 57 57 53 53 50 50 50 50 54 57 54 54 57 57
57 68 68 68 68 68 68 68 68 68 68 68 68 68 68 68 68
68 68 68 68 57 57 54 57 59 59 59 68 68 68 68 68 68
68 68 68 68 68 68 68 68 68 68 68 57 57 57 57 57 57
68 68 68 68 68 68 68 68 68 68 68 68 68 68 68 68 68
68 68 68 68 68 68 68 68 44 44 33 28 28 18 18 18 18
38 44 68 68 57 59 43 43 41 41 41 43 43 59 57 57 45
45 45 57 57 68 68 68 68 68 44 38 32 17 17 17 22 22
20 20 15 24 22 22

>G8_A70_Premixed TRIM QUALITY: 20
24 28 29 29 23 23 19 16 16 19 32 33 33 33 33 33 41
41 53 53 50 53 53 53 50 50 50 57 57 59 57 57 57 57
57 57 53 68 68 54 54 54 54 54 54 54 54 50 50 57 57
57 68 68 68 68 68 68 68 68 68 68 68 68 68 68 68 68
68 68 68 57 57 57 57 57 59 59 68 68 68 68 68 68 68
68 68 68 68 68 68 68 68 68 68 68 68 68 68 68 68 68
68 68 68 68 68 68 68 68 68 68 68 68 68 68 68 68 68
68 68 68 68 68 68 68 68 68 68 68 68 68 68 68 68 68
68 68 68 68 68 68 68 68 68 68 68 68 68 68 68 68 68
68 68 68 68 68 68 68 68 68 68 68 68 68 68 68 68 68
68 68 68 68 68 68 68 68 68 68 68 68 68 68 68 68 68
68 68 68 68 68 68 68 68 68 68 68 68 68 68 68 68 68
68 68 68 68 68 68 68 68 68 68 68 68 68 68 68 68 68
68 68 68 68 68 68 68 68 68 68 68 68 68 68 68 68 68
68 62 62 68 62 62 62 62 68 68 68 68 68 68 68 68 68
68 68 68 68 68 68 68 68 68 68 68 68 68 68 68 68 68
68 68 68 68 68 68 68 68 68 68 68 68 68 68 68 68 68
68 68 68 68 68 68 68 68 68 68 68 68 68 68 68 68 68
68 68 68 68 68 68 68 68 68 68 68 68 68 68 68 68 68
68 68 68 68 68 68 68 68 68 68 68 68 68 68 68 68 68
68 68 68 68 68 68 68 68 68 68 68 68 68 68 68 68 68
68 68 68 68 68 68 68 68 68 68 68 68 68 68 68 68 68
68 68 68 68 68 68 68 68 68 68 68 68 68 68 68 68 68
68 68 68 68 68 68 68 68 68 68 68 68 68 68 68 68 68
68 68 68 68 68 68 68 68 68 68 68 68 68 68 68 68 68
68 68 68 68 68 62 62 62 62 62 62 68 68 68 68 68 68
68 68 68 68 68 68 68 68 68 68 68 68 68 68 68 68 68
68 68 68 68 68 68 68 62 68 68 68 62 62 62 68 68 62
62 62 62 62 62 62 68 68 68 68 68 68 68 68 68 68 68
68 68 68 68 68 68 68 68 68 68 68 62 57 57 57 57 57
59 59 59 59 68 68 68 57 57 57 57 57 57 57 57 57 57
59 59 59 59 59 59 59 59 59 59 59 59 59 59 59 59 59
59 59 59 59 59 59 68 68 68 68 59 59 59 59 59 59 59
59 57 57 57 59 59 59 57 57 57 59 59 59 57 57 57 57
57 57 59 54 57 57 59 59 59 68 59 59 59 57 57 57 57
57 57 59 59 57 57 57 57 57 57 57 57 57 57 59 59 59
57 57 48 48 48 48 48 57 57 59 59 59 59 57 57 48 48
47 47 41 46 46 57 57 57 57 57 59 59 59 54 54 54 48
43 43 43 43 42 39 43 43 39 42 42 42 47 47 57 57 59
59 48 48 48 43 43 43 46 46 47 47 41 41 41 37 34 28
24 24 24 24 30 41 41 41 41 41 41 41 41 41 40 37 41
37 37 32 32 32 32 27 23 26 37 37 41 47 47 39 37 30
30 26 26 30 30 27 31 31 41 41 41 41 41 30 30 22 19
19 25 33 37 39 25 22

>G9_A70_Premixed TRIM QUALITY: 20
28 21 23 24 24 23 18 17 17 22 37 37 37 37 37 37 48
48 48 47 47 50 50 53 50 50 53 59 59 59 57 57 57 57
57 57 53 68 68 68 50 53 54 50 50 48 48 48 48 48 57
57 68 68 68 68 68 68 68 68 68 68 68 68 68 68 68 68
68 68 68 68 68 68 68 68 68 68 68 68 68 68 68 68 68
68 68 68 68 68 68 68 68 68 68 68 68 68 68 68 68 68
68 68 68 68 68 68 68 68 68 68 68 68 68 68 68 68 68
68 68 68 68 68 68 68 68 68 68 68 68 68 68 68 68 68
68 68 68 68 68 68 68 68 68 68 68 68 68 68 68 68 68
68 68 68 68 68 68 68 68 68 68 68 68 68 68 68 68 68
68 68 68 68 68 68 68 68 68 68 68 68 68 68 68 68 68
68 68 68 68 68 68 68 68 68 68 68 68 68 68 68 68 68
68 68 68 68 68 68 68 68 68 68 68 68 68 68 68 68 68
68 68 68 68 68 68 68 68 68 68 68 68 68 68 68 68 68
68 62 62 62 62 62 62 62 68 68 68 68 68 68 68 68 68
68 68 68 68 68 68 68 62 62 62 62 62 62 68 68 68 68
68 68 68 68 68 68 68 68 68 68 68 68 68 68 68 68 68
68 68 68 68 68 68 68 68 68 68 68 68 68 68 62 62 62
62 62 68 68 68 68 68 68 68 68 68 68 68 68 68 68 68
68 68 68 68 68 68 68 68 68 68 68 68 68 68 68 68 68
68 68 68 68 68 68 68 68 68 68 68 68 62 62 62 62 62
62 62 62 62 68 68 68 68 68 68 68 68 68 68 68 68 68
68 68 68 62 62 62 62 62 62 62 68 68 68 68 62 62 62
62 62 62 62 62 62 62 62 62 62 68 68 68 68 62 62 62
62 68 68 62 62 62 62 62 62 57 57 57 57 57 68 68 68
68 68 68 68 59 59 59 57 57 57 59 59 59 59 59 59 59
59 59 59 59 59 59 68 68 68 68 68 68 68 68 59 59 59
59 59 59 59 59 59 59 57 57 57 57 57 57 68 68 59 59
57 57 57 57 57 57 59 59 59 59 59 59 59 59 59 59 57
57 54 54 57 57 59 59 59 59 59 59 57 57 50 57 48 57
57 57 59 59 59 59 59 59 59 57 57 57 59 57 59 48 54
57 59 59 59 59 57 57 57 59 59 57 57 57 57 57 54 54
54 54 54 54 54 57 59 59 68 59 59 54 54 54 54 54 48
43 43 43 43 59 43 43 43 48 48 57 57 48 48 48 48 48
47 39 37 37 37 37 46 41 22 19 19 14 14 19 27 32 29
29 32 41 41 41 41 41 41 41 41 41 30 30

>L10_A70_Premixed TRIM QUALITY: 20
23 19 23 23 23 23 19 22 22 28 32 33 33 37 37 37 50
50 50 50 57 53 53 50 50 50 50 57 57 59 57 57 57 57
57 57 50 68 68 68 68 68 68 57 57 57 57 57 57 59 59
59 59 59 59 68 68 68 68 68 68 68 68 59 59 59 57 68
68 68 68 68 68 68 57 57 59 68 68 68 68 68 68 68 68
68 68 68 68 68 68 68 68 68 68 68 57 57 57 68 57 57
59 68 68 68 68 68 68 68 57 57 57 68 68 68 68 68 68
68 68 68 68 68 68 68 68 57 57 52 37 37 52 59 59 68
68 68 68 68 68 68 59 59 57 57 57 57 57 59 52 52 52
59 59 68 68 68 68 68 68 59 59 57 57 57 57 57 57 57
52 52 52 57 57 57 52 52 52 57 59 62 62 52 52 52 62
62 62 62 52 52 52 52 52 52 62 62 45 45 45 52 52 62
62 62 62 62 62 62 62 62 62 52 52 52 52 62 62 62 62
62 62 52 52 52 62 62 62 62 62 62 39 39 39 43 43 43
43 39 39 39 62 47 62 52 52 52 52 52 52 62 62 62 62
62 52 52 52 62 52 52 43 44 43 31 31 43 43 43 52 52
62 52 52 52 52 62 62 62 62 62 52 52 52 52 62 62 52
52 52 52 62 62 62 62 52 52 52 52 52 43 43 39 39 35
47 47 62 62 52 52 62 62 52 52 52 52 52 52 62 62 52
52 52 52 62 52 52 52 62 52 52 52 62 52 52 52 62 52
62 52 52 52 62 62 62 45 45 45 52 52 62 62 45 45 45
52 52 52 52 57 57 57 57 57 52 52 45 52 52 57 57 57
59 57 44 43 31 31 39 44 43 52 52 52 57 57 57 43 41
39 43 57 57 52 52 52 52 57 57 57 59 52 52 52 52 50
52 52 52 52 52 57 52 52 52 52 43 50 38 38 42 44 44
57 57 54 52 52 43 43 35 35 43 50 44 43 43 43 44 43
43 33 33 33 44 44 54 48 48 48 48 44 57 43 47 47 57
48 48 47 57 44 43 43 46 44 48 44 42 39 35 35 37 42
43 44 44 43 43 43 43 43 48 48 48 48 48 48 46 47 43
43 43 43 43 43 43 43 43 39 42 39 43 46 57 48 48 48
48 43 43 43 43 43 43 47 47 39 39 36 39 32 34 30 15
15 21 21 30 37 37 46 47 46 48 48 48 43 37 37 28 28
29 37 43 43 43 43 43 43 46 47 39 33 33 30 33 31 37
23 23 22 31 31 36 39 43 43 43 46 43 48 43 48 39 37
23 18 11 11 15 25 32 47 43 43 37 37 33 30 30 32 37
37 46 41 41 41 41 37 35

>L1_A70_Premixed TRIM QUALITY: 20
20 20 19 21 24 37 37 39 33 33 33 34 36 36 37 37 57
57 48 48 48 59 59 59 59 48 48 43 43 48 48 57 68 43
43 36 37 37 32 44 44 68 68 68 68 68 68 68 68 68 68
68 59 59 59 57 68 68 68 68 68 44 44 33 35 35 48 48
54 54 54 59 59 68 68 68 68 68 68 68 68 68 68 68 68
57 57 57 57 57 44 44 48 52 52 59 57 68 68 68 68 68
68 68 68 68 68 68 68 68 68 68 68 68 68 68 68 68 68
68 68 68 68 68 68 68 68 68 68 68 68 68 68 68 68 68
68 68 68 68 68 68 68 68 68 68 68 68 68 68 68 68 68
68 68 68 68 68 68 68 68 68 68 68 68 68 68 68 68 68
68 68 68 68 68 68 68 68 68 68 68 68 68 68 68 68 68
68 68 68 68 68 68 68 68 68 68 68 68 68 68 68 68 68
68 68 68 68 68 68 68 68 68 68 68 68 68 68 68 68 68
68 68 68 68 68 68 68 62 62 68 62 62 62 62 68 68 68
68 68 68 68 68 68 68 68 68 68 68 68 68 62 62 62 62
62 62 68 68 68 68 68 68 68 68 68 68 68 68 68 68 68
68 68 68 68 68 68 68 68 68 68 68 68 68 68 68 68 68
68 68 68 68 68 68 68 68 68 68 68 68 68 68 68 68 68
68 68 68 68 68 68 68 68 68 68 68 68 68 68 68 68 68
68 68 68 68 68 68 68 68 68 68 68 68 68 68 68 68 68
68 68 68 59 59 57 57 57 57 57 68 68 68 68 68 68 68
68 68 68 68 68 68 68 68 68 68 68 68 68 68 68 68 68
68 68 68 68 68 68 68 68 68 68 68 68 68 68 68 68 68
68 68 68 68 68 68 68 68 68 68 68 68 68 59 59 57 57
68 68 68 68 68 68 68 68 68 68 59 59 59 57 57 57 57
57 57 57 57 59 59 59 59 68 59 59 59 59 59 59 59 68
68 68 59 59 59 59 57 57 59 59 59 59 59 57 57 57 57
57 57 59 59 59 59 59 59 57 54 57 57 57 54 54 59 59
59 59 59 59 59 57 57 54 57 59 59 59 59 59 59 57 57
57 57 48 48 48 48 48 57 59 48 48 48 48 48 48 40 41
40 41 39 39 30 26 26 39 39 59 59 47 47 47 48 48 48
59 59 59 59 48 48 48 48 48 48 48 48 48 48 48 43 43
48 48 48 48 59 48 48 48 48 48 48 47 47 41 41 41 47
39 41 37 37 32 31 31 30 34 28 34 34 40 41 41 41 39
32 37 39 32 31 31 31 37 37 37 30 25 25 30 23

>L2_A70_Premixed TRIM QUALITY: 20
21 23 23 23 23 17 15 15 19 24 23 25 26 28 27 44 44
48 47 47 47 47 50 50 50 50 53 53 53 53 57 57 57 57
57 53 68 68 68 68 68 68 68 68 43 43 47 47 43 59 59
68 68 68 68 68 68 68 68 68 68 68 68 68 68 68 68 68
68 68 68 57 57 48 57 57 59 59 68 68 68 68 68 68 68
68 68 68 68 68 68 68 68 68 68 68 68 68 68 68 68 68
68 68 68 68 68 68 68 68 68 68 68 68 68 68 68 68 68
68 68 68 68 68 68 68 68 68 68 68 68 68 68 68 68 68
68 68 68 68 68 68 68 68 68 68 68 68 68 68 68 68 68
68 68 68 68 68 68 68 68 68 68 68 68 68 68 68 68 68
68 68 68 68 68 68 68 68 68 68 68 68 68 68 68 68 68
68 68 68 68 68 68 68 68 68 68 68 68 68 68 68 68 68
68 68 68 68 68 68 68 68 68 68 68 68 68 68 68 68 68
68 68 68 68 68 68 68 68 68 68 68 68 68 68 62 62 62
62 62 62 62 68 68 68 68 68 68 68 68 68 68 68 68 68
68 68 68 68 68 68 68 68 68 68 68 68 68 68 68 68 68
68 68 68 68 68 68 68 68 68 68 68 68 68 68 68 68 68
68 68 68 68 68 68 68 68 68 68 68 68 68 68 68 68 68
68 68 68 68 68 68 68 68 68 68 68 68 68 68 68 68 68
68 68 68 68 68 68 68 68 68 68 68 68 68 68 68 68 68
68 68 68 68 68 68 68 68 62 62 62 62 62 62 62 62 62
68 68 68 68 62 62 62 62 68 68 68 68 68 68 68 68 68
68 68 68 68 68 68 68 68 68 68 68 68 68 68 68 68 68
68 68 68 68 68 68 68 68 68 68 68 68 68 68 68 68 68
68 68 68 62 62 62 62 68 68 68 68 68 68 68 68 68 68
68 59 59 59 59 57 57 57 68 68 68 68 68 68 68 68 68
68 68 68 68 68 68 68 68 68 59 59 59 59 59 59 59 59
59 68 68 59 68 68 68 68 68 68 68 68 59 59 59 57 57
59 59 59 59 68 68 68 68 68 68 59 59 59 59 59 59 59
59 59 59 59 59 59 59 57 57 57 57 57 57 59 59 59 59
68 68 68 59 59 59 59 57 57 57 57 47 47 47 57 59 57
57 57 57 57 57 59 59 59 59 59 59 57 57 57 57 57 57
59 59 59 59 59 59 59 57 57 54 54 54 54 54 54 54 54
57 57 57 54 54 54 57 57 48 48 57 57 48 48 43 47 39
43 43 59 59 59 59 48 48 48 48 48 41 41 41 41 41 41
41 31 31 41 41 44 44 44 37 37 37 39 39 39 47 35 35
31 37 37 37 35 31 32 39 39 39 41 41 41 31 24 22 22
21 21 15 17 19 34 34 36 37 41 41 41 39 37 32 29 29
22 25 27 22 27 20 23 23 32 32 30 30 30 37 32 33 32
22 20

>L3_A70_Premixed TRIM QUALITY: 20
23 22 19 19 19 34 34 40 33 33 33 34 36 36 37 42 57
57 59 59 59 59 59 59 59 48 48 43 43 48 48 68 68 43
39 31 32 32 29 43 44 68 68 68 68 68 68 68 68 68 68
68 68 68 68 68 68 68 68 68 68 48 48 39 43 43 59 59
57 57 57 59 59 68 68 68 68 68 68 68 68 68 68 68 68
57 68 68 68 68 43 44 47 52 52 59 59 68 68 68 68 68
68 68 68 68 68 68 68 68 68 68 68 68 68 68 68 68 68
68 68 68 68 68 68 68 68 68 68 68 68 68 68 68 68 68
68 68 68 68 68 68 68 68 68 68 68 68 68 68 68 68 68
68 68 68 68 68 68 68 68 68 68 68 68 68 68 68 68 68
68 68 68 68 68 68 68 68 68 68 68 68 68 68 68 68 68
68 68 68 68 68 68 68 68 68 68 68 68 68 68 68 68 68
68 68 68 68 68 68 68 68 68 68 68 68 68 68 68 68 68
68 68 68 68 68 68 68 62 62 68 62 62 62 62 68 68 68
68 68 68 68 68 68 68 68 68 68 68 68 68 68 68 68 68
68 68 68 68 68 68 68 68 68 68 68 68 68 68 68 68 68
68 68 68 68 68 68 68 68 68 68 68 68 68 68 68 68 68
68 68 68 68 68 68 68 68 68 68 68 68 68 68 68 68 68
68 68 68 68 68 68 68 68 68 68 68 68 68 68 68 68 62
62 62 62 62 62 62 68 68 62 62 62 62 68 68 68 68 68
68 68 68 59 59 57 57 57 59 59 68 68 68 68 68 68 68
68 68 68 68 68 68 68 68 68 68 68 68 68 68 68 68 57
57 59 59 59 59 59 59 57 57 68 68 68 68 68 59 59 59
59 59 59 59 59 59 59 68 68 68 57 57 57 57 57 57 57
57 59 68 68 68 68 68 68 68 68 59 59 59 57 57 59 59
59 57 59 59 59 59 59 59 59 59 59 57 57 57 59 59 59
57 57 57 57 57 57 54 54 57 59 59 59 57 57 48 48 44
57 47 54 54 59 59 54 48 46 43 43 48 48 48 54 57 57
57 59 59 59 57 48 48 48 57 57 59 48 48 48 48 59 57
57 59 48 48 43 43 40 43 43 48 48 48 48 48 48 40 46
40 39 37 37 30 25 25 32 37 37 37 37 37 37 37 43 48
48 48 43 43 43 43 39 39 39 41 47 43 41 37 31 27 27
25 26 27 27 29 29 32 37 37 37 39 25 23 16 16 16 24
23 23 20 21

>L4_A70_Premixed TRIM QUALITY: 20
21 23 23 23 24 21 24 24 30 37 37 37 37 37 37 50 50
53 53 50 53 53 53 50 50 53 50 50 50 53 57 57 57 57
57 53 68 68 68 68 68 68 68 50 48 54 54 54 57 59 59
68 68 68 68 68 68 68 68 68 68 68 59 59 59 57 68 68
68 68 68 68 68 68 68 68 68 68 68 68 68 68 68 68 68
68 68 68 68 68 68 68 68 68 68 68 68 68 68 68 68 68
68 68 68 68 68 68 68 68 68 68 68 68 68 68 68 68 68
68 68 68 68 68 68 68 68 68 68 68 68 68 68 68 68 68
68 68 68 68 68 68 68 68 68 68 68 68 68 68 68 68 68
68 68 68 68 68 68 68 68 68 68 68 68 68 68 68 68 68
68 68 68 68 68 68 68 68 68 68 68 68 68 68 68 68 68
68 68 68 68 68 68 68 68 68 68 68 68 68 68 68 68 68
68 68 68 68 68 68 68 68 68 68 68 68 68 68 68 68 68
68 68 68 68 68 68 68 68 68 68 68 68 68 68 68 68 68
68 68 68 68 68 68 68 68 68 68 68 62 62 62 62 62 62
68 68 68 68 68 68 68 68 68 68 68 68 68 68 68 68 68
68 68 68 68 68 68 68 68 68 68 68 68 68 68 68 68 68
68 68 68 68 68 68 68 68 68 68 68 68 68 68 68 68 68
68 68 68 68 68 68 68 68 68 68 68 68 68 68 62 62 62
62 62 62 62 68 68 68 68 68 68 68 68 68 68 68 68 68
68 62 62 62 62 62 62 62 68 68 68 68 68 68 68 68 68
68 68 68 68 68 68 68 68 68 68 68 62 62 62 62 68 68
68 68 62 62 62 62 62 68 68 68 68 68 68 68 68 68 68
68 68 68 62 62 68 68 68 62 62 62 62 62 62 62 68 68
68 68 68 68 68 68 68 68 68 62 68 68 68 68 68 59 68
68 68 68 59 59 59 68 68 68 68 68 68 68 68 68 68 68
68 59 59 59 59 59 59 59 59 59 57 57 68 68 57 59 59
59 59 59 59 57 57 57 57 57 57 57 57 68 68 68 68 68
68 59 59 59 59 57 59 59 59 59 59 59 59 59 59 57 57
57 57 57 57 57 57 59 59 59 68 59 59 59 59 59 59 59
57 57 57 57 57 57 59 59 59 59 59 59 57 57 57 57 57
57 59 57 57 54 57 57 57 59 57 68 68 68 57 57 54 54
54 57 57 59 59 54 54 54 59 57 57 48 54 54 57 57 68
57 57 54 54 54 48 48 48 48 48 59 57 57 57 48 48 48
48 57 48 48 48 48 59 48 48 48 37 41 33 35 35 34 34
37 41 37 30 27 32 30 30 33 33 28 31 39 34 34 23 23
23 32 28 30 30 30 32 32 47 47 43 43 43 48 48 43 33
33 33 33 30 30 23 19 17 17 18 17 19 27 28 35 37 28
28 25 26 26 28 33 28 22 19 21 28 20 29 29 31 41 37
37 41 37

>L5_A70_Premixed TRIM QUALITY: 20
26 28 29 29 23 23 19 16 16 19 32 33 33 33 33 33 41
41 47 50 50 36 38 36 36 37 37 57 57 57 57 57 57 57
57 57 50 68 68 68 54 54 54 54 54 54 54 68 68 57 57
57 57 59 57 57 68 68 68 68 68 68 68 68 68 68 68 68
68 68 68 68 68 68 68 57 59 59 59 59 59 59 68 68 68
68 68 68 68 68 68 68 68 68 68 68 57 57 57 57 57 57
68 68 68 68 68 68 68 68 68 68 68 68 68 68 68 68 68
68 68 68 68 68 68 68 68 68 68 68 68 68 68 68 68 68
68 68 68 68 68 68 68 68 68 68 68 68 68 68 68 68 68
68 68 68 68 68 68 68 68 68 68 68 68 68 68 68 68 68
68 68 68 68 68 68 68 68 68 68 68 68 68 68 68 68 68
68 68 68 68 68 68 68 68 68 68 68 68 68 68 68 68 68
68 68 68 68 68 68 68 68 68 68 68 68 68 68 68 68 68
68 68 68 68 68 68 68 68 68 68 68 68 68 68 68 68 68
68 62 62 68 62 62 62 62 68 68 68 68 68 68 68 68 68
68 68 68 68 68 68 68 68 68 68 68 68 68 68 68 68 68
68 68 68 68 68 68 68 68 68 68 68 68 68 68 68 68 68
68 68 68 68 68 68 68 68 68 68 68 68 68 68 68 68 68
68 68 68 68 68 68 68 68 68 68 68 68 68 68 68 68 68
68 68 68 68 68 68 68 68 68 68 68 68 68 68 68 68 68
68 68 68 68 68 68 68 68 68 68 68 68 68 68 68 68 68
68 68 68 68 68 68 68 68 68 68 68 68 68 68 68 68 68
68 68 68 68 68 68 68 68 68 68 68 68 68 68 62 62 62
62 62 62 62 68 68 68 68 68 68 68 68 68 68 68 68 68
68 68 68 68 68 68 68 68 68 68 68 68 68 68 68 68 68
68 68 68 68 68 62 62 62 62 62 62 68 68 68 68 68 68
68 68 68 68 68 68 68 68 68 68 68 68 68 68 68 68 68
68 68 68 68 68 68 68 68 68 68 68 68 68 68 68 59 59
57 57 57 57 57 57 57 57 68 68 68 68 68 68 68 68 59
59 59 59 59 59 59 68 68 59 59 59 68 68 68 59 68 68
68 68 68 68 68 68 59 59 59 59 59 59 59 59 59 59 59
59 59 68 68 68 68 68 68 68 68 59 59 59 59 59 57 57
59 59 68 68 68 68 68 68 68 68 57 57 54 54 57 57 59
59 59 59 59 59 59 59 57 59 59 59 59 68 68 68 68 59
59 57 57 48 57 57 57 59 59 59 59 59 57 59 59 57 48
48 48 48 48 48 48 47 47 47 47 44 41 39 37 41 43 44
44 59 47 47 46 48 48 48 59 59 59 59 59 57 57 48 48
48 48 43 43 43 57 57 59 59 59 59 59 59 59 54 54 54
59 59 41 41 20 15 15 34 34 48 48 48 57 59 59 59 59
59 57 57 57 57 48 48 48 48 48 47 59 47 47 47 43 44
37 37 41 41 47 47 47 41 41 48 41 41 41 41 59 43 41
31 31 37 37 37 37 41 46 46 43 43 41 41 41 41 41 41
41 31 34 39 39 32 25 27 32 30 30 30 34 37 37 35 31
28 40 37 39 39 33 33 31 31 31 30 37 37 24 23 15 16
15 30 23

>L6_A70_Premixed TRIM QUALITY: 20
24 28 28 29 23 23 19 14 14 19 29 29 30 37 37 37 50
50 53 53 50 53 53 53 50 50 50 53 53 53 53 57 57 57
57 57 53 68 68 53 53 50 48 48 50 50 54 54 54 59 59
59 68 68 68 68 68 68 68 68 68 68 68 68 68 68 68 68
68 68 68 68 68 68 68 68 68 68 68 68 68 68 68 68 68
68 68 68 68 68 68 68 68 68 68 68 68 68 68 68 68 68
68 68 68 68 68 68 68 68 68 68 68 68 68 68 68 68 68
68 68 68 68 68 68 68 68 68 68 68 68 68 68 68 68 68
68 68 68 68 68 68 68 68 68 68 68 68 68 68 68 68 68
68 68 68 68 68 68 68 68 68 68 68 68 68 68 68 68 68
68 68 68 68 68 68 68 68 68 68 68 68 68 68 68 68 68
68 68 68 68 68 68 68 68 68 68 68 68 68 68 68 68 68
68 68 68 68 68 68 68 68 68 68 68 68 68 68 68 68 68
68 68 68 68 68 68 68 68 68 68 68 68 68 68 68 68 68
68 62 62 68 62 62 62 62 68 68 68 68 68 68 68 68 68
68 68 68 68 68 68 68 68 68 68 68 68 68 68 68 68 68
68 68 68 68 68 68 68 68 68 68 68 68 68 68 68 68 68
68 68 68 68 68 68 68 68 68 68 68 68 68 68 68 68 68
68 68 68 68 68 68 68 68 68 68 68 68 68 68 68 68 68
68 68 68 68 68 68 68 68 68 68 68 68 68 68 68 68 68
68 68 68 68 68 68 68 68 68 68 68 68 68 68 68 68 68
68 68 68 68 68 68 68 68 68 68 68 68 68 68 68 68 68
68 68 68 68 68 68 68 68 68 68 68 68 68 68 68 68 68
68 68 68 68 68 68 68 68 68 68 68 68 68 68 68 68 68
68 68 68 68 68 68 68 68 68 68 68 68 68 68 68 68 68
68 68 68 68 68 59 59 59 59 57 57 68 68 68 68 68 68
68 68 68 68 68 68 68 68 68 68 68 68 68 68 68 68 68
68 68 68 68 68 68 68 57 57 68 68 68 68 68 68 59 59
59 59 59 57 59 59 68 59 68 68 68 68 68 68 59 59 59
59 57 57 59 59 59 59 59 59 59 59 59 59 59 59 59 59
59 59 59 59 59 68 59 59 59 57 57 57 57 57 57 57 57
57 57 59 57 57 57 59 59 59 59 59 59 59 59 59 57 59
57 59 57 59 59 59 68 59 59 59 59 54 57 57 59 59 59
59 59 57 57 59 59 59 54 54 54 59 59 59 57 57 48 48
48 57 59 48 48 48 57 57 57 57 48 48 48 48 48 47 46
47 41 39 39 38 32 32 43 41 41 41 41 39 37 37 41 43
39 47 22 22 12 16 16 26 28 32 36 41 41 41 41 47 47
41 48 37 39 35 33 33 33 33 36 32 31 31 28 23 22 21
16 14 20 22 22 18 18 11 11 11 12 11 20 20 28 33 30
37 28 28 28 28 28 25 22 22 30 31 37 28 27 25 22

>L7_A70_Premixed TRIM QUALITY: 20
25 14 14 19 23 23 25 31 31 31 29 29 30 30 30 30 44
44 50 50 47 50 50 40 40 40 42 53 53 53 53 68 68 68
68 68 68 68 68 54 50 50 48 48 50 46 46 47 47 47 57
57 68 68 68 68 68 68 68 68 68 68 68 59 59 59 57 57
57 68 57 57 57 54 54 57 57 59 59 59 59 59 59 59 68
68 68 68 68 68 68 68 68 68 68 68 57 57 57 57 57 57
59 68 68 68 68 68 68 68 57 57 57 57 59 68 68 68 68
68 68 68 68 68 68 68 68 68 68 68 68 57 57 57 57 57
57 68 68 68 68 68 68 59 59 57 57 59 59 59 68 68 68
68 68 68 68 68 68 68 68 68 68 68 68 68 68 68 68 68
68 68 68 68 68 68 68 68 68 68 68 68 68 68 62 62 62
62 62 62 62 62 62 62 68 68 62 62 68 68 68 62 62 62
62 62 62 62 68 68 68 68 62 68 68 68 68 68 68 68 62
62 62 62 62 62 62 68 68 68 68 68 68 68 68 68 68 68
68 62 62 62 62 62 62 62 68 68 68 68 68 68 68 68 68
68 68 68 68 62 62 62 62 62 62 62 62 62 62 68 68 62
62 62 62 62 68 68 62 62 62 62 62 62 62 68 62 62 62
62 62 62 62 62 62 62 62 62 68 68 68 68 68 68 62 62
62 62 68 62 62 62 62 62 62 62 62 68 68 68 68 68 68
68 68 68 62 62 62 62 62 62 62 62 62 62 62 62 62 62
62 62 62 62 62 62 62 62 62 62 62 62 62 62 59 59 59
59 57 57 57 57 57 57 59 59 59 59 59 59 59 59 59 59
57 57 57 59 59 59 59 59 59 59 59 57 57 57 59 57 57
52 57 57 59 59 57 57 57 57 59 59 59 59 59 59 59 59
59 52 52 52 57 57 52 52 43 52 52 52 59 57 59 59 59
59 59 59 59 59 57 57 54 57 57 57 57 57 48 48 50 59
59 57 59 57 57 57 57 57 57 48 43 43 42 35 35 42 42
43 44 57 59 59 57 57 57 48 48 47 47 47 48 48 48 57
48 39 39 35 39 42 43 43 48 48 48 48 47 47 43 43 43
43 43 48 57 57 48 48 48 57 57 57 57 48 48 48 48 46
46 43 43 40 37 37 37 37 32 28 28 34 34 39 39 37 31
31 36 37 39 39 35 36 36 39 43 43 43 46 39 39 35 39
39 39 39 41 41 41 41 37 37 39 30 28 28 28 27 24 22
25 25 28 30 37 34 34 31 26 26 33 37 37 39 20

>L8_A70_Premixed TRIM QUALITY: 20
22 22 23 15 15 15 19 32 33 33 37 37 37 48 48 48 47
47 36 42 36 36 37 37 57 57 59 57 53 53 50 50 50 50
50 50 50 50 50 57 54 54 54 54 54 54 59 59 57 57 59
59 54 68 68 68 68 68 68 68 57 57 57 57 57 57 68 68
68 57 57 57 57 59 59 59 59 59 59 59 59 57 57 57 57
57 68 68 68 57 57 57 57 57 57 57 57 57 57 68 68 68
68 68 68 68 68 57 57 57 68 68 68 68 68 68 68 68 68
68 68 68 68 68 68 68 68 68 68 68 68 59 59 59 68 68
68 68 57 57 57 57 57 59 59 59 68 68 68 59 59 68 59
59 59 59 68 68 68 68 68 68 68 68 68 68 68 68 59 59
59 59 59 59 59 68 68 68 68 68 68 68 68 68 68 68 68
68 68 68 68 68 68 68 68 68 68 62 62 52 52 52 62 62
62 52 52 52 62 62 68 68 68 62 62 62 62 62 62 62 62
62 62 62 62 62 68 68 68 68 68 68 68 68 68 68 68 68
62 68 62 62 62 62 62 68 68 68 68 68 68 68 68 68 68
68 68 68 68 68 68 68 62 62 62 62 68 68 68 68 68 68
68 62 62 62 62 62 62 62 68 68 68 68 68 68 68 68 68
68 68 68 68 68 68 68 68 68 68 68 68 68 68 68 68 68
68 68 68 68 68 68 68 68 68 68 68 68 62 62 62 62 62
62 62 68 68 68 62 62 62 62 62 62 62 62 62 68 68 68
68 62 62 62 68 68 68 68 68 68 68 68 68 68 62 62 62
62 68 68 68 68 68 68 68 68 68 68 68 68 62 62 62 62
62 62 62 62 62 62 62 62 62 68 68 68 68 68 68 68 62
62 62 62 62 68 68 68 68 68 68 68 68 68 68 62 62 62
62 62 62 62 62 62 62 62 62 62 62 62 62 62 62 62 62
62 62 62 62 62 62 62 62 62 62 62 62 62 62 62 62 62
62 62 52 43 43 57 57 59 59 59 59 59 59 57 59 52 57
57 57 57 68 59 59 59 59 59 57 57 57 59 59 57 59 59
59 59 59 59 59 59 59 59 59 59 59 57 57 57 59 59 59
57 57 54 54 54 54 52 57 52 52 52 57 57 57 59 57 57
57 57 57 59 59 57 52 52 52 52 52 57 54 57 59 59 43
43 43 44 44 47 47 47 59 59 59 59 57 57 57 59 57 57
47 48 47 57 59 48 48 48 48 57 57 46 46 43 46 46 57
57 59 59 47 47 43 48 57 54 54 54 54 46 46 36 37 37
43 43 43 43 48 48 54 54 54 59 43 43 43 43 43 43 43
48 48 48 48 48 48 48 48 43 43 43 43 43 43 39 36 39
39 41 41 41 34 36 35 36 36 39 39 41 39 34 31 27 15
14 16 17 22 30 40 40 40 46 47 47 28 25 25 21 21 25
28 28 31 31 41 41 41 34 32 18 17 17 18 17 27 37 37
37 27 27 22 22 18 20 29 25 22 22 14 14 14 28 30 30
25 25 35 37 37 35 35 35 34 32 31 26 32 34 30 27 23
23 27 34 37 37 34 23

>L9_A70_Premixed TRIM QUALITY: 20
26 28 28 29 25 28 28 31 31 31 36 36 36 32 34 34 44
44 47 47 42 37 43 47 47 47 47 57 57 54 54 59 59 59
68 59 54 54 54 54 54 54 57 54 54 43 43 47 47 43 59
59 68 68 68 68 68 68 68 68 68 68 68 59 59 59 57 57
57 57 68 68 48 57 43 44 44 59 59 54 54 57 59 59 68
68 68 68 68 68 68 68 68 68 68 57 57 57 57 57 57 57
59 57 59 57 59 57 68 68 68 68 68 68 68 68 68 68 68
68 68 68 68 68 68 68 68 68 59 59 43 38 39 42 43 52
52 52 52 52 59 59 59 52 52 52 57 57 57 43 39 39 35
43 43 57 57 57 57 57 57 57 59 68 68 68 59 59 52 52
52 57 57 62 62 68 68 68 68 68 68 68 68 68 68 68 68
68 68 68 68 68 68 68 68 68 68 68 68 68 68 68 68 68
68 68 68 68 68 68 68 68 68 68 68 68 68 68 68 68 68
68 68 68 68 68 68 68 68 68 68 68 68 62 62 62 68 68
68 62 62 62 62 62 62 62 68 68 68 68 68 68 68 68 68
68 68 68 68 68 68 68 62 62 62 62 62 62 68 68 68 68
68 68 68 68 68 68 68 68 68 68 68 68 68 68 68 68 68
68 68 68 68 68 68 68 68 68 68 68 62 62 62 62 62 62
62 68 68 68 68 68 68 68 68 68 68 68 68 68 68 68 68
68 68 68 68 62 62 62 62 62 68 62 62 62 62 62 62 62
68 68 68 68 68 68 68 68 68 68 68 68 68 68 59 59 57
57 57 57 57 68 68 68 68 68 68 68 68 68 68 68 68 68
68 68 68 68 68 68 68 68 68 68 68 68 68 68 59 59 59
59 59 57 57 57 57 57 57 59 59 68 68 59 59 59 68 68
68 59 59 59 59 59 59 59 59 57 57 57 59 57 68 68 68
68 68 68 68 68 59 59 57 57 59 59 59 59 59 59 59 59
59 59 59 59 59 59 59 59 59 59 68 68 68 59 59 59 59
57 57 59 59 59 59 59 59 57 57 57 59 59 57 57 59 59
59 57 48 48 48 48 57 57 57 57 57 57 59 59 59 59 57
57 54 57 59 59 57 57 57 57 57 57 48 48 48 48 48 57
48 59 59 59 48 48 48 48 48 47 47 47 47 59 59 41 36
36 43 59 59 59 47 47 47 48 48 48 48 57 57 57 48 47
46 46 46 48 48 57 48 48 48 43 43 39 39 39 47 59 48
43 43 43 43 47 43 42 37 43 43 47 47 48 48 48 48 43
43 37 37 30 37 37 48 48 48 47 39 39 36 37 37 41 37
37 41 37 37 31 26 26 34 37 37 37 37 25 29 31 37 37
30 34 28 28 28 28 24 24 30 32 36 41 41 41 41 30 34
23 23 14 19 14 25 29 29 35 31 23 19 14 14 19 25 41
29 30 22 25 25 26 20 17 19 17 18 18 22 22 25 34 34
37 31 35 35 27 27 32 29 29 29 31 35 35 33 30 31 33
28 29 29 25 34 32 23 23 20 24 23 25 29 25 28 22 22
22 22 27 28 25

>R10_A70_Premixed TRIM QUALITY: 20
21 23 23 23 23 17 15 15 19 32 33 33 37 37 37 50 50
50 47 50 50 50 50 50 50 50 59 59 59 57 57 57 57 57
57 50 68 68 68 68 68 68 50 50 48 54 54 54 54 59 59
59 59 59 68 68 68 68 68 68 68 68 59 59 59 57 68 68
68 57 57 57 57 57 57 59 59 68 68 68 68 68 68 68 68
68 68 68 68 68 68 68 68 68 68 68 68 68 68 68 68 68
68 68 68 68 68 68 68 68 68 68 68 68 68 68 68 68 68
68 68 68 68 68 68 68 68 68 68 68 68 68 68 68 68 68
68 68 68 68 68 68 68 57 59 68 68 68 68 68 68 68 68
68 68 68 68 68 68 68 68 68 68 68 68 68 68 68 68 68
68 59 59 59 59 68 68 68 68 68 62 62 62 62 62 62 62
62 62 62 62 62 62 62 62 62 62 62 62 62 62 62 68 68
68 68 68 68 68 68 68 62 68 68 68 68 62 62 68 62 62
62 62 62 62 62 62 62 62 62 62 62 68 62 62 68 68 68
62 62 62 62 62 62 62 68 68 68 68 68 68 68 68 68 68
68 68 68 68 68 68 62 62 62 62 62 62 62 68 68 62 62
62 62 68 68 68 62 62 62 62 62 62 62 62 62 62 62 62
62 62 62 68 62 62 62 62 62 62 62 62 62 52 62 62 62
62 68 68 62 62 62 62 62 62 62 62 62 62 62 62 62 68
68 68 62 62 62 62 62 62 62 62 62 62 62 62 62 62 62
62 62 62 62 62 62 62 62 62 62 62 62 62 62 62 62 62
62 62 62 62 62 62 62 62 62 62 62 62 62 62 62 62 62
62 62 62 62 62 62 62 62 62 62 62 62 62 62 62 62 57
59 57 57 57 57 57 57 59 59 59 59 59 57 57 57 59 59
59 59 57 57 52 52 52 57 57 57 57 57 52 57 57 59 59
59 57 57 57 57 57 52 52 52 52 57 57 57 57 57 59 59
57 57 57 57 54 54 52 52 52 54 52 59 52 54 54 54 52
52 52 52 52 52 52 52 52 48 44 50 43 43 43 57 57 57
44 44 23 23 23 37 36 57 57 57 57 44 43 43 43 44 47
43 43 43 57 47 54 54 57 57 48 48 44 47 44 43 43 44
43 43 43 43 47 48 46 48 43 39 37 35 41 32 32 33 42
33 33 33 43 32 36 36 43 43 43 48 43 39 39 36 28 23
28 23 28 34 47 39 39 37 37 33 30 30 30 32 32 39

>R1_A70_Premixed TRIM QUALITY: 20
20 19 23 23 23 23 16 17 17 22 37 37 37 33 33 33 41
44 53 53 50 36 50 36 36 37 37 53 53 53 53 57 57 57
57 57 53 68 68 68 68 68 68 68 68 68 68 68 68 68 68
68 68 68 68 68 68 68 68 68 68 68 68 68 68 68 68 68
68 68 68 68 68 68 68 68 68 68 68 68 68 68 68 68 68
68 68 68 68 68 68 68 68 68 68 68 68 68 68 68 68 68
68 68 68 68 68 68 68 68 68 68 68 68 68 68 68 68 68
68 68 68 68 68 68 68 68 68 59 59 57 57 52 52 52 57
57 59 68 59 59 45 45 45 57 57 57 57 59 59 68 68 57
57 57 52 52 52 52 52 57 59 59 68 68 68 59 59 52 52
52 52 59 59 68 68 68 68 68 68 68 68 68 68 68 68 68
68 68 68 68 68 68 68 68 68 68 68 68 68 68 68 68 68
68 68 68 68 68 68 68 68 68 68 68 68 68 68 68 68 68
68 68 68 68 68 68 68 68 68 68 68 68 68 68 68 68 68
68 62 62 68 62 62 62 62 68 68 68 68 68 68 68 68 68
68 68 68 68 68 68 68 62 62 62 62 62 62 68 68 68 68
68 68 68 68 68 68 68 68 68 68 68 68 68 68 68 68 68
68 68 68 68 68 68 68 68 68 68 68 68 68 68 68 68 68
68 68 68 68 68 68 68 68 68 68 68 68 68 68 68 68 68
68 68 68 68 68 68 68 68 68 68 68 68 68 68 68 68 68
68 68 68 68 68 68 68 68 68 68 68 68 68 68 62 62 62
62 62 62 62 68 68 68 68 68 68 68 68 68 68 68 68 68
68 68 68 68 68 68 68 68 68 68 68 68 68 68 68 68 68
68 68 68 68 68 68 68 68 68 68 68 68 68 68 68 68 68
68 68 68 68 68 68 68 68 68 68 68 68 68 68 68 68 68
68 68 68 68 62 62 62 62 62 62 62 59 68 68 68 68 68
68 68 68 68 68 68 59 59 59 59 59 59 59 59 59 59 59
59 59 59 59 59 68 57 57 57 57 68 68 68 68 68 59 59
59 59 59 57 59 57 68 57 57 57 57 59 59 59 68 68 59
59 59 59 59 59 59 59 59 59 59 59 57 57 57 57 57 57
57 59 59 59 59 59 59 59 59 59 59 59 59 59 59 57 57
59 59 59 59 59 59 59 59 59 57 57 57 57 57 57 57 57
59 59 59 59 59 59 68 68 68 59 59 54 54 54 57 59 59
59 54 54 54 59 57 57 57 57 57 57 57 68 57 57 57 57
57 59 59 48 57 57 59 59 57 57 57 57 48 48 48 57 57
57 57 48 48 48 48 41 41 37 37 37 37 37 37 41 44 59
59 59 46 46 41 43 43 48 48 48 59 59 59 59 59 47 47
42 42 40 57 59 59 59 48 48 54 59 59 59 59 59 57 57
57 48 48 48 48 43 43 43 43 43 43 43 57 57 59 59 48
48 48 47 47 41 39 37 28 27 27 29 37 37 39 39 39 37
31 31 37 37 37 41 47 47 47 37 31 24 28 18 19 13 25
25 37 41 43 39 39 37 31 31 32 37 41 41 41 41 47 47
37 20 19 14 14 19 18 26 32 18 15 14 19 17 8 8 8 8
8 14 15 19 22 20 20 27 27 25 24 18 20 18 16 22 22
22 24 27 28 22 23

>R2_A70_Premixed TRIM QUALITY: 20
20 21 23 23 23 24 21 22 22 28 32 33 33 33 33 33 44
44 53 53 50 53 53 53 53 53 50 53 50 53 53 57 57 57
57 57 53 68 68 68 68 68 68 68 68 68 68 68 68 68 68
68 68 68 68 68 68 68 68 68 68 68 68 57 57 57 57 68
68 68 68 68 68 68 68 68 68 68 68 68 68 68 68 68 68
68 68 68 68 68 68 68 68 68 68 68 68 68 68 68 68 68
68 68 68 68 68 68 68 68 68 68 68 68 68 68 68 68 68
68 68 68 68 68 68 68 68 59 59 43 36 30 30 18 20 20
41 41 68 59 59 43 31 31 31 21 27 23 23 44 44 44 44
30 30 25 23 23 23 23 28 43 43 59 43 43 28 28 23 32
32 59 59 59 59 34 34

>R3_A70_Premixed TRIM QUALITY: 20
24 28 29 29 23 23 19 16 16 19 28 23 23 28 30 30 41
42 50 50 50 41 53 47 50 50 50 53 50 50 53 57 57 57
57 57 53 53 50 50 50 50 48 48 48 50 54 68 68 59 59
68 68 68 68 68 68 68 68 68 68 68 68 68 68 68 68 68
68 68 68 68 68 68 68 68 68 68 68 68 68 68 68 68 68
68 68 68 68 68 68 68 68 68 68 68 68 68 68 68 68 68
68 68 68 68 68 68 68 68 68 68 68 68 68 68 68 68 68
68 68 68 68 68 68 68 68 68 68 68 68 68 68 68 68 68
68 68 68 68 68 68 68 68 68 68 68 68 68 68 68 57 57
57 57 57 68 68 68 68 68 68 68 68 68 68 68 68 68 68
68 68 68 68 68 68 68 68 68 68 68 68 68 68 68 68 68
68 68 68 68 68 68 68 68 68 68 68 68 68 68 68 68 68
68 68 68 68 68 68 68 68 68 68 68 68 68 68 68 68 68
68 68 68 68 68 68 68 68 68 68 68 68 68 68 68 68 68
68 68 68 68 68 68 68 68 68 68 62 62 68 62 62 62 62
68 68 68 68 68 68 68 68 68 68 68 68 68 68 68 68 68
68 68 68 68 68 68 68 68 68 68 68 68 68 68 68 68 68
68 68 68 68 68 68 68 68 68 68 68 68 68 68 68 68 68
68 68 68 68 68 68 68 68 68 68 68 68 68 68 68 68 68
68 68 68 68 68 68 68 68 68 68 68 68 68 68 68 68 68
68 68 62 62 62 62 62 62 62 68 68 68 68 68 68 68 68
68 68 68 68 68 68 68 68 68 68 68 68 68 68 68 68 68
68 68 68 68 68 68 68 68 68 68 68 68 68 68 68 68 68
68 68 68 68 68 68 68 68 68 68 68 68 68 68 68 68 68
68 68 68 68 68 68 68 68 68 68 68 59 59 59 59 59 59
59 59 59 68 68 68 68 68 68 68 68 68 68 59 59 59 57
57 57 57 57 68 68 68 68 59 59 59 68 68 68 68 68 68
68 68 68 68 68 68 59 57 57 57 57 57 57 59 59 59 59
59 59 59 59 57 57 57 57 57 54 57 57 57 57 57 59 59
68 68 68 68 68 68 59 59 59 59 59 59 59 59 59 59 59
59 59 59 50 50 50 50 50 57 59 59 59 59 59 59 59 48
48 47 47 42 41 41 43 43 41 41 44 59 41 41 41 47 47
48 59 59 59 59 59 59 57 57 48 48 48 48 59 59 59 59
59 57 57 48 48 48 48 48 54 57 54 54 48 57 43 43 43
43 43 57 47 48 48 59 48 47 47 37 37 30 37 37 48 47
41 40 39 39 39 32 29 29 29 22 25 27 27 24 22 28 30
39 39 39 39 41 31 37 37 31 32 36 24 24 20 23 18 22
24 24 24 32 34 39 37 29 29

>R4_A70_Premixed TRIM QUALITY: 20
30 28 29 29 23 23 19 22 22 28 37 37 37 42 50 50 50
50 53 53 53 53 53 53 50 50 53 50 50 50 50 57 57 57
59 59 53 68 68 68 54 54 54 54 54 54 54 50 50 57 57
57 57 59 59 68 68 68 68 68 68 68 68 68 68 68 68 68
68 68 68 68 68 68 68 68 68 68 68 68 68 68 68 68 68
68 68 68 68 68 68 68 68 68 68 68 68 68 68 68 68 68
68 68 68 68 68 68 68 68 68 68 68 68 68 68 68 68 68
68 68 68 68 68 68 68 68 68 68 68 68 68 68 68 68 68
68 68 68 68 68 68 68 68 68 59 68 68 68 68 68 57 68
68 68 68 68 68 68 68 68 68 68 68 68 68 68 68 68 68
68 68 68 68 68 68 68 68 68 68 68 68 68 68 68 68 68
68 68 68 68 68 68 68 68 68 68 68 68 68 68 68 68 68
68 68 68 68 68 68 68 68 68 68 68 68 68 68 68 68 68
68 68 68 68 68 68 68 68 68 68 68 68 68 68 68 68 68
68 68 68 68 68 68 68 68 68 68 68 68 68 68 68 68 68
68 68 68 68 68 68 68 68 68 68 68 68 68 68 68 68 68
68 68 68 68 68 68 68 68 68 68 68 68 68 68 68 68 68
68 68 68 68 68 68 68 68 68 68 68 68 68 68 68 68 68
68 68 68 68 68 68 68 68 68 68 68 68 68 68 68 68 68
68 68 68 68 68 68 68 68 68 68 68 68 68 68 68 68 68
68 68 68 68 68 68 68 68 68 68 68 68 68 68 68 68 68
68 68 68 68 68 68 68 68 68 68 68 68 68 68 68 68 68
68 68 68 62 62 62 62 62 62 62 68 68 68 68 68 68 68
68 68 68 68 68 68 68 68 68 68 68 68 68 68 68 68 68
68 68 68 68 68 68 68 68 68 68 68 68 68 68 68 68 59
59 59 59 59 68 68 68 68 68 68 68 68 68 68 57 57 57
59 59 59 59 68 68 68 57 57 57 57 59 59 59 59 68 68
68 68 68 68 59 59 59 59 59 59 59 57 57 57 57 57 57
59 59 68 68 68 68 68 68 68 57 57 59 59 59 59 59 59
59 57 57 57 57 57 68 68 57 59 59 59 59 59 59 59 59
59 59 59 57 57 57 57 57 57 57 57 57 57 57 57 57 57
57 57 57 59 59 59 59 59 59 59 59 59 59 59 59 59 59
68 68 68 68 68 57 57 57 54 54 59 59 59 59 59 59 68
68 68 68 59 59 59 59 59 59 48 48 57 59 59 57 57 57
59 59 59 48 48 48 59 48 46 46 59 59 59 59 44 41 41
43 41 41 41 46 59 46 47 41 39 39 38 32 37 41 41 44
41 41 47 47 48 48 48 48 48 48 48 48 48 42 47 47 47
47 47 48 48 48 47 59 47 47 47 39 39 34 29 32 37 37
25 17 16 19 23 23 33 41 36 28 19 12 12 11 23 21 30
27 24 18 25 20 28 23 23 20 20 23 34 34 41 40 37 26
24 12 12 15 28 26 20 20 20 19 24 30 22 19 22 23 17
13 10 11 12 21 21 31 32 28 31 24 30 22 28 28 28 34
34 27 23

>R5_A70_Premixed TRIM QUALITY: 20
20 22 23 17 15 15 19 22 20 24 24 24 24 43 44 43 39
39 33 38 36 36 37 37 57 57 59 59 59 59 59 59 59 53
68 68 68 54 54 57 57 57 43 43 40 43 39 44 59 68 68
68 68 68 68 68 68 68 68 68 68 68 68 68 68 68 68 68
57 57 57 43 47 47 59 59 68 68 68 68 68 68 68 68 68
68 68 68 68 68 68 68 68 57 68 68 68 68 57 59 57 57
54 59 59 68 68 68 68 68 68 68 68 68 68 68 68 68 68
68 68 68 68 68 68 68 68 68 68 68 68 68 68 68 68 68
68 68 68 68 68 68 68 68 68 68 68 68 68 68 59 59 59
59 59 68 68 68 68 68 68 68 68 68 68 68 68 68 68 68
68 68 68 68 68 68 68 68 68 68 68 68 68 68 68 68 68
68 68 68 68 68 68 68 68 68 68 68 68 68 68 68 68 68
68 68 68 68 68 68 68 68 68 68 68 68 68 68 68 68 68
68 68 68 68 62 62 62 62 62 68 62 62 62 62 62 62 62
62 68 68 68 68 68 68 68 68 68 68 68 68 68 62 62 62
62 62 62 62 62 62 62 62 62 62 68 68 68 68 68 68 68
68 68 68 68 68 68 62 62 62 62 62 62 62 62 62 68 68
62 62 62 62 62 62 62 68 68 68 68 68 68 68 68 68 68
68 68 68 68 68 62 68 62 62 62 62 62 68 68 62 62 62
62 62 62 62 68 68 68 68 68 68 68 68 68 68 68 68 68
68 68 68 68 68 68 68 68 68 68 68 68 62 62 62 62 62
62 62 62 62 62 62 62 62 62 62 62 62 62 62 62 62 59
59 57 57 57 57 57 68 68 68 68 59 59 68 68 68 68 68
68 68 68 59 59 59 57 57 57 57 57 59 59 59 59 59 59
57 57 57 59 59 59 59 59 57 57 59 59 59 68 59 59 68
59 59 59 68 68 68 59 59 59 59 57 57 57 57 57 57 57
59 68 68 59 59 59 59 59 59 57 57 57 57 57 57 57 57
59 59 59 59 57 57 59 54 54 54 57 57 57 57 59 59 59
57 57 57 57 57 59 57 57 57 57 54 54 48 57 57 57 57
59 59 47 43 43 39 39 43 48 48 54 54 57 54 57 57 57
57 47 47 46 46 46 57 43 48 48 48 48 57 57 48 43 43
39 39 35 47 47 48 48 48 48 48 48 41 41 40 39 32 32
20 18 18 32 32 39 39 39 39 39 43 43 48 48 48 43 47
37 37 35 37 35 36 47 43 41 37 37 39 32 31 37 37 39
31 32 38 41 41 41 41 29 29 28 24 24 30 32 32 22

>R6_A70_Premixed TRIM QUALITY: 20
20 22 21 21 24 39 39 39 37 36 33 34 36 36 37 37 57
57 48 48 48 48 48 59 59 48 48 42 42 42 42 48 48 42
32 31 32 32 28 43 44 57 57 57 57 57 68 68 68 68 68
68 57 57 57 68 68 68 68 57 57 43 43 28 33 42 59 59
54 54 54 59 59 68 68 68 68 68 68 68 68 68 68 68 68
68 68 68 68 68 44 44 48 52 52 59 57 68 68 68 68 68
68 68 68 68 68 68 68 68 68 68 68 68 68 68 50 50 38
26 26 18 18 27 43 44 59 68 59 59 35 24 24 21 21 31
43 43 59 59 59 59 43 43 39 42 43 39 39 39 59 59 68
68 68 59 59 52 52 52 59 59 68 68 57 57 43 43 35 35
35 41 43 35 39 31 43 43 43 43 35 35 35 39 39 35 35
35 43 43 35 35 43 43 43 43 62 44 44 35 31 31 35 43
35 35 31 24 24 23 23 26 43 43 43 43 35 35 35 39 43
27 27 23 19 17 17 39 39 39 39 14 14 13 39 39 39 39
39 43 39 41 21 23 23 35 39 31 35 35 39 35 35 39 43
39 39 23 23 29 43 43 45 52 52 43 43 39 39 39 43 35
35 31 31 35 39 43 41 41 39 39 41 43 43 43 31 31 31
43 39 39 39 35 39 35 39 39 39 17 17 17 39 39 31 31
31 27 35 27 39 39 39 39 23 21 21 34 34 35 35 35 35
35 43 43 52 43 43 35 35 35 43 35 41 35 43 30 28 14
14 20 28 28 18 26 17 20 20 41 27 27 20 35 35 43 43
43 27 27 23 38 38 35 35 31 31 31 24 24 14 14 17 36
30 35 23 23 20 23 35 35 35 35 35 39 39 35 29 29 35
35 38 32 20 23 23 39 39 43 43 52 43 43 39 32 32 23
23 23 32 32 31 33 28 27 27 27 38 32 42 33 43 33 33
31 38 33 32 32 23 23 23 43 43 52 52 42 42 33 35 28
32 23 20 20 27 20 23 23 43 32 32 32 20 20 20 27 31
32 35 42 33 33 28 33 26 33 33 42 42 43 43 42 42 28
24 18 14 14 23 30 32 35 35 37 39 41 41 20 20 20 20
28 30 32 37 37 35 41 35 47 43 34 32 25 25 28 33 37
43 43 43 43 43 36 29 28 23 18 18 17 18 17 22 18 32
32 28 28 18 18 18 22 19 19 14 14 18 24 32 28 30 18
23 23 23 23 23 34 28 24 24 28 28 28 25 28 25 25 25
33 32 39 33 29 24 23 23 24 19 17 25

>R7_A70_Premixed TRIM QUALITY: 20
25 21 23 24 23 23 15 15 15 19 32 33 33 33 33 33 44
44 47 47 47 36 42 36 36 37 37 57 57 59 59 59 59 59
59 59 53 54 54 54 50 50 50 50 50 43 43 39 41 39 44
44 57 59 57 68 68 68 68 68 68 68 68 59 59 59 57 68
68 68 68 68 57 57 43 57 57 59 59 68 68 68 68 68 68
68 68 68 68 68 68 68 68 68 68 68 57 57 57 57 57 57
59 68 68 68 68 68 68 68 68 68 68 68 68 68 68 68 68
68 68 68 68 68 68 68 68 38 41 18 18 18 18 41 41 68
68 68 68 68 41 41 20 20 20 41 41 68 68 68 68 68 68
38 38 13 13 13 15 15 38 41 68 68 38 38 16 16 13 13
12 13 13 41 41 68 68 68 68 68 68 68 68 68 68 68 68
68 68 68 68 68 68 68 68 68 68 68 68 68 68 68 68 68
68 68 68 68 68 68 68 68 68 68 68 68 68 68 68 68 68
68 68 68 68 68 68 68 68 68 68 68 68 68 68 68 68 68
68 62 62 62 62 62 62 62 68 68 68 68 68 68 68 68 68
68 68 68 68 62 62 62 62 62 62 62 62 62 68 68 68 68
68 68 68 68 68 68 68 68 68 68 68 68 68 68 68 68 68
68 68 68 68 68 68 68 68 68 68 68 68 68 68 68 68 68
68 68 68 68 68 68 68 68 68 68 68 68 68 68 68 68 68
68 68 68 68 68 68 68 68 68 68 62 62 62 62 62 62 62
68 68 68 68 68 68 68 68 68 68 68 68 62 62 62 62 62
62 62 62 62 68 68 68 68 68 68 62 62 62 62 62 62 68
68 68 68 68 68 68 68 68 68 68 68 68 68 68 68 68 68
68 68 68 62 62 62 62 62 62 68 68 68 68 68 68 68 68
62 62 62 62 62 62 62 62 62 57 57 68 68 68 57 68 68
68 68 68 68 68 59 59 57 57 57 57 57 57 59 59 59 59
59 59 68 68 68 68 68 68 68 68 68 68 68 59 59 59 59
57 57 59 59 59 59 59 59 59 57 57 59 59 59 59 59 59
59 59 57 57 57 57 57 57 57 57 57 57 59 59 59 59 59
59 57 59 59 59 59 59 59 59 59 59 57 57 48 50 46 57
57 57 57 59 59 59 59 59 59 57 57 57 59 59 59 43 43
43 57 57 57 57 54 54 54 57 57 57 57 57 57 57 48 48
48 48 48 54 59 59 57 57 57 48 48 43 43 43 48 57 57
48 48 48 48 57 43 43 43 43 40 43 39 48 43 43 43 43
43 34 34 25 34 34 41 47 41 41 35 31 26 37 37 41 37
37 41 37 37 32 28 28 39 37 37 37 23 23 3 0 3 19 19
36 31 31 28 27 22 24 24 27 31 41 43 46 46 39 37 37
37 28 31 35 41 41 41 41 41 41 37 37 38 39 37 37 29
30 29 29 28 33 27 25 32 23 23 23 34 34 46 46 39 39
36 37 35 31 24 27 22 22 24 22 37 37 32 27 29 32 31
34 34 32 41 43 43 39 32 31 30 30 28 31 37 31 21 21
13 13 13 25 24 30 25 25 32 37 37 37 32 30 24 28 23

>R8_A70_Premixed TRIM QUALITY: 20
20 20 24 24 24 37 37 47 47 39 47 47 47 50 50 50 50
50 50 50 50 50 50 53 53 48 54 54 54 48 48 50 50 50
43 43 36 36 32 44 40 59 59 57 68 68 68 68 68 68 68
68 59 59 59 57 68 68 68 68 68 48 48 39 43 43 59 59
54 54 57 59 59 68 68 68 68 68 68 68 68 68 68 68 68
57 57 57 57 57 50 59 50 52 52 59 57 68 68 68 68 68
68 68 68 68 68 68 68 68 68 68 68 68 68 68 68 68 68
68 68 68 68 68 68 68 68 68 68 68 57 57 57 57 57 59
59 68 68 68 68 68 68 68 68 68 68 68 68 68 68 68 68
68 68 68 68 68 68 68 68 68 68 68 68 68 68 68 68 68
68 68 68 68 68 68 68 68 68 68 68 68 68 68 68 68 68
68 68 68 68 68 68 62 62 62 62 62 62 62 68 68 68 68
68 68 68 68 68 68 68 68 68 68 68 68 68 68 68 62 62
62 62 62 62 62 68 68 68 68 68 68 68 68 68 68 68 68
68 68 68 68 68 68 68 68 62 62 62 68 68 68 68 68 68
68 68 68 68 68 68 68 68 68 68 68 68 68 68 68 62 62
62 62 62 62 62 68 68 68 68 62 62 62 62 62 62 62 68
68 68 68 68 68 68 68 68 68 68 68 68 68 68 68 68 68
68 68 68 68 68 68 68 62 62 62 62 62 62 62 62 62 62
62 62 62 68 68 68 68 68 68 68 68 62 62 62 62 62 62
62 68 68 68 68 68 68 68 68 68 68 68 68 68 68 68 68
62 62 62 62 62 59 57 59 59 68 68 68 68 68 68 68 68
68 68 68 68 68 68 68 68 68 68 68 68 68 68 59 68 68
68 57 57 57 59 57 57 57 68 68 68 57 59 57 57 57 59
59 59 59 59 57 57 57 57 57 57 57 57 59 59 59 59 68
68 68 68 68 68 68 68 68 68 68 68 59 59 59 57 57 57
59 59 57 57 57 57 57 57 57 57 57 57 59 59 57 57 57
48 48 48 57 48 54 57 57 57 59 57 57 57 57 59 57 57
57 57 57 57 57 57 57 57 48 48 43 43 43 59 47 54 54
57 54 54 54 59 59 54 48 48 48 39 39 42 42 48 57 57
43 43 43 48 48 48 48 48 57 57 57 59 46 46 43 47 46
46 47 47 47 47 43 41 37 37 41 41 41 37 37 39 41 41
41 41 30 30 28 25 25 30 34 43 39 39 27 24 24 23 26
20 31 31 39 47 47 43 39 34 32 41 41 41 37 35 35 19
15 11 11 11 19 27 41 37 12 19 9 9 9 12 14 21 18 11
11 15 16 17 28 24 25 30 37 37 35 31 33 28 28 18 27
24 28 23 28 28 35 39 32 32 35 36 36 32 20

>R9_A70_Premixed TRIM QUALITY: 20
24 28 28 29 23 23 17 15 15 19 24 23 25 26 28 26 43
44 48 47 47 36 42 50 50 50 50 59 59 59 57 57 57 57
57 57 53 54 54 54 48 48 68 68 68 43 43 47 47 43 46
46 68 68 68 68 68 68 68 68 68 68 68 57 57 57 57 68
68 68 68 57 57 47 41 47 47 59 59 68 68 68 68 68 68
68 68 68 68 68 68 68 68 68 68 68 57 57 54 54 54 57
59 68 68 68 68 68 68 68 68 68 68 68 68 68 68 68 68
68 68 68 68 68 68 68 68 59 59 42 33 33 29 33 33 35
59 59 68 59 59 43 35 35 35 33 33 33 44 44 68 44 44
23 23 23 38 38 35 35 35 59 59 68 68 68 68 68 59 59
45 45 45 59 59 68 68 68 68 68 68 68 68 68 68 68 68
68 68 68 68 68 68 68 68 68 68 68 68 68 68 62 62 62
62 62 62 62 68 68 68 68 68 68 68 68 68 68 68 68 68
68 68 68 68 68 68 68 68 68 68 68 68 68 68 68 68 68
68 68 68 68 68 62 62 62 62 68 68 68 68 68 68 68 68
68 68 68 68 68 68 62 62 62 62 62 62 62 68 68 68 68
68 68 68 68 68 68 62 62 62 62 62 62 62 62 62 62 62
62 62 68 68 62 62 62 62 62 62 62 68 68 68 68 68 68
68 68 62 68 68 68 68 68 68 68 62 62 62 62 62 62 62
62 62 62 62 62 62 62 68 68 68 68 68 68 68 68 68 68
68 68 68 68 68 68 68 68 68 68 68 68 68 68 68 62 62
62 62 62 62 62 62 62 62 62 62 62 68 68 68 68 68 68
62 62 59 59 57 57 57 57 57 57 57 57 59 59 59 59 68
68 68 68 68 68 68 59 59 59 59 59 59 68 68 68 59 59
59 59 59 59 59 59 57 57 57 57 57 57 59 59 59 68 68
59 59 59 59 59 59 68 68 68 57 57 57 57 59 57 57 68
68 68 68 68 68 68 68 68 68 68 59 59 57 57 57 59 59
59 59 59 59 59 59 59 59 68 68 68 68 68 68 68 68 68
68 59 59 59 59 59 59 57 59 59 59 59 57 57 57 57 57
57 59 59 59 59 57 57 48 48 48 54 57 57 59 59 59 59
59 59 59 59 57 57 54 54 54 57 57 57 57 59 57 59 57
57 48 48 46 46 46 57 57 59 59 59 59 43 43 40 40 40
39 34 39 35 31 31 40 59 40 41 40 40 40 43 43 48 59
57 48 59 48 48 46 47 46 43 47 43 41 32 32 39 39 36
36 36 39 31 34 38 41 41 41 47 39 39 40 43 40 47 39
41 37 25 20 11 11 11 23 21 37 37 46 46 46 46 41 41
41 41 34 37 37 37 41 34 26 20 20 20 34 34 41 37 37
21 18 17 19 17 8 13 9 9 9 13 16 22 31 27 31 37 37
25 24 20 20 22 25 22 31 28 28 24 27 33 36

