>L11_A70_Premixed PHD_FILE: L11_A70_Premixed.phd.1
7 7 7 7 8 8 10 9 9 9 8 8 8 8 8 8 11 12 13 13 15 8 8
8 8 15 15 15 19 13 10 10 8 11 10 10 12 11 19 21 23
23 23 23 19 17 17 22 30 30 30 33 33 33 48 48 50 47
50 36 36 36 36 37 37 57 57 59 57 57 57 57 57 57 53
68 68 68 68 68 68 50 50 48 54 54 54 59 59 59 59 59
59 54 68 68 68 68 68 68 68 68 68 68 68 68 68 68 68
68 68 68 68 68 68 68 68 68 68 68 68 68 68 68 68 68
68 68 68 68 68 68 68 68 68 68 68 68 68 68 68 68 68
68 68 68 68 68 68 68 68 68 68 68 68 68 68 68 68 68
68 68 68 68 68 68 68 68 68 68 68 68 68 68 68 68 68
68 68 68 68 68 68 68 68 68 68 68 68 68 68 68 68 68
68 68 68 68 68 68 68 68 68 68 68 68 68 68 68 68 68
68 68 68 68 68 68 68 68 68 68 68 68 68 68 68 68 68
68 68 68 68 68 68 68 68 68 68 68 68 68 68 68 68 68
68 68 68 68 68 68 68 68 68 68 68 68 68 68 68 68 68
68 68 68 68 68 62 62 62 62 62 62 62 68 68 62 62 62
62 62 62 62 62 62 62 62 68 68 68 68 68 68 68 68 68
68 68 68 68 68 68 68 62 68 68 68 68 68 68 68 68 68
68 68 68 68 68 68 68 68 68 68 68 68 68 68 68 68 68
68 68 68 68 68 68 68 68 68 68 68 68 68 68 68 68 68
68 68 68 68 68 62 62 62 68 68 68 68 68 68 68 68 68
68 68 68 68 68 68 68 68 68 68 68 68 68 68 68 68 68
68 68 68 68 68 68 68 68 68 62 62 62 62 62 68 68 68
68 68 68 68 68 68 68 68 68 68 68 68 68 68 68 68 68
68 68 68 68 68 68 68 68 68 68 68 62 62 62 62 62 62
62 62 62 62 62 62 62 62 62 62 68 68 68 68 68 68 68
68 68 68 68 62 62 62 62 62 62 62 68 68 68 68 68 68
68 68 68 68 59 59 59 57 57 59 59 59 59 59 59 68 59
59 59 59 59 59 59 59 59 59 68 68 68 68 68 68 68 59
59 59 59 59 59 59 59 59 57 57 57 59 57 57 57 59 59
57 57 57 52 52 57 59 59 59 59 59 59 59 57 57 57 57
57 54 59 59 59 59 59 59 59 57 59 57 57 50 50 50 57
57 59 59 59 57 57 59 59 59 54 54 54 57 57 57 48 48
48 59 59 57 57 47 48 48 57 59 57 57 57 57 57 47 57
44 44 43 43 57 57 57 57 57 59 59 48 48 48 57 59 54
48 48 48 48 48 42 42 43 43 43 47 42 48 48 48 48 43
43 40 40 25 33 34 43 43 48 48 47 47 48 48 48 47 47
41 39 37 37 30 25 25 34 34 36 36 33 32 31 36 41 43
34 34 25 25 25 30 30 32 34 29 32 41 39 37 39 37 37
35 32 24 30 32 35 31 31 37 41 47 47 47 39 37 37 37
31 37 31 31 31 33 28 24 28 20 20 20 34 34 41 48 28
28 12 13 13 21 21 32 27 31 31 31 39 37 35 31 26 35
31 27 28 18 18 18 30 30 34 29 32 24 21 15 21 13 21
21 31 35 41 34 34 31 24 24 20 18 18 18 18 14 20 17
19 13 16 11 11 14 17 22 35 31 33 24 22 17 19 19 14
14 19 19 21 17 16 9 9 9 19 15 22 22 24 22 22 28 23
23 11 11 11 20 20 24 20 23 20 18 22 22 28 22 12 13
11 13 12 16 16 16 20 28 28 22 26 32 32 20 19 18 21
13 10 15 16 12 11 9 11 14 14 23 14 14 16 19 19 16 8
8 9 10 9 12 12 13 9 9 9 9 10 9 11 15 21 19 11 11 11
14 19 14 8 8 9 9 9 19 13 8 6 8 7 7 7 10 10 10 11 15
11 6 6 6 6 6 6 8 8 11 9 7 6 6 8 8 8 8 10 9 9 9 7 7
6 6 6 8 8 8 8 8 9 8 8 8 15 9 8 8 8 6 6 9 6 6 6 6 6
6 9 10 10 11 8 8 10 8 8 6 6 6 6 6 6 6 6 6 6 6 8 9 11
11 11 11 11 6 6 6 6 8 6 9 11 10 10 10 10 8 8 8 8 8
8 8 8 8 8 10 10 10 10 11 11 6 6 6 6 6 8 9 11 10 8 8
8 8 10 8 8 6 6 6 6 6 8 8 8 8 9 10 8 8 10 8 8 8 8 6
6 6 6 6 6 6 6 6 9 8 10 8 8 8 8 8 8 8 8 6 6 6 6 6 6
8 8 8 8 6 9 8 8 8 8 10 17 20 20 37 26 21 11 11 8 6
6 6 10 6 8 8 10 11 11 8 8 8 6 6 6 8 6 6 6 6 6 8 8 8
8 8 8 8 9 9 12 9 12 12 12 11 10 10 10 8 8 8 8 8 8 8
8 8 8 8 11 11 11 11 11 11 8 6 6 6 6 6 11 12 9 9 9 18
22 25 25 10 9 9 8 8 8 8 8 8 8 8 8 8 8 8 8 8 8 8 8 8
9 9 7 8 8 9 10 9 11 11 11 8 7 6 7 7 7 10 8 8 7 8 6
6 6 6 6 11 22 28 15 15 11 10 10 12 12 16 10 10 10 10
10 10 6 6 6 6 6 7 7 7 6 6 6 7 6 6 8 6 6 6 10 10 10
10 19 18 18 9 8 8 8 8 8 12 8 13 8 8 8 8 6 6 6 6 6 6
6 6 6 6 6 8 6 6 6 6 9 9 9 8 8 6 6 8 8 9 8 8 7 7 7 8
8 10 10 8 8 8 8 6 6 8 8 8 9 9 11 15 15 8 6 6 6 8 8
8 8 8 6 7 8 6 6 9 12 12 11 10 10 8 8 8 6 8 6 6 8 8
7 7 8 9 8 8 6 6 6 6 8 8 10 10 9 9 6 6 6 6 8 6 9 6 10
8 8 8 8 18 3 0 3 8 8 8 8 8 8 8 8 8 8 8 9 10 8 8 6 6
6 6 8 8 10 11 3 0 3 7 6 6 6 6 6 6 6 8 8 8 
>L12_A70_Premixed PHD_FILE: L12_A70_Premixed.phd.1
6 6 6 7 7 7 8 8 7 7 7 6 6 6 9 6 6 6 6 8 6 8 8 8 8 9
12 11 8 12 8 10 10 11 11 11 11 11 11 22 22 23 19 15
15 19 23 23 22 24 26 26 44 44 48 36 36 36 36 36 36
42 42 57 57 59 57 53 53 53 53 53 48 54 54 54 48 48
50 48 48 43 43 47 47 43 46 46 57 59 57 57 68 68 68
68 68 68 68 68 68 68 68 68 68 68 68 68 57 57 47 57
57 59 59 68 68 68 68 68 68 68 68 68 68 68 68 68 68
68 68 68 57 57 57 57 68 68 68 68 68 68 68 68 68 68
68 68 68 68 68 68 68 68 68 68 68 68 68 68 68 68 68
68 68 68 68 68 68 68 68 68 68 68 68 68 68 68 68 68
68 68 68 68 68 68 68 57 57 59 59 68 68 68 68 68 68
68 68 68 68 68 68 68 68 68 68 68 68 68 68 68 68 68
68 68 68 68 68 68 68 68 68 68 68 68 68 68 68 68 68
68 68 68 68 68 68 68 68 68 68 68 68 68 68 68 68 68
62 68 68 68 68 68 68 68 68 68 68 68 68 68 68 68 68
68 68 68 68 68 68 68 68 68 68 62 62 62 62 62 62 62
68 68 68 68 68 68 68 68 68 68 68 68 68 62 62 62 62
62 62 62 62 62 62 68 68 68 68 68 68 68 68 68 68 68
68 68 68 68 68 68 62 68 68 68 68 68 68 68 68 68 68
68 68 68 68 68 68 68 68 68 68 68 68 68 68 68 68 68
68 68 68 68 68 68 68 68 68 68 68 68 68 68 68 68 68
68 68 62 62 62 62 62 62 62 68 68 62 62 62 62 68 68
68 68 68 68 62 62 59 59 57 57 57 57 57 68 68 57 59
59 59 68 68 68 68 68 68 68 68 68 68 68 59 59 59 59
59 59 57 57 57 57 57 57 59 68 68 59 59 59 59 59 59
59 59 68 59 59 59 57 57 59 59 68 68 68 59 59 59 59
57 59 59 59 59 68 68 68 68 68 59 59 59 59 59 59 57
57 57 59 57 57 59 57 57 57 59 57 57 57 59 48 54 54
59 59 59 59 57 57 57 57 57 54 54 57 59 59 59 59 57
48 48 47 57 57 57 57 57 59 48 47 47 47 47 48 48 48
54 54 54 54 59 54 54 54 48 48 48 48 48 48 48 48 48
48 48 57 43 43 43 40 39 39 39 43 43 46 46 48 48 48
48 46 46 40 41 37 39 30 25 25 37 37 39 39 39 39 39
43 43 46 47 46 43 43 43 43 43 43 43 43 47 47 48 48
48 47 47 43 43 43 47 47 39 39 39 37 37 43 34 34 28
31 31 34 34 35 31 31 35 37 37 31 31 25 28 28 39 43
43 43 36 31 28 36 28 28 28 31 35 32 32 20 18 18 32
29 30 25 25 32 28 31 37 32 22 28 23 20 20 23 19 18
28 24 28 35 37 35 35 33 33 30 30 22 23 30 32 28 28
32 36 37 31 31 35 37 41 41 31 31 22 22 20 19 16 16
21 12 12 12 28 28 39 40 32 32 25 28 28 29 24 28 22
24 25 24 30 20 14 12 12 17 15 24 27 29 32 36 36 30
27 24 25 25 24 29 34 29 22 24 20 28 28 29 29 24 20
20 28 28 31 37 37 34 30 21 14 14 12 21 23 19 16 14
25 18 18 14 13 13 13 13 13 11 21 13 15 15 23 19 24
24 22 21 17 8 8 8 8 12 16 27 22 21 22 14 14 14 21 19
18 18 15 15 11 11 11 12 15 19 19 14 15 17 19 23 23
15 22 22 28 22 20 15 17 15 15 12 12 11 15 11 14 15
18 21 17 15 20 15 16 10 10 9 11 9 9 9 14 17 20 19 15
15 15 16 15 15 10 10 9 10 10 10 18 9 9 8 9 8 11 14
16 16 15 19 16 22 21 22 10 10 9 9 9 8 8 8 8 10 8 9
9 14 12 12 11 8 8 8 8 8 8 8 10 11 10 11 10 11 9 9 8
8 9 9 10 13 11 11 9 8 8 6 6 8 7 7 7 9 8 8 10 10 8 8
6 7 7 8 12 12 10 10 10 8 8 6 8 8 6 9 9 11 15 14 8 8
8 8 8 8 9 11 11 8 8 8 8 8 8 11 11 9 8 7 6 6 6 8 8 8
8 8 8 8 8 8 9 11 11 11 11 8 8 8 8 8 8 8 8 6 6 6 6 6
6 6 6 6 8 8 8 8 8 8 11 10 10 9 10 9 9 6 6 6 6 6 6 9
9 9 9 8 6 6 6 6 6 8 8 8 8 8 8 8 8 8 8 8 8 8 8 10 13
12 10 10 10 10 10 10 8 6 6 6 8 8 8 8 9 11 12 17 12
8 6 6 7 7 7 6 6 6 6 6 7 9 10 9 9 9 9 9 7 7 7 8 8 11
18 11 11 10 10 10 12 12 11 9 9 10 10 10 11 8 6 6 6
6 7 6 6 6 6 6 8 8 8 8 6 6 6 6 10 11 11 11 11 13 11
11 11 11 11 10 10 8 8 6 6 6 6 12 9 9 9 9 9 9 11 11
12 16 11 11 9 9 9 9 9 10 10 10 10 9 9 8 8 8 8 6 6 6
6 8 6 6 6 6 8 10 10 8 8 6 6 8 8 11 8 8 8 8 8 8 8 13
9 9 9 9 9 10 7 6 6 6 6 6 10 11 8 8 8 8 8 7 8 10 11
11 8 6 6 6 6 6 6 6 6 6 8 8 8 8 8 8 6 8 6 6 6 6 6 8
8 8 13 9 9 8 7 7 6 8 8 9 11 12 19 16 19 11 11 10 8
8 8 9 15 8 8 6 8 6 8 8 8 8 8 8 8 8 10 8 8 8 8 8 9 15
10 10 8 6 6 6 10 6 8 10 11 6 6 6 6 6 8 8 6 6 6 6 6
6 8 8 8 8 8 8 8 8 10 12 15 12 6 8 6 6 10 6 8 8 8 8
8 8 8 8 6 6 8 8 8 8 8 7 9 9 9 9 9 7 7 8 8 6 6 6 7 10
8 9 9 8 8 8 8 8 8 8 8 6 6 6 6 8 6 6 6 8 8 10 10 8 14
8 10 8 8 6 6 8 8 6 6 6 6 6 6 6 6 7 10 8 7 7 9 9 11
9 10 10 10 10 6 8 6 7 8 6 9 9 9 9 9 9 17 10 6 6 6 6
6 6 8 6 8 8 8 8 6 6 9 8 8 8 8 8 8 
>L13_A70_Premixed PHD_FILE: L13_A70_Premixed.phd.1
8 8 6 6 6 8 8 10 12 12 10 10 10 8 8 6 6 6 6 8 6 6 6
8 8 9 14 10 8 12 8 10 10 10 10 10 11 11 11 22 22 23
16 15 15 19 23 23 25 28 28 26 39 39 47 47 47 36 36
36 36 37 37 53 53 53 53 57 57 57 57 57 48 54 54 54
48 48 68 68 50 43 43 47 47 43 44 44 68 68 68 68 68
68 68 68 68 68 68 68 68 68 68 68 68 68 68 68 57 57
47 47 47 59 59 68 68 68 68 68 68 68 68 68 68 68 68
68 68 68 68 57 57 57 54 54 57 57 59 57 57 57 59 57
68 68 68 68 68 68 68 68 68 68 68 68 68 68 68 68 68
68 68 68 68 68 68 68 68 68 68 68 68 68 68 68 68 68
68 68 68 68 68 68 68 68 68 68 68 68 68 68 68 68 68
68 68 68 68 68 68 68 68 68 68 68 68 68 68 68 68 68
68 68 68 68 68 68 68 68 68 68 68 68 68 68 68 68 68
68 68 68 68 68 68 68 68 68 68 68 68 68 62 62 62 62
62 62 62 68 68 68 68 68 68 68 68 68 68 68 68 68 68
68 68 68 68 68 68 68 68 68 68 68 68 62 62 62 62 62
62 62 68 68 68 68 68 68 68 68 68 68 68 68 68 62 62
62 62 62 62 62 62 62 62 68 68 68 68 68 68 68 68 68
68 68 68 68 68 68 68 68 68 68 68 68 68 68 68 68 68
68 68 68 68 68 68 68 68 68 68 68 68 68 68 68 68 68
68 68 68 68 68 68 68 68 68 68 68 68 68 68 68 68 68
68 68 68 68 68 68 68 68 68 68 62 68 68 68 68 68 68
68 68 68 68 68 68 68 68 59 59 59 59 59 59 59 68 68
68 68 68 68 68 68 68 68 68 68 68 68 68 68 68 59 59
59 59 59 59 59 68 68 68 68 68 68 68 68 68 68 68 68
68 57 57 59 68 68 68 68 68 68 68 68 68 68 68 59 59
59 59 59 57 57 68 68 68 68 68 68 68 68 68 68 68 59
59 57 57 57 57 57 57 57 57 59 59 59 59 59 59 59 54
54 54 59 59 59 59 59 59 59 57 57 54 57 57 59 59 59
57 57 54 54 48 57 57 57 57 59 59 48 47 47 47 47 48
48 54 54 54 57 57 59 57 57 54 47 48 43 47 47 59 43
48 48 48 57 48 47 47 43 40 39 43 39 47 47 48 48 48
59 48 48 46 46 46 41 34 34 25 22 22 34 34 47 47 39
41 41 43 43 48 48 48 43 43 43 39 39 39 39 39 47 39
41 36 36 39 39 36 36 36 32 29 29 32 35 35 35 39 26
26 19 18 18 25 32 37 39 39 39 39 39 25 25 17 25 25
37 37 39 39 33 29 25 30 30 36 28 31 35 25 21 18 18
18 27 28 25 21 21 24 31 29 32 27 14 20 11 11 11 18
14 22 24 20 14 14 14 24 26 28 28 22 22 17 22 20 23
24 19 24 28 34 28 31 28 32 36 32 15 16 9 9 9 17 12
11 11 11 15 15 22 15 16 16 24 19 22 23 28 21 22 19
17 17 17 22 28 18 13 13 14 21 19 26 26 22 21 19 13
13 12 12 12 13 17 22 21 18 14 16 12 11 11 16 16 15
16 16 24 28 30 37 33 30 28 28 28 29 31 27 30 23 15
12 14 10 10 8 9 9 8 8 8 8 8 10 10 10 12 14 25 30 34
25 22 22 24 19 20 22 21 21 17 12 18 11 11 10 9 9 9
9 10 16 12 11 11 13 14 27 34 24 20 17 17 22 19 15 15
15 16 19 16 16 16 19 18 12 10 9 11 11 11 13 14 12 15
15 19 15 19 10 9 8 6 8 6 6 8 6 11 16 14 12 13 15 12
14 12 12 9 10 8 8 8 14 8 8 11 12 14 13 13 8 8 8 8 8
8 12 9 9 9 10 9 9 9 9 8 8 8 8 8 8 8 10 8 8 8 8 8 8
10 8 11 11 12 13 8 8 6 6 6 6 8 6 6 8 8 9 10 10 10 10
12 16 16 11 12 10 8 8 8 8 8 8 10 11 10 11 9 9 8 8 8
8 9 8 8 8 8 7 6 8 6 6 8 7 8 7 8 8 10 11 11 11 10 9
9 9 9 6 7 6 6 6 6 7 6 6 6 6 8 8 8 8 8 8 9 9 9 8 8 8
8 8 8 11 11 11 11 11 15 12 12 6 6 6 6 6 6 10 11 8 8
6 6 6 6 8 8 11 10 8 8 8 6 6 6 6 6 6 6 6 6 6 6 6 7 11
13 13 11 11 9 8 8 8 8 8 10 17 17 11 9 9 9 9 9 9 9 9
9 9 6 6 6 7 6 6 8 9 8 9 9 17 9 9 9 12 13 12 6 8 6 7
8 8 8 8 8 10 8 8 8 8 8 8 8 8 9 9 10 8 9 9 9 9 9 9 8
8 8 8 8 7 7 7 8 8 9 7 7 8 8 8 8 8 8 8 8 6 6 6 8 8 9
9 9 9 9 9 9 9 10 19 23 28 20 13 9 9 9 9 10 10 11 11
11 16 16 8 6 6 6 6 6 6 8 8 8 6 6 6 6 10 11 11 11 6
6 6 6 6 6 6 6 6 8 7 10 8 10 8 8 8 8 9 13 12 8 8 8 8
8 7 9 9 7 8 7 9 9 8 6 6 6 6 6 10 10 8 8 8 6 8 6 6 6
6 9 6 6 6 6 8 12 10 6 6 6 6 10 11 10 12 10 10 10 10
10 10 9 9 18 7 6 6 6 8 6 11 12 23 16 11 10 10 10 10
8 9 8 8 6 6 6 8 11 10 6 6 6 6 6 6 6 8 6 6 8 8 8 8 8
6 6 6 6 9 12 10 13 11 9 9 11 8 8 8 8 8 10 8 9 9 6 6
6 6 6 6 9 9 8 8 6 6 6 8 7 7 8 6 6 6 6 6 6 6 6 6 12
12 8 6 6 6 8 6 6 8 6 6 6 8 10 6 6 6 6 6 8 8 10 8 8
8 8 11 11 8 7 7 7 8 11 12 10 7 6 8 8 11 11 17 11 9
9 8 8 8 8 8 8 9 13 6 6 6 6 3 0 3 6 8 8 10 9 10 3 0
3 11 8 8 8 8 6 7 6 6 8 8 13 13 8 8 6 6 
>L14_A70_Premixed PHD_FILE: L14_A70_Premixed.phd.1
10 10 8 8 8 6 6 6 6 6 6 8 10 10 9 9 10 9 9 15 10 10
10 11 11 20 15 13 10 8 8 15 12 14 14 14 24 21 23 23
23 23 19 17 17 20 32 33 33 37 37 37 50 50 50 47 50
50 50 53 53 53 53 53 53 53 53 57 59 59 59 59 53 68
68 68 68 68 68 54 54 54 54 54 54 57 59 59 68 68 68
68 68 68 68 68 68 68 68 68 68 68 68 68 68 68 68 68
68 68 68 68 68 68 68 68 68 68 68 68 68 68 68 68 68
68 68 68 68 68 68 68 68 68 68 68 68 68 68 68 68 68
68 68 68 68 68 68 68 68 68 68 68 68 68 68 68 68 68
68 68 68 68 68 68 59 59 59 59 59 68 68 68 68 68 68
68 68 68 68 68 68 68 68 68 68 68 68 68 68 68 68 68
68 68 68 68 68 68 68 68 68 68 68 68 68 68 68 68 68
68 68 68 68 68 68 68 68 68 68 68 68 68 68 68 68 68
68 68 68 68 68 68 68 68 68 68 68 68 68 68 68 62 62
62 62 62 62 62 68 68 68 68 68 68 68 68 68 68 68 68
68 68 68 68 62 62 62 62 62 62 62 68 68 68 62 62 62
62 62 62 62 68 68 68 68 68 68 68 68 68 68 68 68 68
62 62 62 62 62 62 62 62 62 62 68 68 68 68 68 68 68
68 68 68 68 68 68 68 68 68 68 68 68 68 68 68 68 68
68 68 68 68 68 68 68 68 68 68 62 62 62 62 62 68 68
68 68 68 68 68 68 68 68 68 68 68 68 68 68 68 68 68
68 68 68 68 68 68 68 68 68 68 68 68 62 62 62 62 62
62 62 68 68 68 68 68 68 68 68 62 62 62 62 62 62 62
68 68 68 68 68 68 68 68 68 68 68 68 68 68 68 68 68
68 68 68 62 62 62 62 62 62 62 62 62 62 62 68 68 68
68 68 68 68 68 68 68 68 68 68 68 68 68 68 68 68 68
68 68 68 68 68 68 68 68 68 68 68 68 68 68 68 68 68
68 59 59 59 59 57 57 57 57 57 57 68 59 59 59 68 68
68 68 68 68 68 68 68 68 68 59 59 59 59 59 59 59 59
68 68 59 57 57 57 57 57 57 59 59 59 59 59 59 57 57
59 59 59 57 57 59 59 59 59 59 59 57 57 57 57 57 57
57 59 59 59 59 59 59 59 59 57 57 57 59 59 59 59 59
59 59 59 57 57 54 54 54 57 44 57 43 43 43 57 59 59
59 54 54 54 59 59 57 57 57 57 57 57 57 48 48 48 54
59 59 59 59 59 59 59 57 57 57 54 54 54 57 48 48 48
59 42 43 36 36 36 43 47 48 48 48 48 48 48 43 43 36
43 43 57 48 48 48 48 48 48 48 48 41 41 41 41 39 39
31 26 26 43 39 41 41 41 37 37 37 41 41 30 34 23 23
23 32 32 39 39 43 48 48 41 41 41 39 37 37 35 28 31
37 37 37 39 37 41 41 34 37 41 41 41 41 29 29 29 29
26 30 28 29 32 30 33 33 37 37 46 46 39 39 36 37 35
32 31 31 26 28 31 31 39 37 35 28 31 32 29 29 29 29
32 37 39 37 31 28 30 30 28 31 39 34 31 26 25 27 28
23 25 20 16 16 23 28 32 30 28 24 23 15 14 15 15 20
22 23 16 15 22 18 18 17 21 22 20 24 20 25 30 30 33
32 35 31 29 32 37 32 19 20 25 22 22 25 37 34 28 20
20 20 19 20 19 22 24 24 21 17 14 14 15 17 20 28 30
22 17 10 10 10 15 14 22 28 34 28 28 20 26 17 17 15
24 22 25 13 13 11 14 11 12 12 16 22 23 20 18 16 16
16 17 22 21 11 10 10 9 12 8 9 9 10 22 25 18 18 20 30
25 21 10 10 10 10 13 13 17 18 15 16 14 13 16 13 11
10 11 11 11 11 11 14 18 12 11 11 14 16 13 10 10 10
11 11 10 9 12 11 10 9 10 10 10 12 12 18 15 14 12 12
8 8 9 10 8 9 12 12 12 12 16 17 21 14 14 12 10 8 8 8
8 8 8 8 8 9 9 9 10 11 11 10 9 9 9 8 8 8 8 8 8 9 8 8
10 8 8 8 12 10 10 6 6 6 6 8 6 7 8 8 8 8 9 13 11 11
11 12 11 11 11 8 7 7 6 8 8 8 8 8 8 8 8 8 8 8 8 8 6
6 6 6 6 6 8 8 8 8 9 9 8 8 8 8 7 7 8 8 9 8 8 8 8 8 6
6 6 6 7 8 8 10 10 11 11 11 9 9 9 10 6 6 7 7 8 8 8 6
6 8 8 11 10 10 11 8 8 8 8 9 9 22 10 15 8 9 10 10 8
9 9 9 9 10 11 8 8 6 8 8 8 8 8 8 8 8 8 18 12 12 11 12
10 10 9 9 9 9 10 13 10 10 10 11 12 15 19 10 9 10 8
8 8 8 6 6 6 6 6 10 8 8 8 6 6 6 10 10 9 9 9 9 8 6 6
6 6 6 6 10 10 9 9 8 8 8 8 6 6 6 6 10 13 22 12 11 11
12 10 10 10 10 9 9 10 8 6 6 6 6 6 6 9 10 9 9 9 10 9
14 21 19 11 8 9 9 9 10 8 8 8 8 6 6 9 10 10 14 17 8
8 8 8 8 8 8 8 8 8 8 6 6 6 6 6 8 6 7 7 9 9 6 6 6 8 8
8 8 8 6 6 9 9 9 10 14 9 9 9 9 12 15 25 34 20 12 12
9 9 9 9 17 17 22 27 32 12 12 6 6 8 6 10 10 10 13 10
10 8 9 9 9 9 9 6 6 6 6 6 6 6 8 10 8 10 7 7 8 8 6 6
6 6 7 7 8 8 10 11 7 6 8 8 10 10 10 8 6 6 6 6 6 6 6
8 6 9 9 6 6 8 8 6 6 6 6 6 6 8 6 6 9 9 8 6 6 6 8 6 8
8 8 8 6 8 8 6 8 7 6 6 6 6 6 6 10 8 8 8 10 10 8 8 7
8 8 6 6 6 6 10 8 8 8 8 8 8 9 9 8 8 8 8 10 14 8 8 8
6 8 6 6 6 6 8 8 8 6 6 9 6 6 8 8 8 11 10 6 6 6 6 6 6
10 8 9 9 9 9 9 9 9 9 9 
>L15_A70_Premixed PHD_FILE: L15_A70_Premixed.phd.1
8 8 8 8 8 6 6 6 6 6 6 6 8 8 8 8 8 8 8 8 8 9 11 11 11
11 17 15 10 10 8 10 10 10 10 19 8 8 8 17 17 19 16 15
15 19 19 20 20 17 17 17 34 34 43 37 39 33 34 36 36
37 42 57 57 59 59 59 59 59 59 59 50 54 54 54 53 53
50 50 43 36 31 32 32 29 43 44 68 68 68 68 68 68 68
68 68 68 68 68 68 68 68 68 68 68 68 68 57 57 43 44
44 59 59 57 57 57 59 59 68 68 68 68 68 68 68 68 68
68 68 68 57 68 68 68 68 57 59 54 54 54 59 57 68 68
68 68 68 68 68 68 68 68 68 68 68 68 68 68 68 68 68
68 68 68 68 68 68 68 68 68 68 68 68 68 68 68 68 68
68 68 68 68 68 68 68 68 68 68 68 68 68 68 68 68 68
68 68 68 68 68 68 68 68 68 68 68 68 68 68 68 68 68
68 68 68 68 68 68 68 68 68 68 68 68 68 62 62 62 62
62 68 62 68 68 68 68 68 68 68 68 68 68 68 68 68 68
68 68 68 68 68 68 68 68 68 68 68 68 62 62 62 62 62
62 62 68 68 68 68 68 68 68 68 68 68 68 68 68 68 68
68 62 68 68 68 68 68 68 68 68 68 68 68 68 68 68 68
68 68 68 68 68 68 68 68 68 68 68 68 68 68 68 68 68
68 68 68 68 68 68 68 68 62 62 62 62 62 68 62 62 62
62 62 68 68 68 68 68 68 68 68 68 68 68 68 68 68 68
68 68 68 68 62 62 62 62 62 62 62 62 62 62 62 62 62
68 68 68 68 68 68 68 68 59 59 57 57 57 57 57 68 68
68 68 68 59 59 59 59 59 59 59 68 68 59 59 59 57 57
57 57 68 68 59 59 57 59 59 59 59 59 59 59 59 59 57
57 57 59 59 59 59 59 59 59 59 59 59 68 59 59 59 59
59 59 54 57 57 57 57 57 57 57 57 57 57 57 59 59 59
59 54 54 50 57 57 57 57 57 57 57 57 54 54 47 57 43
43 43 59 59 59 57 57 57 57 57 54 54 54 57 59 59 57
57 57 47 47 44 47 46 54 54 48 48 48 47 43 43 43 43
43 43 48 48 48 54 59 48 48 43 43 43 43 43 43 59 47
48 48 48 48 48 40 40 30 30 28 36 33 43 43 39 39 39
43 43 43 40 39 39 39 30 32 20 19 20 34 34 37 37 35
39 39 43 43 48 48 48 39 39 39 37 35 37 35 36 37 37
37 31 31 34 30 20 22 20 22 19 21 27 35 31 31 37 26
26 22 18 18 25 31 32 31 31 35 34 34 21 21 14 24 24
35 37 37 37 28 22 18 24 19 24 24 24 28 21 15 11 11
11 23 25 35 31 31 25 17 17 18 16 9 10 9 10 12 13 14
20 17 17 18 23 23 19 19 16 18 22 24 19 28 19 28 24
24 28 17 12 9 9 9 9 11 18 15 15 9 9 9 12 10 11 11 9
9 9 15 12 14 14 26 26 13 13 13 16 14 12 12 12 12 11
12 13 10 10 10 12 10 12 14 13 19 19 12 12 12 17 13
13 13 17 21 18 16 23 12 12 12 15 15 20 18 18 20 20
26 24 23 19 15 10 14 10 8 8 8 17 11 13 12 10 10 9 9
9 9 8 11 8 10 10 10 15 16 15 14 10 10 8 9 8 9 9 9 18
17 18 11 11 10 11 11 10 10 10 8 8 8 8 8 8 8 10 10 8
10 8 8 8 8 8 8 8 8 8 8 8 8 8 8 8 8 8 10 11 17 11 11
11 8 8 8 8 8 8 10 8 8 10 9 9 10 8 8 9 8 8 8 8 8 8 9
9 9 9 10 10 15 9 17 12 8 8 8 9 8 8 8 8 8 8 9 10 12
13 18 12 11 11 12 12 12 10 10 10 10 8 8 8 8 8 8 9 11
9 9 8 8 6 6 6 6 8 9 8 8 8 8 9 9 11 9 8 8 8 9 14 9 9
10 10 11 11 13 10 10 9 10 10 10 8 8 8 8 8 8 8 11 11
11 11 8 8 8 8 7 8 9 9 9 17 13 12 12 12 12 10 6 6 6
6 8 11 11 9 8 8 8 8 8 11 11 10 9 9 9 9 6 6 6 6 8 8
8 8 6 6 6 6 6 6 8 10 8 9 9 14 18 13 11 13 12 12 11
10 10 11 10 10 6 8 6 6 6 6 9 9 10 9 12 10 8 8 8 8 8
8 9 9 9 9 9 11 9 6 6 6 6 8 8 13 10 8 8 6 6 6 6 8 8
8 8 8 8 8 8 10 11 11 11 11 11 12 12 11 12 12 13 12
18 26 22 15 17 14 11 8 8 8 10 8 7 7 9 11 24 22 15 16
11 11 11 8 12 12 10 8 8 8 8 8 8 6 6 6 6 8 8 8 8 8 8
8 8 7 6 6 6 6 6 6 6 6 6 6 6 9 9 8 8 6 6 8 6 6 8 8 10
9 9 9 9 9 11 12 9 9 9 9 7 8 8 9 9 9 10 10 10 8 8 8
9 10 10 9 9 9 9 11 10 12 8 8 6 6 8 8 6 6 6 8 6 6 6
6 8 8 8 8 10 10 8 8 6 6 8 8 8 8 8 8 11 12 12 8 8 8
11 9 9 9 8 6 8 7 7 13 13 18 6 6 6 7 6 8 8 8 8 8 10
6 6 6 6 10 8 8 8 8 6 6 6 6 6 6 6 6 7 10 10 12 11 8
7 7 10 11 9 9 9 9 12 9 11 10 11 8 8 7 7 8 8 13 10 12
10 10 8 10 10 10 8 8 10 8 8 8 9 9 9 9 9 11 11 12 12
11 9 9 6 6 8 8 8 9 9 9 9 9 7 6 6 8 8 8 6 6 8 6 6 6
6 6 6 8 8 8 8 8 6 6 8 8 9 8 7 7 8 8 8 8 8 8 8 8 8 6
8 6 7 7 8 8 8 8 6 6 6 6 6 6 8 12 14 19 15 21 8 8 7
8 9 9 12 9 9 11 13 8 8 6 6 8 8 8 10 8 6 6 6 6 6 6 6
6 8 8 6 6 6 6 8 6 6 8 8 8 6 7 8 3 0 3 8 8 8 9 9 8 12
8 8 8 8 8 8 8 8 8 3 0 3 6 6 8 8 10 9 9 6 6 7 6 8 8
9 9 9 9 9 3 0 0 0 3 8 7 7 7 
>L16_A70_Premixed PHD_FILE: L16_A70_Premixed.phd.1
6 6 6 7 9 9 10 9 9 10 10 11 11 12 9 9 8 8 8 8 7 6 6
6 8 8 8 12 10 8 8 8 10 8 9 8 10 8 8 8 17 19 19 16 15
15 19 19 20 14 17 17 20 34 37 39 39 39 33 34 34 34
37 37 50 50 50 53 57 57 57 57 57 48 48 42 42 48 48
57 54 43 42 33 32 32 32 43 44 59 59 59 54 54 68 68
68 68 68 68 68 68 68 68 68 68 68 68 68 48 47 35 42
42 59 59 68 68 68 68 68 68 68 68 68 68 68 68 68 68
68 68 68 68 68 68 68 68 50 59 54 54 54 59 57 68 68
68 68 68 68 68 68 68 68 68 68 68 68 68 68 68 68 68
68 68 68 68 68 68 68 68 68 68 68 68 68 68 68 68 68
68 68 68 68 68 68 68 68 68 68 68 68 68 68 68 68 68
68 68 68 68 68 68 68 68 68 68 68 68 68 68 68 68 68
68 68 68 68 68 68 68 68 68 68 68 68 68 68 68 68 68
68 68 68 68 68 68 68 68 68 68 68 68 68 68 68 68 68
62 68 68 68 68 68 68 68 68 68 68 68 68 68 68 68 68
68 68 68 68 68 68 68 68 68 68 62 62 62 62 62 62 62
68 68 68 68 68 68 68 68 68 68 68 68 68 68 68 68 62
62 62 62 62 62 62 68 68 68 68 68 68 68 68 68 68 68
68 68 68 68 68 68 62 62 62 62 62 62 62 68 68 68 68
68 68 68 68 68 68 68 68 68 68 68 68 68 68 68 68 68
68 68 68 68 68 68 68 68 68 68 68 62 62 62 62 62 62
62 68 62 62 62 62 62 62 62 62 62 62 62 62 62 62 62
62 68 68 68 62 62 59 59 57 57 57 57 57 68 68 57 59
59 59 68 68 68 68 59 59 68 68 59 59 59 59 59 59 59
59 59 59 59 59 59 59 59 59 68 68 59 59 59 57 57 57
59 59 59 59 59 59 59 59 59 59 59 59 59 59 59 59 59
54 57 57 57 59 59 59 68 68 68 59 59 57 57 57 59 57
57 57 57 57 57 57 57 57 57 57 54 54 47 59 47 48 48
59 57 57 57 57 57 57 48 48 48 48 48 59 59 57 57 46
43 37 37 47 57 57 57 59 59 43 43 43 43 43 46 43 43
43 47 47 54 54 54 46 46 43 43 39 43 43 43 43 48 48
46 48 48 43 43 43 40 39 43 39 43 43 43 43 43 43 37
37 35 35 30 37 28 34 28 22 22 34 34 37 39 39 39 39
43 43 43 43 43 43 43 37 33 31 31 31 30 37 37 37 31
31 36 31 26 35 35 34 29 25 24 24 20 21 23 32 32 23
22 22 32 32 35 35 35 31 25 25 30 30 25 30 30 36 36
35 35 31 24 24 31 31 31 24 24 33 24 20 15 15 15 25
30 30 25 25 30 24 18 16 11 10 12 10 10 13 18 14 10
10 10 10 12 15 28 23 18 18 22 21 22 22 22 30 22 22
21 24 19 13 10 10 9 14 13 19 20 17 20 14 13 8 9 9 9
9 11 19 24 28 28 25 25 25 28 28 25 12 13 12 11 11 12
18 12 12 12 12 12 12 16 16 20 24 23 14 15 13 12 10
10 10 11 12 10 9 10 11 17 29 19 19 23 17 17 14 14 14
22 22 24 24 16 15 12 11 10 10 10 12 12 15 15 19 16
16 15 10 9 9 9 9 9 9 11 19 19 15 13 13 8 8 8 8 8 8
10 10 10 12 12 9 11 12 14 14 15 15 10 10 8 8 8 10 13
10 10 12 15 15 9 8 8 8 8 8 8 8 8 10 15 10 9 9 8 8 8
9 8 12 13 14 10 12 10 11 12 10 8 8 8 8 8 8 8 11 10
12 8 8 8 8 10 9 10 8 8 8 8 11 13 10 10 9 10 9 9 10
10 13 13 10 17 11 10 10 10 10 10 8 7 8 9 9 9 9 8 8
8 8 10 10 11 10 6 6 6 6 8 6 9 10 8 8 10 8 8 8 8 8 8
12 10 9 9 8 10 8 8 8 8 7 8 8 10 10 9 9 9 9 10 10 10
10 12 11 14 11 9 8 8 6 6 8 6 10 11 12 12 16 13 14 16
15 11 11 10 8 8 8 8 8 8 8 8 8 8 8 8 8 8 10 8 8 8 10
9 8 10 8 11 11 10 11 11 12 11 12 12 12 8 8 6 6 6 7
10 12 11 11 11 9 9 6 6 6 6 8 8 6 6 6 6 11 10 13 12
12 11 10 10 9 9 9 12 8 8 8 8 8 8 9 9 9 8 8 9 9 10 10
12 11 11 11 22 18 14 14 15 15 16 17 10 9 9 9 10 9 9
10 8 6 6 6 8 6 8 8 8 6 6 6 6 8 10 13 16 12 8 6 6 6
8 10 8 8 6 6 6 8 8 6 6 6 6 8 8 8 8 8 8 11 11 11 12
8 6 6 6 6 6 6 6 6 6 6 6 6 8 6 6 6 8 6 6 8 8 11 11 9
9 9 8 8 8 6 6 6 6 12 12 12 8 10 10 10 10 10 10 11 11
10 10 10 10 8 8 8 7 6 6 6 8 6 8 8 6 6 6 6 6 6 8 8 11
10 10 13 17 8 6 8 6 6 6 6 6 6 8 8 8 10 10 8 8 8 11
18 26 23 11 11 10 10 10 12 10 10 10 9 8 8 8 6 6 8 6
8 8 8 8 8 11 9 9 6 8 8 8 10 11 9 9 9 9 8 7 7 8 9 10
11 9 12 10 10 10 11 22 16 20 18 13 9 9 9 9 9 10 16
9 8 8 8 10 8 6 8 6 6 8 8 8 8 7 8 7 9 9 9 9 10 10 12
9 9 9 10 8 8 6 6 6 6 6 8 6 9 9 9 8 8 8 8 8 8 7 8 6
6 8 7 6 8 8 8 8 8 8 8 8 6 6 6 8 8 7 8 12 18 12 8 8
8 8 8 8 10 10 10 10 9 9 9 9 7 7 7 7 9 8 11 6 8 7 6
8 8 8 6 6 6 8 8 8 8 8 8 8 8 8 8 6 6 6 6 6 6 11 11 11
11 10 8 8 6 6 6 6 8 8 8 8 8 8 
>L17_A70_Premixed PHD_FILE: L17_A70_Premixed.phd.1
7 7 7 9 8 9 8 6 7 7 7 6 6 11 9 9 10 10 10 14 8 8 8
8 8 16 19 12 10 8 8 15 10 10 12 14 24 28 29 29 23 23
19 16 16 19 32 33 33 33 33 33 41 44 53 53 50 50 50
53 53 53 53 57 57 57 57 57 57 57 57 57 50 68 68 68
68 68 68 68 50 50 50 50 50 57 59 68 68 68 57 57 57
57 57 57 57 68 68 68 68 68 68 68 68 68 68 57 57 57
57 57 59 59 68 68 68 68 68 68 68 68 68 68 68 68 68
68 68 68 68 68 68 68 68 68 68 68 68 68 68 68 68 68
68 68 68 68 68 68 68 68 68 68 68 59 59 59 68 68 68
68 57 57 57 59 59 59 59 68 57 57 68 57 57 57 57 68
57 59 59 59 59 59 68 68 68 68 68 68 68 68 68 59 59
57 57 59 59 59 59 68 68 68 68 68 68 68 68 68 68 68
68 68 68 68 68 68 68 68 68 68 68 68 62 62 62 62 62
68 68 62 62 62 62 62 62 68 68 68 68 68 68 68 68 68
68 68 68 62 68 68 68 68 62 62 62 62 62 62 62 68 68
68 68 68 68 62 62 62 62 62 62 62 68 68 68 68 68 68
68 68 68 68 68 68 68 62 62 62 62 62 62 68 62 62 62
68 68 62 62 62 62 62 62 62 62 68 68 68 68 68 62 62
62 62 52 62 62 68 68 68 68 68 68 68 68 68 68 62 62
62 62 62 62 68 68 68 68 68 68 68 68 68 68 68 68 68
68 68 68 68 68 68 68 68 68 62 62 62 62 62 68 68 68
68 68 62 62 62 62 62 62 62 68 68 68 62 62 62 68 68
68 68 68 59 59 68 68 68 68 68 68 68 68 68 68 68 68
68 68 68 68 68 68 68 68 68 68 68 68 68 68 68 68 68
59 59 59 57 59 59 59 59 59 59 59 59 59 59 59 59 59
59 59 59 59 59 59 59 59 59 59 59 59 59 59 68 68 68
68 68 68 68 68 68 68 59 59 59 57 57 59 59 59 59 57
57 57 57 57 57 57 57 59 59 68 68 68 68 68 59 59 54
54 54 59 59 59 59 59 59 59 57 57 57 68 57 59 59 59
59 59 59 59 59 59 54 57 57 57 57 57 59 59 59 59 59
59 57 59 59 54 59 59 59 57 57 57 57 59 59 57 57 43
43 43 43 43 57 57 48 48 48 48 59 48 46 46 46 41 39
41 41 31 31 43 59 40 41 40 41 41 43 47 48 48 57 57
57 48 43 43 43 43 48 57 59 48 48 48 48 48 48 48 48
48 48 43 46 43 43 43 46 42 42 35 43 43 47 42 48 43
43 43 43 43 34 37 23 32 32 43 47 48 48 48 48 48 48
48 41 41 41 39 37 37 37 29 29 41 43 47 47 59 41 37
37 41 31 27 33 28 28 25 28 28 37 37 37 36 37 37 36
39 39 37 25 25 19 24 22 22 25 27 32 39 43 43 46 39
37 37 35 31 31 21 21 13 12 12 18 22 28 28 28 30 32
35 35 28 34 28 28 28 25 27 30 25 28 32 28 25 15 14
14 19 22 22 22 22 22 32 32 37 34 28 21 20 19 18 19
24 22 17 17 14 14 14 23 23 12 12 12 25 25 30 30 30
31 22 23 20 18 15 19 13 13 10 10 10 17 16 18 15 10
10 8 8 8 12 21 22 19 19 18 20 28 28 30 37 37 32 25
17 22 12 10 8 8 8 8 9 11 12 10 12 9 8 10 8 9 10 14
14 15 17 21 17 17 11 10 9 9 10 14 29 33 35 29 24 24
24 24 24 11 10 10 12 12 11 18 22 19 22 17 17 11 11
11 13 16 13 10 12 13 11 11 10 12 12 11 14 16 16 16
17 10 9 11 11 22 17 20 16 18 19 16 12 10 9 9 11 9 15
18 16 12 10 10 10 10 10 10 12 10 10 10 10 14 10 9 9
9 9 9 10 13 10 8 8 9 7 10 8 8 8 8 8 8 11 10 10 14 11
10 10 9 9 8 8 8 7 7 7 8 8 9 8 8 8 8 8 8 10 10 10 9
10 10 8 8 8 9 9 8 8 8 8 8 10 9 6 6 6 6 8 6 10 11 9
8 8 6 6 6 6 8 8 8 10 8 9 8 16 10 10 10 10 9 10 8 8
10 8 9 11 13 9 9 9 9 9 10 8 8 8 8 8 8 9 9 11 10 9 8
8 8 9 9 9 8 8 8 8 8 8 10 12 12 15 8 8 6 6 6 6 6 8 9
9 9 12 11 11 11 8 8 6 6 6 6 8 8 9 9 9 9 9 8 8 8 8 8
8 11 11 13 13 10 10 9 9 11 6 6 6 6 6 8 9 9 9 10 12
12 16 11 12 8 8 10 8 6 6 6 6 6 6 9 9 9 8 8 9 8 8 8
11 6 6 6 6 8 6 11 10 8 8 8 8 6 6 6 8 8 8 11 11 11 9
9 9 10 10 10 15 10 8 8 8 8 8 11 11 12 8 13 8 8 8 8
8 13 8 8 8 8 8 8 8 10 9 6 6 6 6 8 6 8 8 8 8 8 8 8 9
9 8 8 6 6 6 6 6 8 8 6 6 6 8 6 7 8 8 8 6 6 10 12 8 8
8 10 8 8 8 6 6 9 8 8 8 8 8 8 10 9 9 10 13 8 6 6 8 8
8 7 7 6 6 10 8 8 6 8 8 8 9 9 8 12 8 8 10 11 20 19 19
11 11 11 9 11 8 8 7 8 8 7 7 7 7 10 11 12 10 10 7 15
8 7 7 8 8 8 8 9 11 10 10 10 9 9 11 10 8 8 6 6 8 8 9
8 8 8 8 8 8 6 6 6 8 10 10 9 9 9 8 8 6 6 8 8 10 9 10
8 8 9 9 10 8 9 6 6 6 6 8 8 9 9 10 9 9 10 10 10 10 12
16 8 7 6 8 8 10 10 13 8 6 6 8 6 8 8 10 6 6 8 8 10 10
9 9 9 9 9 9 9 9 10 10 9 9 9 9 9 9 6 8 6 7 7 7 8 8 8
8 8 8 8 8 8 8 10 10 9 9 9 9 6 8 8 8 6 6 6 6 6 6 6 6
7 10 8 8 6 6 8 8 10 10 10 10 
>L18_A70_Premixed PHD_FILE: L18_A70_Premixed.phd.1
10 10 12 14 10 9 8 8 8 6 6 6 6 7 7 8 8 8 8 9 10 10
10 10 6 8 8 8 6 6 8 13 10 10 10 10 8 8 8 8 8 8 10 9
12 18 15 17 18 17 17 17 34 34 33 28 22 28 28 34 34
47 47 57 57 48 48 48 48 48 48 48 42 42 42 42 42 43
48 48 42 32 31 30 30 25 43 44 54 54 54 57 57 68 68
68 68 68 68 68 68 68 68 68 68 68 68 68 43 43 28 28
33 44 44 54 54 54 59 59 68 68 68 68 68 68 68 68 68
57 57 57 57 57 48 48 57 43 44 43 52 52 59 59 68 68
68 68 68 68 59 59 57 57 54 59 59 59 59 57 68 68 68
68 68 68 68 68 68 68 68 68 68 68 68 68 68 68 68 68
68 68 68 68 68 68 68 68 68 59 59 57 57 57 59 57 68
68 68 68 68 68 68 68 68 68 68 68 68 68 68 68 68 68
68 68 68 68 68 68 68 68 68 68 68 68 68 68 68 68 68
68 68 68 68 68 68 68 68 68 68 68 62 62 62 62 62 62
62 68 68 68 68 68 68 68 68 68 68 68 68 68 68 68 68
68 68 68 68 68 68 68 68 68 68 62 62 62 62 62 62 62
68 68 68 68 68 68 68 68 68 68 68 68 68 62 62 62 62
62 62 62 62 62 62 68 68 68 68 68 68 68 68 68 68 68
68 68 68 68 68 68 68 68 68 68 68 68 68 68 68 68 68
68 68 68 68 68 68 68 68 62 62 62 68 68 68 68 68 68
68 68 68 68 68 68 68 68 68 68 68 68 68 68 68 68 68
68 68 68 68 68 68 68 68 62 68 68 62 62 62 62 62 62
62 68 68 68 68 68 59 59 57 57 57 57 57 68 68 57 59
59 59 68 68 68 68 68 68 68 68 68 68 68 59 59 59 59
59 59 59 59 59 59 59 59 59 68 68 57 57 57 57 57 59
59 59 59 59 59 59 59 59 59 59 57 57 57 57 57 57 59
57 57 57 57 59 68 57 59 59 59 59 59 57 57 57 59 57
57 57 57 57 57 57 54 57 57 59 57 57 57 59 47 48 48
59 59 59 57 57 57 57 57 57 48 48 57 59 59 57 57 57
44 43 43 46 57 57 57 57 57 43 39 39 39 39 43 43 43
48 48 48 54 57 57 57 48 43 43 36 43 43 47 43 48 48
48 48 48 43 43 43 43 37 39 35 43 43 46 46 48 48 43
43 36 36 36 39 26 29 19 18 18 25 32 37 37 32 35 35
37 37 43 46 46 39 39 39 37 32 32 32 31 37 37 37 31
31 34 29 25 30 25 25 22 23 25 30 30 30 37 30 30 23
22 22 25 29 32 24 24 28 20 20 22 21 14 23 23 30 37
37 37 36 28 25 35 28 31 31 31 35 33 25 25 25 25 34
34 31 25 25 23 18 18 15 14 12 19 12 12 12 15 14 14
15 14 14 13 13 13 15 14 15 14 17 15 19 19 23 20 22
25 28 28 19 19 16 10 10 10 9 9 9 20 25 18 14 10 10
10 11 11 20 15 19 19 19 19 16 19 19 17 11 11 11 10
10 10 17 12 13 12 17 16 9 10 10 11 13 17 28 28 19 21
15 15 15 23 30 36 21 21 13 13 13 15 13 10 10 10 10
14 17 22 29 26 27 23 24 22 18 19 11 13 13 14 15 12
18 12 14 14 17 18 18 12 16 11 11 12 16 8 9 10 10 13
9 12 14 15 15 19 16 23 24 13 10 10 7 9 9 9 9 9 8 8
8 8 9 8 8 10 10 10 10 11 11 16 16 12 12 11 8 8 8 8
8 8 9 9 9 8 9 10 10 9 14 10 11 10 8 11 9 9 8 8 8 8
8 8 8 8 8 8 9 8 8 8 8 8 8 8 8 8 8 10 10 11 11 10 8
8 8 8 8 10 8 8 8 8 8 8 8 10 9 8 8 8 8 8 10 15 10 9
8 8 8 8 9 9 9 9 9 9 9 8 10 9 8 8 8 8 10 8 8 8 8 8 8
8 8 8 11 9 9 9 9 9 12 11 8 8 8 8 6 6 6 8 8 8 8 10 10
16 11 11 11 9 8 9 8 8 8 9 9 9 9 9 9 8 8 8 8 8 8 8 8
8 8 8 8 8 9 9 9 10 10 9 10 10 10 10 12 15 13 11 11
11 11 10 8 8 6 6 6 6 9 8 8 8 8 6 6 8 10 8 10 8 8 8
8 8 8 8 8 8 15 11 10 10 10 8 8 8 8 8 8 9 9 9 10 10
15 11 11 11 12 10 10 11 11 11 12 18 21 13 12 12 11
11 11 8 8 6 6 8 6 8 8 8 11 12 11 11 11 11 11 10 15
10 8 8 8 10 9 8 8 8 8 11 12 9 9 8 8 8 8 11 8 6 6 6
8 6 8 8 6 6 10 10 10 6 6 6 8 10 10 10 13 10 10 10 10
11 16 15 17 12 15 9 9 9 11 6 8 6 6 8 6 6 6 8 8 8 8
10 10 15 15 10 9 9 9 9 13 13 10 9 9 9 12 14 28 15 8
8 6 6 6 6 8 8 8 8 8 8 12 12 12 8 7 7 7 8 8 8 8 8 8
8 8 10 11 11 15 10 8 8 8 8 8 8 13 9 9 11 11 11 11 11
17 11 11 11 11 14 10 7 6 6 6 6 8 6 8 8 8 9 11 9 8 8
6 6 6 6 6 6 6 6 6 6 6 11 8 8 8 8 8 8 15 21 16 16 11
11 11 11 15 15 13 12 10 7 6 8 8 8 8 8 8 7 7 6 6 12
12 8 8 7 7 9 6 9 10 10 10 9 11 11 11 9 14 16 15 9 6
6 6 6 8 6 6 6 8 9 10 12 13 13 9 9 6 6 6 6 8 6 8 8 9
11 10 10 12 11 11 11 11 11 11 12 11 8 8 7 7 7 8 8 10
8 8 8 6 6 8 8 8 8 6 6 6 6 8 8 10 10 10 14 10 10 10
8 8 8 6 6 6 7 8 8 8 8 7 9 10 10 10 14 10 10 8 8 8 8
15 15 8 8 8 6 6 6 7 10 10 12 12 10 10 9 8 8 7 7 6 6
8 8 10 9 9 9 10 8 8 8 8 8 8 7 7 9 11 11 10 10 9 9 6
6 6 6 8 10 12 11 9 10 8 8 7 8 7 8 3 0 3 6 6 6 6 6 6
8 6 
>L19_A70_Premixed PHD_FILE: L19_A70_Premixed.phd.1
6 6 6 6 7 6 6 6 6 8 6 6 6 6 6 6 6 6 6 6 8 6 6 6 8 8
8 8 8 8 13 10 10 10 9 9 9 9 8 10 10 11 11 11 18 21
12 13 9 9 12 12 30 30 18 16 10 10 10 16 16 24 28 39
32 30 30 32 32 43 39 39 32 32 32 32 33 33 48 39 39
31 31 30 30 28 43 43 47 47 47 57 57 57 57 57 57 57
57 59 59 48 48 48 48 57 57 57 44 48 37 37 37 59 59
48 48 48 57 48 57 57 68 68 68 68 68 57 57 57 57 57
57 50 43 43 57 50 59 43 43 43 59 59 68 68 57 57 57
68 59 59 57 57 57 59 59 68 68 68 68 68 68 68 68 68
68 68 57 57 52 57 57 59 57 68 68 68 68 68 68 68 68
68 68 68 68 68 68 68 68 68 68 68 68 68 68 68 68 68
68 68 68 68 68 68 68 68 68 68 68 68 68 68 68 68 68
68 68 68 68 68 68 68 68 68 68 68 68 68 68 68 68 68
68 68 68 68 68 68 68 68 68 68 68 68 68 68 68 68 68
68 68 68 68 68 68 68 68 68 68 68 68 68 68 68 68 68
68 68 68 68 68 68 68 62 62 62 62 62 62 62 68 68 68
68 68 68 68 68 68 68 68 68 68 68 68 68 62 62 62 62
62 62 62 68 68 68 68 62 62 62 62 62 68 68 68 68 68
68 68 68 62 62 62 62 62 62 62 62 62 62 62 62 62 62
68 62 62 62 62 68 68 68 68 68 68 68 68 68 68 68 68
68 68 62 62 62 62 62 68 68 68 68 68 68 68 68 68 68
68 68 68 68 68 62 62 62 62 62 62 62 62 62 62 68 68
68 68 62 59 59 57 57 57 57 57 57 57 57 59 68 68 68
68 68 68 68 68 68 68 59 59 57 57 57 59 59 68 68 59
59 57 59 59 59 59 59 57 57 57 57 57 57 57 59 59 59
59 59 59 59 59 59 59 59 59 59 59 59 59 59 57 59 59
59 59 59 68 68 68 68 68 68 59 59 59 59 48 48 48 57
57 57 57 57 57 57 59 59 59 59 59 57 57 57 59 59 59
59 59 59 59 57 57 54 57 57 59 57 54 46 44 43 37 43
43 43 47 54 57 57 48 47 43 43 43 46 43 43 43 46 48
54 57 57 57 57 46 43 43 43 43 43 43 48 48 48 57 57
43 43 43 43 37 37 39 46 46 48 48 46 47 43 43 36 36
36 39 34 37 23 17 14 23 23 39 39 31 35 35 43 43 48
48 48 39 39 37 34 25 34 28 28 34 34 41 37 36 37 29
25 33 30 34 29 31 33 31 30 30 37 26 26 22 19 19 24
30 32 31 31 41 27 26 26 27 36 37 30 36 28 28 30 28
25 25 30 25 25 22 20 23 19 12 12 10 10 10 21 22 36
36 37 37 37 32 25 20 24 14 16 11 18 13 14 25 21 28
30 24 24 17 17 17 26 21 16 11 11 11 11 20 24 23 22
15 15 11 10 9 9 9 14 11 15 12 12 12 9 8 8 8 8 11 12
28 28 18 17 11 11 11 13 10 12 10 11 10 16 21 22 17
18 14 16 11 13 13 16 12 13 18 19 15 11 9 9 9 10 13
13 17 14 19 11 9 8 8 8 10 11 22 23 23 19 19 19 22 12
10 9 9 9 17 12 8 8 10 8 8 8 9 9 9 9 10 9 10 10 10 11
11 13 16 21 15 11 8 8 8 9 9 13 13 13 11 9 9 8 8 8 8
10 8 8 8 10 8 8 11 16 16 19 14 14 13 13 8 8 8 8 8 8
8 8 8 8 8 8 8 8 8 8 8 6 6 8 10 8 8 8 8 8 8 8 8 9 9
9 10 10 16 11 11 11 9 10 10 9 9 9 9 9 9 9 10 17 9 9
9 9 8 8 8 8 8 8 8 8 8 8 8 8 8 9 9 10 8 9 8 8 8 8 8
8 9 9 10 8 8 8 8 8 8 9 9 8 8 8 8 8 8 9 9 10 8 8 8 10
8 8 8 8 9 9 10 15 15 12 12 10 10 10 10 10 10 14 9 10
10 9 9 9 9 11 15 16 19 9 9 9 9 8 10 8 8 8 8 8 8 8 8
11 6 6 6 6 6 6 6 8 8 10 11 11 12 14 12 12 12 7 7 6
6 8 8 8 8 8 8 8 9 9 8 8 8 8 8 8 8 8 8 7 9 9 11 8 6
6 6 6 6 8 8 8 8 8 8 8 8 6 6 6 6 8 8 8 7 6 6 6 6 6 8
8 8 8 8 8 10 10 14 20 15 11 11 11 11 10 10 9 9 6 6
6 6 8 6 8 10 8 6 6 6 10 8 10 10 13 10 11 11 11 10 11
11 24 19 12 9 9 8 8 8 10 6 6 6 6 8 6 8 8 8 8 8 8 8
10 6 6 6 8 9 12 15 15 15 15 12 12 11 11 10 12 10 10
8 10 8 8 8 8 8 8 8 8 10 8 8 8 8 8 8 6 6 8 8 13 10 10
8 8 8 8 8 8 8 8 8 8 10 11 8 8 8 8 8 8 12 10 11 9 8
8 8 8 10 8 8 8 8 8 8 8 8 10 14 7 6 6 8 8 6 8 7 6 6
6 6 6 6 10 9 8 8 8 7 7 8 9 9 9 8 8 8 8 8 8 8 6 6 6
8 8 9 9 6 8 6 6 8 8 10 9 8 8 8 8 8 8 8 8 8 8 11 11
11 15 8 8 7 6 8 8 8 8 8 8 10 9 7 7 7 8 8 8 10 10 11
6 6 6 6 6 6 6 8 6 6 6 6 9 11 9 12 9 9 9 9 9 9 8 8 8
6 6 6 10 12 8 8 6 6 6 6 8 8 8 8 6 6 10 8 7 9 7 10 6
6 6 6 6 6 6 8 8 8 9 10 8 8 6 6 6 6 6 8 7 8 8 8 8 7
7 14 7 10 10 10 12 13 11 11 11 11 10 9 9 9 9 9 9 10
12 10 12 8 8 8 8 8 8 8 6 6 6 10 8 8 8 8 8 8 8 7 8 6
6 8 6 9 8 8 6 6 8 8 8 8 8 8 8 8 7 8 8 8 8 8 8 8 8 10
7 8 8 9 9 21 6 6 6 9 7 8 6 8 6 6 6 6 6 6 
>L20_A70_Premixed PHD_FILE: L20_A70_Premixed.phd.1
8 8 8 8 9 9 8 8 8 6 6 6 6 6 6 8 8 8 8 9 9 8 8 8 8 8
10 8 10 8 10 8 10 10 22 23 30 17 17 19 22 19 17 15
15 19 19 20 22 20 21 21 37 37 43 37 39 33 34 36 36
37 42 50 50 50 53 53 53 53 53 53 48 48 43 43 48 48
57 54 40 32 29 32 32 29 43 44 57 59 57 57 68 68 68
68 68 68 68 68 68 68 68 68 68 68 57 57 44 57 43 44
44 57 57 68 68 68 68 68 68 68 68 68 68 68 68 68 68
68 68 68 68 68 68 57 57 57 59 57 57 54 59 59 68 68
68 68 68 68 68 68 68 68 68 68 68 68 68 68 68 68 68
68 68 68 68 68 68 68 68 68 68 68 68 68 68 68 68 68
68 68 68 68 68 68 68 68 68 68 68 68 68 68 68 68 68
68 68 68 68 68 68 68 68 68 68 68 68 68 68 68 68 68
68 68 68 68 68 68 68 68 68 68 68 68 68 68 68 68 68
68 68 68 68 68 68 68 68 68 68 68 62 62 62 62 62 62
62 68 68 68 68 68 68 68 68 68 68 68 68 68 68 68 68
62 62 62 62 62 62 62 62 62 62 62 62 62 62 62 62 62
68 68 68 68 68 68 68 68 68 68 68 68 68 68 68 68 62
62 62 62 62 62 62 62 62 68 68 68 68 68 68 68 68 68
68 68 68 68 68 68 62 62 62 68 68 68 68 68 68 68 68
68 68 68 68 62 62 62 62 62 62 62 68 68 68 68 68 68
68 68 68 68 68 68 68 68 68 68 68 68 68 68 68 68 68
68 68 62 62 62 62 62 62 62 68 68 62 62 62 62 68 68
68 62 62 62 62 59 59 59 57 57 57 57 57 68 68 57 59
59 59 68 68 68 68 68 68 68 68 59 59 59 59 59 59 59
68 68 57 57 57 57 57 57 59 59 59 59 59 59 59 59 59
59 59 68 59 59 59 59 59 59 59 68 68 68 59 59 59 59
57 57 57 57 59 68 59 68 68 68 68 68 68 59 59 59 54
54 57 57 57 57 57 57 59 59 59 59 59 59 59 57 57 57
57 57 68 68 68 57 57 57 57 57 57 57 59 59 57 57 57
48 48 48 48 57 57 57 59 59 48 47 47 43 43 46 43 43
48 48 48 54 59 59 59 48 43 43 43 43 43 59 43 48 48
43 43 48 43 43 43 43 39 39 37 43 43 48 48 48 48 47
47 41 41 41 41 23 18 10 10 10 18 28 39 39 35 35 35
37 37 37 43 43 37 37 37 37 31 33 32 35 37 37 41 36
36 39 32 26 31 30 37 31 31 33 31 30 30 37 32 32 25
24 24 32 32 32 28 31 32 29 29 32 30 28 32 32 36 39
34 27 20 18 18 23 20 22 22 22 30 22 19 12 12 13 24
19 19 15 15 18 22 20 19 15 12 19 11 11 11 17 14 14
22 18 22 28 28 23 23 20 24 28 28 18 25 19 19 17 18
22 25 30 29 34 24 24 24 25 18 22 17 19 18 20 16 11
11 10 12 12 15 15 10 10 8 8 8 10 16 18 18 21 18 18
18 18 14 14 9 9 9 9 9 9 9 12 15 13 15 15 15 10 8 8
8 8 10 11 11 11 11 11 11 13 15 14 14 18 20 20 20 18
17 15 13 10 10 8 9 14 14 11 11 10 10 10 10 10 10 10
11 13 18 14 12 18 11 12 12 8 8 9 9 8 8 9 8 8 8 8 10
9 12 11 11 11 15 15 11 10 10 9 9 9 9 9 9 10 15 12 14
15 19 12 15 15 12 8 8 8 8 8 8 10 12 12 11 12 12 22
16 15 10 10 10 10 10 10 10 8 8 10 8 8 10 9 9 9 9 10
10 15 9 8 8 8 8 8 10 13 12 11 16 16 7 9 6 6 6 7 8 8
8 8 8 10 10 8 8 8 6 6 8 8 8 8 8 8 8 10 10 8 8 8 8 9
9 9 9 9 11 11 11 10 10 10 12 12 13 10 10 10 13 13 14
10 9 9 9 11 10 13 8 8 8 8 8 8 11 10 12 12 10 8 8 8
8 8 9 10 10 10 8 6 7 7 7 7 9 8 8 8 6 8 8 8 8 8 8 8
10 10 10 10 10 11 11 9 9 9 9 8 10 8 8 8 8 8 8 8 11
7 8 6 6 6 8 6 6 7 8 12 12 11 11 9 8 8 8 8 8 8 11 10
10 15 15 14 10 10 12 12 10 9 9 9 6 7 7 7 10 8 6 6 6
6 6 8 10 8 8 8 8 9 8 8 8 8 8 8 10 11 10 10 11 9 8 8
8 8 8 8 6 6 7 7 10 16 19 16 11 11 10 11 6 6 6 6 7 6
8 8 15 10 8 7 7 8 13 10 10 10 12 13 18 23 22 25 16
12 12 6 6 6 6 8 8 10 13 13 10 10 10 8 6 6 6 6 8 8 8
8 8 8 8 8 8 8 8 6 6 6 6 6 6 10 10 9 9 9 9 8 8 15 15
10 10 8 8 8 6 6 6 6 6 10 6 6 6 6 6 8 9 9 12 15 14 13
10 16 13 14 13 9 9 6 6 6 6 8 8 8 8 8 8 8 8 8 8 6 8
6 6 6 6 7 7 9 9 8 8 8 8 9 9 11 16 12 16 10 8 8 6 6
6 8 9 10 10 10 12 12 11 9 8 8 8 10 8 8 8 7 7 6 6 8
8 8 10 19 13 13 11 11 6 8 6 6 6 6 12 6 6 6 6 8 8 7
7 12 12 20 12 13 11 9 9 6 6 6 6 6 6 8 7 6 8 8 15 12
15 10 10 10 8 8 10 6 6 6 8 10 10 8 8 8 8 8 8 8 8 6
6 6 8 6 9 7 7 7 7 8 8 6 8 6 6 6 6 6 6 9 9 9 9 9 9 8
8 8 8 8 8 8 8 8 9 9 9 9 9 9 10 10 6 6 6 6 8 13 9 9
9 9 9 12 12 9 8 12 8 8 8 8 11 11 10 9 9 6 6 7 6 7 6
10 6 6 8 6 6 6 6 6 8 8 8 8 11 8 8 8 8 8 8 6 6 6 6 6
6 8 6 6 6 6 6 6 6 6 8 10 9 9 9 9 11 7 7 6 6 6 6 9 18
11 11 11 11 9 9 9 8 8 8 8 8 8 8 8 8 8 6 6 8 8 6 
>L21_A70_Premixed PHD_FILE: L21_A70_Premixed.phd.1
6 6 6 6 6 6 9 6 6 6 6 6 9 8 8 8 8 8 8 10 9 9 9 6 8
10 8 8 8 8 12 10 10 10 10 11 10 10 17 17 17 13 12 12
13 17 22 22 19 19 19 37 37 43 37 36 39 39 39 39 47
47 53 53 48 48 57 57 48 57 57 48 54 42 42 47 48 48
48 40 32 31 32 32 28 43 44 57 57 57 57 57 68 68 68
68 68 68 68 57 57 57 57 57 57 57 57 57 57 37 44 44
59 59 57 57 59 59 59 68 68 68 68 68 68 68 68 68 68
68 68 57 68 68 68 68 50 59 54 54 54 59 57 68 68 68
68 68 68 68 68 68 68 68 68 68 68 68 68 68 68 68 68
68 68 68 68 68 68 68 68 68 68 68 68 68 68 68 68 68
68 68 68 68 68 68 68 68 68 68 68 68 68 68 68 68 68
68 68 68 68 68 68 68 68 68 68 68 68 68 68 68 68 68
68 68 68 68 68 68 68 68 68 68 68 68 68 68 68 68 68
68 68 68 68 68 68 68 68 68 68 62 62 62 62 62 62 62
68 68 68 68 68 68 68 68 68 68 68 68 68 68 68 68 68
68 68 68 68 68 68 68 68 68 62 62 62 62 62 62 62 68
68 68 68 68 68 68 68 68 68 68 68 68 68 68 68 62 68
68 68 68 68 68 68 68 68 68 68 68 68 68 68 68 68 68
68 68 68 68 68 68 68 68 68 68 68 68 68 68 68 68 68
68 68 68 68 68 68 68 68 68 68 68 68 68 68 68 68 68
68 68 68 68 68 68 68 68 68 68 68 68 62 62 62 62 62
68 62 62 62 62 62 62 62 68 68 68 68 68 68 68 68 68
68 68 68 68 68 59 59 59 59 59 59 59 68 68 68 68 68
68 68 68 68 68 68 68 68 68 68 68 68 57 57 57 57 59
59 59 59 59 59 59 59 59 59 57 57 57 57 57 57 59 59
59 68 59 59 59 59 59 59 59 68 68 68 68 68 68 68 59
57 57 57 57 57 57 59 59 59 59 59 59 59 59 59 57 57
59 59 57 57 59 57 59 59 59 59 59 59 59 54 54 54 59
59 59 59 59 59 59 57 57 54 54 59 59 59 57 57 57 48
48 47 57 47 54 54 59 59 48 46 43 43 43 46 46 43 48
48 48 54 59 59 59 54 48 48 48 57 48 59 43 48 48 48
59 57 47 47 43 43 39 39 35 47 47 48 48 48 48 47 47
41 41 41 41 34 37 30 25 25 37 37 39 39 32 36 36 43
43 39 47 47 39 39 39 39 39 39 35 35 39 47 48 48 46
47 47 41 41 41 37 31 31 35 37 36 36 39 27 27 23 22
22 30 34 41 31 31 35 27 22 19 19 15 24 24 39 47 41
41 35 31 25 35 35 35 28 31 35 17 11 9 9 9 19 25 35
31 31 27 25 27 27 22 14 16 12 12 12 21 17 22 20 19
24 28 28 20 20 19 22 18 18 19 19 18 28 22 18 23 28
28 28 28 25 24 24 22 19 22 17 19 13 12 12 16 21 15
15 14 17 15 23 23 25 31 33 31 21 17 15 12 12 12 15
17 26 28 15 9 8 8 8 9 9 9 9 11 23 23 15 16 12 11 10
9 10 9 12 11 10 13 13 18 18 14 14 14 19 19 24 28 28
23 20 12 12 9 11 19 17 9 6 8 8 13 12 18 18 15 16 16
16 14 19 10 12 10 13 12 11 21 10 9 12 9 8 8 8 8 11
13 11 11 10 11 11 10 10 10 10 10 10 11 11 9 9 8 8 8
10 10 9 9 9 16 18 15 14 12 10 10 15 12 10 8 8 8 8 8
9 9 11 10 8 8 10 10 10 10 12 11 11 10 11 10 10 10 8
8 8 8 8 8 11 11 11 16 8 8 8 8 8 8 8 8 8 8 8 8 8 8 8
8 8 8 8 8 8 8 8 10 11 8 10 10 10 10 11 12 12 10 10
10 10 9 8 8 9 9 9 10 10 14 11 13 11 8 8 8 9 8 8 8 8
8 8 8 8 11 10 10 10 6 7 9 9 9 7 9 6 6 6 6 8 8 10 9
12 11 9 10 7 9 7 9 21 17 7 7 6 6 6 6 6 6 6 11 11 12
10 10 10 10 10 10 10 6 6 6 6 8 8 8 8 8 6 6 7 9 11 7
8 9 9 8 9 8 8 8 6 6 6 6 8 6 8 8 8 8 8 10 10 8 8 8 6
6 6 6 6 10 8 6 6 6 6 6 8 6 9 9 9 9 9 9 9 9 6 6 6 6
6 6 6 6 6 8 8 8 8 6 6 7 8 8 8 8 8 8 8 8 8 8 8 8 8 8
12 10 9 9 9 8 8 9 9 9 9 12 12 14 15 13 9 8 8 8 13 13
6 6 6 6 6 6 6 11 9 12 11 10 10 10 9 9 8 8 10 10 9 10
10 10 8 6 6 6 8 8 11 10 10 10 8 8 6 8 8 8 12 12 8 9
8 8 8 8 9 10 10 12 9 8 8 6 6 6 8 8 8 8 6 6 6 6 10 8
9 6 6 6 6 8 8 18 16 20 13 9 8 8 6 6 6 8 8 8 8 8 8 8
8 8 8 8 12 10 10 10 10 11 11 8 8 6 6 6 8 9 10 9 8 10
8 8 8 8 8 8 10 13 9 10 10 10 11 12 12 12 11 11 11 17
9 9 9 6 6 6 6 6 6 8 8 8 8 8 10 15 9 8 8 8 8 8 8 10
9 8 8 8 6 8 6 6 6 8 8 8 9 9 9 9 11 12 10 10 9 9 9 10
10 11 10 12 18 16 11 11 8 10 7 9 10 15 11 6 6 6 8 8
8 8 8 8 8 8 7 6 6 6 6 8 11 11 11 11 8 10 8 8 8 8 6
6 6 6 8 7 7 7 8 8 8 6 6 7 9 10 9 8 8 8 12 11 10 10
8 8 6 6 6 6 6 6 6 8 8 8 8 6 6 6 6 6 6 6 6 6 8 15 8
7 7 8 8 11 7 7 7 7 7 9 6 8 6 6 6 6 6 6 8 8 8 10 11
10 10 10 9 8 8 6 7 8 8 8 6 6 6 6 6 6 6 6 10 10 8 8
8 8 10 9 9 8 8 8 8 8 8 8 8 3 0 3 8 8 8 8 9 8 8 8 8
8 7 9 6 6 8 8 8 15 8 22 10 12 10 10 10 12 12 13 11
11 11 8 8 7 6 8 8 11 12 7 7 7 8 9 9 9 9 9 8 8 8 8 
>L22_A70_Premixed PHD_FILE: L22_A70_Premixed.phd.1
6 6 6 6 7 7 8 6 6 7 8 8 8 8 8 8 8 8 8 8 8 8 8 12 11
8 8 10 10 8 8 8 10 8 9 10 11 9 10 10 17 19 19 16 15
15 19 19 20 22 24 24 24 37 37 37 36 33 33 34 36 36
37 37 53 53 53 53 57 57 57 59 59 50 48 48 48 48 48
57 54 54 44 43 47 47 43 59 59 59 68 68 68 68 68 68
68 68 68 68 68 68 68 68 68 68 68 68 68 57 57 48 57
57 59 59 68 68 68 68 68 68 68 68 68 68 68 68 68 68
68 68 68 68 68 68 68 68 68 68 68 68 68 68 68 68 68
68 68 68 68 68 68 68 68 68 68 68 68 68 68 68 68 68
68 68 68 68 68 68 68 68 68 68 68 68 68 68 68 68 68
68 68 68 68 68 68 68 68 68 68 68 68 68 68 68 68 68
68 68 68 68 68 68 68 68 68 68 68 68 68 68 68 68 68
68 68 68 68 68 68 68 68 68 68 68 68 68 68 68 68 68
68 68 68 68 68 68 68 68 68 68 68 62 62 62 62 62 62
62 68 68 68 68 68 68 68 68 62 62 62 62 68 68 68 62
62 62 62 62 62 62 68 68 68 68 62 62 62 62 62 62 62
68 68 68 68 68 68 68 68 68 68 68 68 68 62 62 62 62
62 62 62 62 62 62 68 68 68 68 68 68 68 68 68 68 68
68 68 68 68 68 68 68 68 68 68 68 68 68 68 68 68 68
68 68 68 68 68 68 68 68 68 68 68 68 68 68 68 68 68
68 68 68 68 68 68 68 68 68 68 68 68 68 68 68 68 68
68 68 68 68 68 68 68 68 62 62 62 62 62 62 62 68 68
68 68 68 68 62 59 59 59 59 59 57 57 57 68 68 68 68
68 68 68 68 68 68 68 68 68 59 59 59 57 57 59 59 59
59 59 59 59 59 59 59 59 59 59 68 68 59 68 68 68 59
59 59 68 68 59 59 59 59 59 59 68 68 68 57 57 57 57
57 57 57 57 68 68 68 59 59 59 59 59 57 57 57 59 54
59 59 59 59 59 59 59 57 57 57 57 57 57 59 48 54 54
59 59 59 59 59 57 57 57 57 54 57 57 59 59 57 57 57
48 48 48 57 57 57 57 57 59 54 48 48 48 47 47 47 47
48 48 48 54 59 57 57 54 47 47 43 48 48 59 47 48 48
48 57 48 43 43 43 43 36 39 35 39 39 48 48 48 48 48
47 46 46 41 41 30 30 17 17 17 30 30 39 39 37 39 39
43 43 43 43 43 43 43 43 43 39 39 36 39 37 37 37 31
37 36 31 25 27 23 24 19 19 24 33 36 36 39 26 26 20
18 18 25 32 37 31 31 37 36 31 26 32 23 28 28 35 39
30 30 23 18 18 25 21 18 18 18 19 19 18 20 20 25 24
30 20 18 11 13 9 9 8 10 11 12 10 10 11 12 12 12 17
18 20 17 14 14 14 13 13 12 12 10 10 10 10 13 12 15
17 24 17 12 17 17 16 16 14 20 15 15 10 10 10 10 9 9
9 11 13 10 16 16 10 10 10 13 13 12 13 11 11 11 11 11
20 13 14 9 8 8 8 8 10 10 23 18 17 15 12 10 10 11 12
10 10 8 8 8 8 15 10 10 10 13 13 15 14 14 15 20 18 15
15 9 8 8 11 11 9 12 15 12 10 10 10 10 10 10 10 8 8
8 8 10 12 12 14 14 14 18 14 8 8 8 9 9 11 12 12 15 12
12 12 12 12 6 9 9 6 8 8 9 9 11 11 12 9 8 8 10 10 8
8 10 8 8 8 8 9 11 16 13 10 8 8 8 8 8 8 8 8 8 8 8 8
8 10 10 9 9 9 8 8 8 8 8 8 8 10 17 17 14 12 13 13 13
13 15 15 14 14 14 18 25 20 14 11 8 8 8 8 8 10 10 13
10 10 8 6 6 6 6 6 8 11 11 10 10 9 10 9 9 11 12 11 11
10 10 10 12 12 22 16 11 10 10 10 13 14 12 10 10 9 8
8 8 8 8 8 8 10 10 10 18 15 18 11 10 9 9 9 9 10 9 9
10 11 11 12 10 10 10 9 8 8 8 8 8 9 9 9 6 6 6 6 6 6
10 11 10 10 8 8 8 8 8 8 8 8 8 8 9 9 8 10 8 8 8 12 13
12 16 8 8 8 8 8 8 8 8 8 10 11 10 10 10 10 13 8 8 8
8 8 8 10 9 8 8 8 8 8 10 11 10 8 7 6 6 8 8 8 8 13 16
14 14 9 9 9 10 8 8 8 8 8 8 8 8 8 9 9 11 11 11 8 8 8
8 8 10 10 10 10 11 11 10 10 10 16 13 11 11 11 11 10
10 10 10 9 9 12 12 13 6 6 6 6 6 8 10 11 11 8 6 6 6
6 6 8 10 9 9 9 12 10 10 11 11 12 11 9 8 8 8 8 8 8 8
8 8 8 10 10 10 11 11 10 10 11 12 11 11 11 11 11 17
15 15 19 13 10 9 10 9 9 9 9 11 11 11 10 11 10 11 8
8 9 9 10 11 8 8 6 6 6 8 13 13 10 10 9 10 10 10 11 11
8 8 6 6 6 6 6 8 8 8 8 8 10 11 12 12 10 7 7 6 6 8 8
8 10 9 8 10 7 7 7 8 9 10 10 10 9 8 8 8 8 8 8 8 8 8
8 6 6 8 8 14 9 10 8 8 8 8 8 8 8 6 6 6 6 8 8 8 8 8 8
8 8 6 6 7 8 10 8 8 8 6 6 6 6 6 6 10 6 6 6 6 6 6 6 6
6 8 6 8 8 8 8 8 8 8 8 8 11 10 9 9 10 10 13 17 10 8
8 9 8 8 8 8 7 6 6 6 6 8 8 8 8 8 8 8 8 8 8 8 10 8 8
6 6 7 6 8 8 11 7 7 8 10 8 8 8 8 8 8 8 6 6 6 6 6 6 9
9 12 12 8 6 6 6 8 8 9 8 8 6 6 8 6 6 6 6 8 9 6 6 6 6
8 6 8 6 8 6 6 6 6 8 6 6 6 6 9 9 8 8 8 7 7 9 9 9 9 9
8 8 8 8 9 9 9 10 10 9 8 8 8 8 8 8 9 8 8 8 8 8 
>R11_A70_Premixed PHD_FILE: R11_A70_Premixed.phd.1
6 6 6 6 8 8 8 6 6 6 6 6 6 6 6 8 8 8 8 10 6 6 6 8 6
6 6 8 8 8 8 10 10 10 10 22 8 10 10 17 19 19 16 15 15
19 19 20 20 19 19 19 37 37 37 30 30 32 34 36 36 37
42 57 57 48 48 48 48 48 59 59 48 54 47 47 48 48 48
48 43 39 31 32 32 25 43 44 54 54 57 57 57 68 68 68
68 68 68 68 68 68 68 68 68 68 68 68 43 43 35 37 37
59 59 54 54 54 59 59 68 68 68 68 68 68 68 68 68 68
68 68 68 68 68 68 68 43 59 48 52 52 59 57 68 68 68
68 68 68 68 68 68 68 68 68 68 68 68 68 68 68 68 68
68 68 68 68 68 68 68 68 68 68 68 68 68 68 68 68 68
68 68 68 68 68 68 68 68 68 68 68 68 68 68 68 68 68
68 68 68 68 68 68 68 68 68 68 68 68 68 68 68 68 68
68 68 68 68 68 68 68 68 68 68 68 68 68 68 68 68 68
68 68 68 68 68 68 68 68 68 68 68 68 68 68 68 68 68
68 68 68 68 68 68 68 68 68 68 68 68 68 68 62 62 62
62 62 62 62 68 68 68 68 68 68 68 68 68 68 68 68 68
62 62 62 62 62 62 62 62 62 62 68 68 68 68 68 68 68
68 68 68 68 68 68 68 68 68 68 62 62 62 68 68 68 68
68 68 68 68 68 68 68 68 68 68 68 68 68 68 68 68 68
68 68 68 68 68 68 68 68 68 68 68 68 68 68 68 68 68
68 68 68 68 68 68 68 68 68 68 68 68 68 68 68 68 68
68 68 68 68 68 68 68 68 68 68 59 59 57 57 57 57 57
68 68 68 68 68 68 68 68 68 68 68 68 68 68 68 68 68
68 68 68 59 59 59 59 68 68 68 68 68 68 68 68 68 68
68 68 68 68 68 68 68 68 68 68 68 68 68 68 68 68 68
68 68 59 59 59 59 59 68 68 68 68 68 68 68 68 68 68
68 59 59 59 59 57 57 57 68 68 68 68 59 59 59 59 59
59 59 59 59 59 59 68 59 59 59 59 59 59 57 57 59 59
59 59 59 57 57 57 57 57 57 59 59 59 59 57 57 54 54
54 54 57 54 54 59 59 59 59 59 59 57 57 57 54 57 57
59 48 48 48 57 57 59 57 57 48 48 43 47 43 48 48 48
48 48 59 48 48 46 46 46 47 39 39 31 25 25 39 43 39
41 39 41 41 43 43 48 48 48 47 47 43 43 40 43 43 43
47 47 48 48 48 47 47 43 43 43 43 43 43 43 43 43 43
43 32 32 28 30 30 36 37 48 43 43 37 37 37 33 33 28
37 34 41 47 47 43 36 28 25 35 37 35 28 31 35 34 34
28 24 24 34 34 32 29 29 32 31 31 37 31 27 33 28 23
23 28 22 22 31 27 31 37 37 37 39 37 37 30 30 24 29
32 37 31 31 37 41 43 39 40 39 37 36 32 28 32 27 27
24 23 20 24 28 20 20 20 32 32 39 39 31 32 25 28 28
29 29 32 28 28 31 31 36 32 32 25 29 30 25 24 24 25
32 37 36 35 27 29 28 28 24 29 34 31 28 31 25 35 35
32 32 24 22 22 28 28 30 37 39 39 32 28 23 20 20 27
25 24 22 22 30 26 28 23 23 28 22 22 19 18 20 19 22
23 24 22 25 27 23 19 18 14 14 14 18 20 18 24 24 21
21 12 12 13 15 15 15 11 11 11 11 11 11 16 13 21 13
14 14 14 14 14 15 14 17 12 12 13 20 16 16 19 19 16
14 9 11 9 9 9 14 19 17 18 18 25 15 12 14 14 19 14 14
13 21 17 15 15 15 19 14 14 12 15 19 16 12 14 14 15
18 26 14 14 11 16 11 14 18 30 25 16 16 13 12 10 10
15 11 10 10 10 10 15 10 11 11 14 14 12 10 8 8 7 7 9
11 11 11 9 9 7 9 9 8 8 8 9 9 16 15 13 12 10 10 12 16
11 10 10 8 8 8 8 8 8 10 10 13 11 12 12 10 10 9 9 10
10 9 10 10 10 9 9 9 7 8 8 8 9 9 8 8 8 8 8 8 8 8 8 8
8 8 8 8 10 11 11 7 6 6 6 6 6 8 9 8 8 8 8 8 8 11 12
11 15 8 9 9 8 8 8 6 6 6 8 8 6 6 6 6 6 6 6 6 8 8 9 9
8 8 8 8 8 8 8 8 8 8 8 11 10 13 9 9 9 9 8 8 8 8 8 8
8 8 8 8 8 8 8 13 8 8 6 6 6 6 8 8 10 10 10 10 11 12
12 10 8 8 7 6 6 6 6 8 12 11 13 13 13 15 17 27 19 20
14 12 10 7 7 7 8 13 19 15 9 8 8 6 6 6 6 6 6 6 6 6 6
8 8 6 6 6 6 6 9 8 8 8 8 6 6 6 6 6 6 8 6 11 8 8 8 6
8 8 8 8 8 8 7 7 7 8 8 8 8 10 10 8 8 7 7 6 11 7 6 6
6 8 11 11 16 6 6 6 6 6 6 6 6 6 6 6 8 8 8 8 8 9 9 16
17 11 10 8 8 8 8 10 6 6 6 6 6 7 6 6 6 8 8 10 10 8 8
8 8 10 8 9 9 12 6 6 6 6 6 6 10 10 13 10 9 8 8 8 8 9
9 9 9 15 17 28 17 13 8 8 8 8 6 10 8 6 8 8 8 8 8 8 8
8 10 10 6 6 6 6 6 6 6 6 6 6 11 9 9 9 12 8 8 8 8 8 8
8 7 8 8 10 8 8 9 8 6 6 6 8 8 9 8 8 6 6 6 6 8 8 8 8
8 6 6 6 6 8 6 8 8 8 8 8 8 6 6 6 6 6 6 8 8 8 6 6 10
6 6 6 6 9 12 15 10 7 6 8 8 8 6 6 6 6 6 6 8 11 17 15
15 11 9 10 8 6 6 6 6 8 6 6 8 6 6 6 6 10 6 9 9 10 11
12 12 12 11 10 9 8 8 8 7 7 7 6 6 6 6 6 6 8 8 8 7 6
6 6 6 8 6 6 8 8 8 8 8 8 8 3 0 3 6 6 8 8 3 0 3 6 6 8
6 
>R12_A70_Premixed PHD_FILE: R12_A70_Premixed.phd.1
6 6 6 6 8 6 6 6 6 6 6 6 8 8 11 6 8 6 6 6 6 10 10 11
9 9 9 10 10 8 11 8 13 8 9 10 22 22 25 12 12 18 19 19
16 15 15 19 17 13 10 12 12 20 34 37 37 33 33 33 33
33 36 36 36 57 57 59 59 59 59 59 59 59 50 50 50 50
50 50 50 50 43 36 29 32 32 31 43 44 68 68 68 68 68
68 68 68 68 68 68 68 57 57 57 57 57 57 57 68 48 48
39 43 43 59 59 57 57 57 59 59 68 68 68 68 68 68 68
68 68 68 68 68 57 57 57 57 57 57 59 57 57 57 59 59
68 68 68 68 68 68 68 68 68 68 68 68 68 68 68 68 68
68 68 44 44 29 29 29 33 29 31 32 44 44 68 38 38 13
13 12 26 24 33 33 44 44 68 38 38 18 12 12 15 18 23
39 43 57 57 57 57 52 43 43 24 24 13 13 13 38 38 59
59 57 57 57 57 57 57 52 52 52 62 62 52 62 62 62 52
52 52 62 62 43 35 35 43 43 43 62 62 62 62 62 62 62
62 62 62 62 62 52 52 62 62 62 62 44 43 35 35 35 43
47 62 52 52 45 45 45 62 62 62 52 52 52 52 52 62 62
52 62 62 62 62 62 62 62 62 62 52 52 52 52 52 52 52
52 43 43 21 21 23 43 43 52 52 43 43 39 39 39 43 43
52 52 62 62 52 62 62 62 62 62 52 45 45 52 52 62 52
52 52 52 52 52 52 62 62 45 45 45 62 62 62 52 62 62
62 62 62 62 62 62 62 52 52 52 52 52 52 52 62 62 62
62 62 62 62 62 62 52 52 52 52 52 62 52 52 52 62 52
52 62 62 62 62 62 62 62 57 52 52 52 52 57 57 57 57
57 57 57 57 57 57 57 57 59 59 57 57 57 57 57 57 57
57 57 57 52 52 52 57 57 59 52 52 52 57 57 43 43 38
43 43 57 57 57 57 52 52 52 59 50 47 35 35 35 43 43
52 52 52 52 52 52 52 52 59 59 57 57 47 47 35 35 33
43 43 50 50 57 57 57 57 57 57 57 57 43 43 43 46 44
48 47 47 57 57 54 57 54 54 48 48 48 48 47 47 47 48
47 57 46 43 43 43 57 44 48 48 57 48 48 47 47 43 43
46 43 43 43 43 43 43 43 43 43 43 43 43 43 43 43 43
43 43 48 48 48 43 43 36 39 36 43 43 43 43 39 36 32
32 28 30 28 30 28 31 24 23 18 16 22 34 28 34 34 28
30 37 35 35 35 39 39 39 39 39 43 40 40 40 39 37 37
35 31 31 30 34 28 28 28 30 29 31 35 37 36 36 36 32
37 37 37 37 37 37 31 25 25 31 24 24 30 30 33 37 34
39 35 31 28 23 19 18 23 23 28 24 25 35 25 22 14 14
14 30 28 41 32 32 41 32 31 34 26 13 18 11 11 11 19
15 18 19 18 22 24 26 24 15 15 14 18 18 26 17 12 11
11 11 23 18 28 24 30 34 32 28 22 14 14 11 11 6 6 6
7 11 8 14 13 17 17 19 19 28 30 17 18 16 18 19 24 22
25 30 24 32 8 8 6 6 8 6 11 16 19 24 24 19 10 8 8 8
8 8 8 12 10 9 9 9 10 10 22 15 10 10 10 15 17 23 23
19 16 13 14 14 12 15 25 25 12 12 12 12 12 10 10 10
10 16 10 10 10 9 9 8 8 8 8 8 8 17 15 20 23 27 19 20
21 12 18 13 13 13 13 11 9 9 8 8 8 9 10 10 10 12 14
17 12 13 13 13 9 10 8 8 8 8 10 10 14 22 20 16 14 14
14 14 11 9 9 9 8 8 8 11 9 9 11 11 16 11 9 9 10 6 6
6 6 6 8 14 14 9 8 8 8 8 8 8 13 13 8 8 8 8 8 8 8 8 8
6 6 6 6 8 6 8 8 9 10 10 8 8 8 8 8 8 9 10 11 9 10 8
8 6 8 6 6 6 6 8 6 8 9 9 9 9 6 7 7 9 9 9 9 9 8 8 10
10 8 11 10 8 8 8 12 10 12 13 10 8 8 8 6 6 6 6 7 6 8
8 9 10 13 10 7 6 6 6 8 8 8 7 9 9 10 9 9 11 8 8 7 7
6 8 6 6 6 8 15 11 8 8 8 8 8 11 11 14 12 10 8 6 6 6
6 8 8 8 8 8 9 9 9 10 8 8 8 9 9 9 8 8 8 8 8 8 8 8 10
10 8 8 9 8 8 8 6 6 6 6 6 8 6 6 6 6 6 6 9 9 8 8 8 8
8 6 9 9 13 13 12 11 11 8 8 8 8 9 9 11 9 9 9 10 9 9
10 10 10 10 11 11 13 9 9 9 9 8 8 8 8 9 8 8 12 9 13
8 8 8 8 8 10 8 8 8 8 8 6 6 6 6 6 6 6 6 8 8 9 12 11
11 11 10 10 11 10 8 8 8 8 8 8 8 12 9 8 6 6 6 6 8 8
11 9 12 10 18 15 13 10 10 11 11 11 9 9 9 11 15 10 9
8 8 8 8 7 7 9 9 9 10 12 11 6 6 6 6 6 6 8 8 8 8 8 8
6 6 6 6 6 6 8 8 8 6 6 6 6 8 8 7 8 6 6 6 6 6 8 6 6 8
8 6 6 8 8 8 8 8 8 8 10 6 6 8 8 8 6 6 6 6 8 10 10 8
8 6 6 8 10 11 8 6 6 8 6 6 8 8 8 18 22 18 18 10 8 8
8 11 11 8 9 11 12 21 14 28 23 23 14 10 10 10 8 8 6
7 6 6 6 6 6 6 6 6 6 6 6 6 6 8 7 6 7 8 8 8 8 8 8 8 8
8 8 8 8 8 6 6 6 6 8 8 8 8 8 16 14 14 9 9 9 9 9 6 11
6 6 6 8 8 9 9 10 8 8 8 8 8 8 12 8 8 10 10 10 10 11
11 11 10 6 6 6 6 6 3 0 0 3 12 11 10 10 9 8 8 8 6 8
8 8 10 8 6 6 6 8 6 6 8 8 8 8 11 3 0 3 10 10 3 0 3 6
6 8 8 8 8 9 9 8 17 8 8 8 8 19 16 9 9 6 6 8 9 10 10
19 12 11 11 3 0 3 6 6 8 6 6 8 6 8 8 8 8 
>R13_A70_Premixed PHD_FILE: R13_A70_Premixed.phd.1
6 6 6 6 7 7 6 6 10 8 8 8 8 8 8 8 8 8 8 8 8 11 11 8
8 10 8 8 8 8 12 10 10 10 10 9 10 10 17 19 17 13 10
10 10 17 17 20 24 24 24 39 39 43 37 36 33 34 34 34
37 37 50 50 48 48 48 48 48 48 48 48 42 39 39 42 42
48 47 40 32 29 32 32 29 43 44 54 54 54 57 57 68 68
68 68 68 68 68 68 68 68 68 68 68 68 68 44 44 33 42
42 59 59 57 57 57 59 59 68 68 68 68 68 68 68 68 68
57 57 57 57 57 43 43 57 43 44 48 52 52 59 59 68 68
68 68 68 68 59 59 57 57 57 59 59 59 59 68 68 68 68
68 59 59 28 24 13 13 13 15 38 44 68 38 34 12 11 11
12 12 14 14 38 38 68 38 38 17 13 13 24 12 13 13 22
18 17 17 20 20 26 35 35 35 35 36 18 18 17 16 16 20
24 43 43 31 24 24 20 20 20 43 43 41 41 17 17 17 41
41 68 68 68 68 68 43 43 15 15 13 13 13 15 15 19 41
41 38 38 14 14 14 16 14 14 14 14 14 14 20 20 23 14
14 14 14 14 15 11 12 11 11 13 18 20 44 44 38 38 14
14 14 14 26 34 44 62 68 68 68 68 41 41 18 18 18 41
41 68 68 68 68 44 44 31 31 31 33 33 38 38 14 13 12
13 13 14 17 18 18 17 17 14 22 14 17 17 15 18 13 13
12 11 11 12 12 17 24 24 16 14 14 16 28 18 15 15 12
15 11 11 11 15 15 15 12 12 12 13 21 21 27 23 18 18
18 17 17 17 14 16 13 13 13 12 13 12 12 11 11 11 12
18 28 20 18 18 18 18 12 12 12 18 12 12 12 12 12 12
15 16 18 20 20 21 16 14 14 14 14 14 20 28 24 15 12
12 12 12 12 19 12 12 11 11 11 12 12 14 15 15 20 20
18 18 12 12 12 12 12 15 11 13 11 18 13 17 15 18 12
12 12 12 12 12 12 12 12 13 13 19 12 13 12 12 12 14
14 14 14 14 18 23 28 15 15 13 13 12 10 10 10 10 10
12 12 12 12 12 12 18 18 18 18 12 12 12 15 13 14 14
14 12 11 11 11 11 11 12 11 12 12 24 18 24 12 12 11
12 15 15 19 19 15 13 12 12 15 15 12 15 12 12 12 12
12 13 15 15 12 12 12 12 12 11 11 11 16 18 15 15 13
13 12 15 13 12 12 12 18 15 12 12 12 15 18 22 22 18
17 17 18 24 23 28 28 23 18 15 12 12 12 12 14 19 15
17 17 20 21 21 13 13 13 14 12 12 12 12 12 11 11 10
10 10 13 16 19 15 19 18 19 13 15 11 11 11 12 12 12
14 15 12 12 15 14 15 19 15 24 18 21 13 14 14 18 14
17 13 28 11 8 8 10 9 13 14 19 20 20 18 28 32 36 32
32 24 14 10 9 9 9 15 18 23 23 20 16 20 11 11 11 17
8 7 6 6 6 10 16 20 21 22 20 19 15 15 13 12 14 14 11
10 13 11 18 11 11 11 21 19 19 13 12 11 11 11 15 22
16 14 12 12 12 11 11 11 11 12 14 20 15 28 25 24 22
17 11 12 9 9 10 12 12 14 21 15 15 11 11 10 10 9 9 9
10 10 9 10 10 8 8 8 8 8 8 14 14 11 11 10 9 9 10 11
12 11 9 11 8 9 8 8 8 8 13 13 12 19 15 15 7 7 7 7 10
10 10 8 8 8 10 9 12 10 17 10 10 10 15 13 13 14 13 11
10 10 10 10 11 11 11 8 10 10 8 8 8 10 11 11 11 11 10
10 12 10 12 15 16 15 14 30 24 21 13 13 11 8 8 8 8 8
8 8 9 9 8 8 8 8 8 8 8 10 16 16 16 14 13 13 11 11 13
13 10 9 9 10 9 9 9 10 10 10 12 14 11 11 11 13 11 10
10 9 9 12 9 9 9 10 10 13 19 8 8 6 6 6 6 10 12 11 12
12 14 11 11 11 10 9 9 9 8 10 8 8 8 8 13 14 10 9 10
8 6 6 6 6 6 8 11 10 12 9 11 8 8 8 8 9 9 11 11 9 9 9
8 8 6 6 6 6 6 6 8 8 8 9 9 9 9 8 10 8 8 8 8 8 6 6 6
11 10 10 10 10 10 8 8 9 8 8 8 8 8 8 8 6 8 8 6 6 6 6
8 9 8 8 8 8 8 10 8 8 8 8 12 12 11 9 9 9 9 8 10 20 13
10 10 8 8 6 6 6 6 9 11 13 13 11 11 6 6 8 8 8 8 8 8
8 8 9 11 10 10 8 9 7 8 6 6 6 6 10 17 10 7 6 6 6 6 8
6 6 6 8 10 10 11 10 10 10 10 12 8 8 8 6 6 8 6 8 8 8
6 6 6 6 6 8 11 11 8 8 6 6 8 6 9 9 9 9 9 9 8 8 6 6 6
8 8 8 8 8 10 10 10 10 10 10 9 8 8 8 8 10 8 10 10 9
8 6 6 6 6 6 6 9 9 9 11 9 11 11 10 8 8 8 8 8 6 6 6 6
7 7 12 12 10 11 6 6 6 6 9 14 11 11 11 17 13 12 9 9
9 8 8 8 10 8 8 8 8 8 8 10 9 9 9 6 6 6 6 8 6 7 8 8 10
10 9 9 9 8 8 6 6 6 6 8 8 9 9 10 8 10 10 10 10 6 8 8
6 6 6 8 10 10 12 12 12 12 8 8 8 8 8 8 8 6 6 8 8 8 8
8 6 6 6 6 6 6 9 9 8 8 6 6 8 6 11 8 8 8 8 8 8 8 8 8
8 11 11 11 10 8 8 6 6 6 6 8 8 8 6 6 6 6 6 6 8 8 8 12
10 10 10 8 8 6 6 6 8 10 10 9 9 3 0 3 6 6 6 11 9 12
11 9 8 7 7 8 8 8 8 8 8 8 8 8 6 6 6 6 9 9 9 9 9 10 10
12 10 8 7 7 10 8 8 6 6 8 6 6 6 6 8 8 8 6 6 6 6 6 6
6 6 8 9 9 9 9 6 6 6 6 6 6 8 11 11 11 8 8 9 9 12 8 8
10 8 6 8 6 6 6 8 6 7 8 6 6 6 8 8 8 8 8 8 
>R14_A70_Premixed PHD_FILE: R14_A70_Premixed.phd.1
6 6 6 6 6 7 8 8 6 6 6 6 6 6 8 8 8 8 8 8 13 12 6 8 8
8 8 8 11 10 8 10 10 10 10 10 14 14 12 11 22 11 10 10
14 16 15 22 22 21 21 24 39 39 31 31 22 24 24 34 34
37 37 50 50 48 48 48 48 48 48 46 36 32 32 32 36 36
48 46 37 29 28 28 28 29 42 44 48 48 48 48 57 57 57
57 57 57 57 57 57 48 47 47 47 57 54 57 42 43 35 37
41 59 59 54 54 54 59 59 57 57 68 68 68 68 68 57 57
57 57 57 50 50 37 43 50 43 59 47 52 52 59 59 68 68
68 68 68 68 59 59 57 57 57 59 59 68 68 68 68 68 68
57 57 59 59 57 57 57 68 68 68 68 68 68 68 68 57 57
57 57 57 57 57 68 68 68 68 68 68 68 68 68 68 68 68
68 68 68 68 68 68 68 68 68 68 68 68 68 68 59 59 57
57 57 59 62 68 68 62 62 62 62 62 62 62 68 68 62 62
62 62 62 62 62 62 62 68 68 68 68 68 68 68 68 62 62
62 62 68 68 68 68 68 68 68 68 68 68 68 68 68 68 68
68 68 68 68 62 62 62 62 62 62 62 62 62 62 62 62 62
62 62 62 62 62 62 62 62 62 62 62 62 62 62 62 62 62
62 62 62 62 62 68 68 62 62 62 62 62 62 62 62 62 62
62 62 62 62 62 62 68 68 68 68 68 68 68 68 68 62 62
62 62 62 62 62 62 62 62 62 62 62 62 62 62 62 62 62
62 62 62 62 62 62 62 62 62 62 62 62 62 62 62 62 62
62 62 62 62 62 62 62 62 62 62 62 62 62 62 62 62 62
62 62 62 62 62 62 62 62 62 62 62 62 62 62 62 62 62
62 62 62 62 62 62 62 62 62 62 62 62 62 62 62 45 45
45 57 59 59 59 57 59 57 59 59 59 59 57 57 57 57 57
57 57 59 59 59 59 52 52 57 57 59 59 59 59 57 57 57
59 59 59 57 57 57 57 57 57 57 57 57 57 57 54 57 57
57 57 57 57 57 57 57 59 57 57 52 52 52 57 57 59 59
59 54 54 54 54 52 57 52 57 57 57 50 54 57 57 57 59
59 59 59 57 57 43 43 43 57 57 57 54 54 54 48 48 48
48 48 48 57 57 59 57 44 44 35 35 35 43 42 57 47 57
48 48 48 48 48 48 48 48 46 44 43 37 37 43 43 43 48
48 48 48 48 48 48 59 57 48 48 48 48 43 43 43 43 43
48 48 48 48 48 48 48 48 48 48 48 39 39 35 32 28 34
28 26 26 32 37 37 37 37 31 27 34 30 30 30 37 38 47
41 41 31 34 35 37 35 35 35 39 37 36 30 26 23 19 18
19 32 30 37 30 23 22 22 20 23 20 25 28 30 25 28 36
37 37 39 37 37 28 19 18 24 22 22 28 35 28 31 24 18
19 17 11 11 15 23 19 26 26 15 14 14 21 21 18 18 18
20 27 25 25 12 12 12 23 21 25 25 25 21 21 25 32 28
28 31 20 18 13 11 11 12 11 11 19 21 28 24 24 28 19
15 17 8 8 8 8 8 9 19 21 18 15 18 14 14 14 10 10 10
15 13 18 20 22 12 16 11 15 15 28 20 23 23 19 15 14
18 15 20 18 18 15 18 11 8 8 8 14 11 19 25 15 19 12
12 13 9 9 10 15 15 12 15 15 21 25 20 20 12 12 11 22
22 19 17 10 8 10 8 10 9 12 13 10 11 9 9 10 10 12 12
12 11 10 11 14 10 11 11 9 9 10 9 19 10 10 13 14 14
10 14 14 8 8 8 8 8 8 10 15 12 15 14 14 17 12 14 14
17 21 12 12 12 12 15 11 10 10 10 10 10 11 11 10 10
10 19 15 15 19 16 15 14 14 23 15 14 14 10 10 12 10
11 17 11 10 9 9 9 9 9 10 10 9 9 9 10 12 11 11 11 14
13 16 19 14 13 12 10 9 9 9 9 8 8 6 6 6 6 8 8 8 8 9
10 6 7 6 6 8 8 10 10 11 11 11 8 8 6 6 6 6 6 6 9 9 6
8 8 8 8 8 8 8 13 14 11 8 10 8 9 10 10 10 9 9 8 8 6
6 6 6 8 8 10 10 10 10 8 8 8 8 8 6 6 6 6 13 19 30 19
15 9 6 6 6 6 6 6 8 8 8 8 8 8 11 11 12 12 12 11 11 11
12 12 12 11 9 9 9 8 8 8 10 10 10 10 10 7 6 6 6 6 6
6 6 6 7 6 6 6 6 6 8 6 6 6 6 8 8 8 13 12 12 8 8 8 8
8 8 8 8 8 8 8 7 9 9 7 7 7 8 9 9 9 10 10 19 18 12 8
6 6 6 6 6 6 6 6 6 6 8 7 6 6 6 6 8 11 12 15 10 10 10
10 9 10 8 8 8 8 8 8 8 8 8 8 8 9 10 11 11 10 10 8 8
8 8 9 9 10 10 10 10 11 12 18 26 19 15 10 8 6 6 6 6
6 6 10 11 11 16 8 8 6 6 8 8 10 8 9 9 9 10 10 8 8 7
6 8 8 10 13 10 10 11 8 8 8 8 8 8 10 11 11 11 18 10
10 9 13 12 12 6 6 6 6 8 8 10 10 11 10 9 6 8 6 6 8 8
8 8 8 8 10 8 7 8 8 8 10 10 12 10 10 10 8 8 10 7 6 8
8 8 8 8 10 8 8 8 10 10 10 10 10 19 17 15 9 9 9 10 8
8 8 11 11 12 7 7 6 6 8 8 9 9 9 9 9 11 11 11 11 8 8
8 8 8 8 8 8 8 8 8 8 12 11 10 9 9 8 8 6 6 6 6 8 8 10
8 8 6 6 6 6 8 8 6 8 8 8 8 8 8 7 7 8 8 8 8 8 8 8 8 10
9 9 9 9 9 9 9 11 8 8 8 7 7 8 9 10 9 6 6 6 7 6 8 6 6
6 8 8 8 8 8 8 10 12 15 12 9 6 6 8 8 8 8 8 8 8 8 8 8
8 8 8 7 7 7 8 8 6 6 8 8 8 12 8 6 6 6 6 8 9 9 9 9 9
6 6 6 6 6 6 9 9 9 9 9 10 11 11 10 10 11 11 9 9 10 10
10 10 14 12 11 11 12 12 
>R15_A70_Premixed PHD_FILE: R15_A70_Premixed.phd.1
6 6 6 7 8 6 6 6 6 6 6 6 6 6 8 8 8 8 8 10 6 6 6 6 6
8 8 8 8 9 8 12 10 10 10 10 9 9 9 10 17 17 17 12 12
14 15 17 20 19 19 20 37 37 35 28 32 29 29 34 34 37
37 48 48 48 48 48 48 48 57 57 48 47 42 42 48 48 48
48 43 30 29 24 24 24 42 43 54 54 54 57 57 68 68 68
68 68 68 68 68 68 68 68 68 68 68 68 44 44 33 35 35
59 59 48 48 48 59 59 68 68 68 68 68 68 68 68 68 68
68 68 68 68 68 57 57 43 59 48 52 52 59 59 68 68 68
68 68 68 68 68 68 68 68 68 68 68 68 68 68 68 68 59
59 54 44 44 32 32 35 47 59 59 68 59 59 57 43 43 43
43 52 57 57 57 57 57 57 57 57 57 59 59 68 68 68 59
59 57 52 52 52 52 59 59 57 52 52 52 52 52 57 57 57
57 52 45 45 43 62 43 52 52 52 52 62 62 62 62 62 52
45 45 52 62 62 52 52 45 45 45 62 62 52 52 52 52 62
62 62 62 62 62 62 62 62 62 62 62 62 52 52 62 62 62
62 62 52 52 62 52 52 52 62 62 62 62 52 52 52 62 62
62 62 62 62 62 62 62 62 52 52 52 52 43 44 43 43 39
43 43 62 62 62 62 52 52 52 62 52 62 62 62 62 52 52
52 62 62 62 62 52 52 52 62 52 52 52 62 62 62 62 62
62 62 39 41 41 62 62 62 62 62 62 62 62 54 62 62 62
62 62 52 52 52 62 52 52 62 62 62 62 62 62 62 62 62
52 52 52 62 62 62 62 62 62 62 62 62 62 62 62 62 52
52 52 52 52 57 57 57 57 57 57 57 52 52 52 57 52 52
52 52 57 57 59 57 57 57 57 57 57 43 43 43 57 57 57
59 57 59 57 57 57 57 57 57 52 52 52 52 57 57 57 54
54 54 59 59 59 57 52 52 52 43 43 52 52 52 59 59 57
54 54 52 52 52 52 57 57 54 54 50 50 44 44 43 46 43
43 43 50 44 44 44 43 43 44 47 48 54 57 57 48 48 48
48 59 57 54 54 54 57 57 57 57 43 43 43 43 43 44 57
57 57 57 43 47 43 43 43 39 43 43 48 48 54 54 54 54
57 54 57 54 48 48 48 48 54 47 59 46 46 43 43 43 43
36 36 36 43 39 47 48 48 48 48 48 48 43 41 41 41 41
41 34 34 20 25 32 34 34 43 59 47 47 47 46 46 43 47
43 43 43 36 43 39 43 43 43 43 48 48 48 48 59 47 43
43 43 43 43 42 40 30 30 30 33 34 37 32 32 32 37 37
43 43 43 43 37 37 23 23 20 28 28 39 39 43 43 39 39
35 39 39 41 41 41 41 34 34 25 20 20 34 34 35 35 35
32 31 29 32 29 27 35 26 29 20 23 18 20 23 25 28 34
34 39 39 39 37 37 41 34 34 37 33 27 24 30 30 37 34
37 28 28 14 14 14 24 20 28 25 28 24 19 24 17 17 17
30 22 30 30 30 31 28 32 32 16 16 10 10 10 15 15 22
19 24 20 26 32 27 27 31 28 28 28 25 28 23 26 23 23
20 24 34 31 24 22 14 14 14 26 26 28 22 22 30 34 37
32 32 28 17 13 10 10 10 21 25 25 22 20 34 28 37 31
28 24 20 22 19 19 25 30 37 35 35 31 31 37 33 30 20
22 24 22 22 28 31 34 30 22 25 13 13 13 14 14 17 20
22 15 14 10 16 10 10 10 15 15 27 14 14 11 12 12 20
19 28 28 35 27 24 25 24 24 24 20 22 22 31 35 31 31
24 28 23 23 23 23 20 18 16 17 14 15 15 16 14 14 14
23 16 20 17 19 16 18 12 9 8 10 10 8 8 9 11 11 12 16
10 10 10 11 8 9 10 13 8 10 11 13 12 17 9 9 9 10 10
10 10 10 10 9 9 9 10 11 8 8 8 9 9 9 14 12 10 8 8 9
8 8 8 9 9 9 11 12 12 9 7 7 7 8 8 8 9 11 8 8 8 8 8 8
8 8 9 11 9 9 8 8 8 8 9 10 11 11 11 11 14 16 10 9 8
7 7 6 6 6 6 8 6 9 9 9 9 9 10 11 11 11 11 11 13 13 13
13 8 8 8 8 8 8 11 8 9 10 10 10 8 8 8 8 8 8 8 8 8 8
8 10 11 11 11 10 10 10 8 8 8 8 8 8 8 9 9 19 16 11 11
9 9 9 9 9 8 13 10 10 10 10 11 11 10 8 8 8 8 8 8 8 8
8 8 8 10 11 15 9 11 9 8 8 8 8 8 11 10 8 8 6 6 6 6 6
6 10 9 10 9 12 7 6 7 6 6 6 10 10 14 9 9 7 8 8 8 12
13 17 10 8 6 6 6 6 6 9 8 8 6 6 6 6 6 6 6 6 6 6 6 8
8 8 9 9 11 8 8 8 6 6 6 6 6 6 10 6 6 6 6 15 14 17 15
12 10 6 6 6 6 6 6 10 11 23 23 19 13 6 6 6 8 6 6 6 6
9 11 11 10 9 9 8 8 8 8 8 8 8 8 8 8 6 6 6 6 8 8 10 9
9 8 10 9 6 6 6 6 6 8 10 10 10 8 8 8 6 7 7 8 8 10 10
8 8 8 6 6 6 6 6 8 8 8 9 8 10 10 8 8 8 10 10 10 10 10
10 10 8 8 8 8 8 6 6 6 6 6 8 8 8 8 8 15 9 9 9 8 8 7
6 8 10 9 8 7 7 6 8 8 8 8 8 17 17 9 9 9 7 7 8 8 8 8
9 9 7 6 6 6 6 7 14 25 25 17 14 14 14 14 8 8 8 7 7 7
9 6 6 6 7 8 8 10 10 9 9 9 9 8 8 10 7 6 8 6 9 12 9 7
7 6 8 8 6 8 6 6 8 8 9 10 8 8 8 6 6 6 7 8 8 8 6 6 6
6 8 6 8 7 6 6 6 8 8 8 8 9 9 12 8 8 6 6 6 6 8 8 8 8
9 9 13 13 11 11 14 9 22 12 12 10 9 10 3 0 3 7 8 13
10 8 8 8 7 7 7 8 11 8 8 6 6 6 6 8 8 8 6 6 7 7 8 8 9
9 8 8 7 8 8 8 8 8 8 8 
>R16_A70_Premixed PHD_FILE: R16_A70_Premixed.phd.1
6 6 6 6 6 6 6 6 6 6 6 6 7 8 8 8 8 8 10 10 10 10 10
10 19 16 11 11 8 12 10 10 8 8 8 8 8 13 17 17 17 14
14 14 17 19 22 18 18 17 34 34 30 28 28 29 29 34 34
47 47 50 50 48 48 48 48 48 48 48 48 42 42 42 43 48
48 47 33 29 28 31 31 28 42 43 54 54 57 57 57 68 68
68 68 68 68 68 59 59 57 57 57 57 57 68 48 48 37 39
43 59 59 68 68 68 68 68 68 68 68 68 68 68 68 68 68
68 68 68 68 68 68 68 68 57 59 54 54 54 59 57 68 68
68 68 68 68 68 68 68 68 68 68 68 68 68 68 68 68 68
68 68 59 59 57 57 57 59 59 68 68 68 68 68 68 68 68
68 68 68 68 68 68 68 68 68 68 68 68 68 68 68 68 68
68 68 68 68 68 68 68 68 68 68 68 68 68 68 68 68 68
68 68 68 68 68 68 68 68 68 68 68 68 68 68 68 68 68
68 68 68 68 68 68 68 68 68 68 68 68 68 68 68 68 68
68 68 68 68 68 68 68 68 68 68 68 68 68 68 68 68 68
62 62 62 62 62 62 62 62 68 68 62 62 62 62 62 62 62
68 68 68 68 68 68 68 68 68 68 68 68 68 68 68 68 62
62 62 62 62 62 62 68 68 68 68 68 68 68 68 68 68 68
68 68 62 62 62 62 62 62 62 68 62 62 62 68 68 68 68
68 68 68 68 62 62 62 62 62 62 62 68 68 68 68 68 68
68 68 68 68 68 68 68 62 62 62 68 68 68 68 68 68 68
68 68 62 62 62 62 62 62 62 62 62 62 62 62 62 62 62
62 62 62 62 62 62 59 59 57 57 57 57 57 68 68 68 68
68 68 68 68 68 68 68 68 68 68 68 68 68 68 68 68 68
68 59 59 59 59 59 59 59 59 59 57 57 57 57 57 57 57
59 59 59 59 59 59 59 59 59 59 68 68 68 57 57 57 59
57 59 59 68 68 68 68 68 68 68 68 68 68 68 59 59 57
57 57 59 59 57 59 59 59 59 59 59 59 59 59 59 59 59
59 59 68 68 68 59 59 59 59 57 57 59 59 59 59 59 57
57 57 57 57 57 59 59 59 59 54 48 47 47 47 48 48 48
54 57 57 57 59 59 59 57 48 57 48 48 57 57 57 57 57
59 59 59 57 57 48 48 43 43 43 48 48 48 48 48 59 59
59 47 47 47 47 39 39 32 28 28 39 43 47 47 41 46 46
48 48 48 48 48 48 48 43 43 43 43 43 46 57 59 59 59
57 57 57 48 48 48 57 57 48 47 43 43 43 47 40 40 35
43 43 47 42 48 43 43 43 43 43 40 40 30 37 37 43 47
48 48 47 47 43 43 43 41 41 41 41 37 37 32 28 28 39
39 41 41 41 39 37 37 41 41 34 34 28 28 28 33 33 33
33 27 31 37 37 41 41 39 37 37 37 28 31 37 37 37 39
39 46 47 47 47 41 41 41 41 41 37 30 31 25 31 31 34
34 28 30 30 37 37 46 46 39 39 35 35 32 32 31 35 31
31 34 31 37 37 35 31 31 35 31 31 31 31 39 43 41 39
39 37 36 32 31 31 39 31 31 31 31 36 37 32 32 28 24
24 34 34 41 41 41 39 34 32 28 24 20 27 26 27 24 23
35 28 32 28 33 28 31 32 28 24 32 28 32 32 35 32 37
36 32 31 24 24 33 27 31 37 37 39 28 28 23 23 23 22
20 24 22 28 26 23 20 20 24 24 26 35 36 36 32 18 18
18 15 14 18 31 35 37 31 24 24 28 30 32 34 21 17 10
10 10 14 18 37 30 28 32 28 30 25 25 27 27 31 23 18
15 12 12 12 19 19 18 18 19 19 19 11 11 14 14 19 16
18 18 16 21 15 16 11 8 8 8 10 8 14 13 17 15 11 11 11
12 12 12 15 11 9 9 9 10 10 10 8 8 9 12 11 11 11 9 9
9 9 9 11 16 16 20 20 8 11 9 8 8 8 11 19 13 12 11 11
12 14 12 9 9 8 8 8 10 8 8 8 8 8 8 13 12 10 8 9 10 9
9 8 8 8 8 8 8 12 9 11 8 8 8 8 8 8 8 8 8 8 8 8 8 8 8
8 8 8 7 7 6 6 6 7 8 8 8 8 12 9 9 9 9 9 9 9 12 9 9 9
10 10 11 12 9 10 10 10 10 10 12 11 11 11 7 6 6 6 6
6 8 9 9 8 8 8 8 6 7 7 6 7 6 9 9 10 12 9 7 7 6 6 6 6
8 8 9 9 10 13 12 11 11 11 11 11 8 8 8 8 8 8 9 9 8 11
10 10 8 8 8 8 9 10 24 17 16 12 12 9 8 7 7 6 8 6 8 8
15 16 10 12 8 8 8 8 8 8 11 11 13 9 8 8 8 8 8 8 8 9
9 9 9 6 6 8 6 8 6 6 6 8 8 8 6 6 7 6 6 6 8 6 6 6 6 6
6 7 7 9 10 12 12 12 10 10 9 9 6 6 6 6 6 6 8 6 6 9 12
12 13 8 10 6 6 6 6 8 8 11 8 8 6 6 6 6 6 6 6 6 8 10
10 12 10 6 6 6 8 8 8 8 8 8 8 8 8 9 9 8 8 8 8 15 16
8 7 6 6 6 6 8 8 10 10 11 8 6 7 7 7 8 8 8 8 8 8 12 10
7 6 6 8 8 8 10 12 12 10 10 10 10 10 8 8 8 8 8 9 10
10 8 8 8 8 8 8 8 6 6 7 7 6 6 6 6 6 9 12 10 10 10 8
8 8 8 8 6 7 8 10 12 17 12 11 6 6 6 6 6 6 6 13 6 7 7
7 7 7 9 11 10 10 7 7 6 6 6 8 8 9 9 14 11 11 9 9 9 9
10 7 9 9 9 11 13 14 8 8 8 8 8 8 8 8 8 10 8 8 8 8 8
8 11 8 8 8 8 6 6 13 8 6 6 6 6 8 8 10 9 11 9 9 8 8 8
8 8 8 8 9 8 8 8 8 10 6 6 6 7 10 10 10 8 8 8 9 8 8 8
8 8 6 6 6 6 6 6 6 6 7 6 8 8 8 8 8 6 8 8 13 15 12 12
10 11 14 14 11 9 6 8 6 6 7 6 8 8 8 6 6 6 6 6 6 8 7
12 12 7 7 7 7 8 8 8 8 10 13 12 10 8 8 10 10 9 9 9 9
>R17_A70_Premixed PHD_FILE: R17_A70_Premixed.phd.1
8 8 8 8 11 10 8 6 6 6 6 6 6 8 8 8 8 8 8 10 10 6 8 8
8 8 8 8 8 8 10 8 8 8 8 9 9 8 11 12 12 12 9 9 13 15
19 16 12 12 12 30 30 17 17 17 20 20 24 33 37 37 44
43 36 36 39 43 43 43 42 32 32 32 36 30 36 46 41 37
27 24 19 19 15 32 32 43 43 43 48 48 57 57 57 57 57
59 59 59 47 43 43 44 57 47 42 32 21 17 17 17 32 32
31 31 31 44 44 59 57 68 68 57 57 57 57 57 57 57 57
57 50 37 43 57 43 44 33 33 33 44 44 57 57 57 57 57
57 59 59 43 52 52 59 52 52 52 59 57 57 57 59 44 44
20 20 17 32 32 42 44 57 57 57 38 38 17 17 18 34 41
39 57 57 57 44 38 18 13 13 21 16 14 14 14 38 38 59
59 57 57 57 44 44 35 35 35 44 44 59 59 59 59 59 59
62 62 62 62 62 68 68 68 68 68 68 68 68 68 68 68 68
68 68 68 68 68 68 68 68 68 68 68 68 68 68 68 68 68
68 68 68 68 68 68 68 68 68 68 68 68 68 68 68 68 68
68 68 68 68 68 68 68 62 62 62 62 62 62 62 68 68 68
68 68 68 68 68 68 68 68 68 68 62 62 62 62 62 62 62
62 62 68 68 68 68 68 68 68 68 68 68 68 68 68 68 68
68 68 68 68 68 68 68 68 68 68 68 68 68 68 68 68 68
68 68 68 62 62 62 62 62 68 68 68 62 62 62 68 68 68
68 68 68 68 68 68 68 68 68 68 68 68 68 68 68 68 68
68 68 68 68 68 62 68 68 68 68 68 68 68 68 68 68 68
68 62 62 62 62 62 62 62 62 62 68 68 68 68 62 62 62
68 68 68 68 68 68 68 68 68 68 68 68 68 68 68 68 68
68 68 68 62 68 68 68 68 68 62 62 68 68 68 68 68 68
68 68 68 68 62 62 62 62 62 62 62 62 62 62 62 62 62
68 68 68 68 68 68 68 68 68 68 59 59 59 57 57 57 59
59 59 59 59 59 59 59 59 59 59 59 59 59 68 68 68 68
68 68 68 59 59 59 57 57 59 59 59 59 59 57 57 57 57
57 57 59 59 59 59 57 57 52 52 57 57 59 59 59 59 59
59 59 59 59 59 57 57 52 57 59 59 59 57 57 59 59 59
57 57 50 57 50 57 50 54 57 59 57 57 59 57 57 54 54
54 57 47 57 47 48 48 59 59 59 59 54 57 57 59 59 57
57 57 57 57 48 47 44 44 43 43 59 59 59 59 59 59 59
54 54 54 57 59 48 47 46 43 43 57 40 40 35 39 39 42
42 48 48 48 48 43 43 39 39 30 39 39 48 57 57 57 43
43 40 43 43 41 41 41 41 37 37 30 25 25 37 37 41 41
41 37 32 34 39 39 34 34 28 23 23 32 32 33 34 29 32
41 37 37 39 39 37 37 35 28 29 37 37 37 39 37 41 41
35 37 41 41 41 41 31 35 31 31 31 33 28 25 32 23 23
23 34 34 46 46 39 39 35 35 35 29 28 30 25 25 29 31
39 37 32 28 28 32 27 29 29 29 32 41 41 34 30 27 28
28 24 29 34 32 31 31 28 35 35 27 30 20 18 18 30 34
37 39 39 39 34 32 25 20 15 21 23 22 18 18 28 24 21
11 12 10 11 10 13 14 24 18 22 20 23 11 12 12 21 23
29 11 15 11 10 12 13 26 15 15 11 12 11 17 13 15 15
17 17 13 11 9 9 9 9 9 10 13 19 13 10 10 10 10 10 15
26 36 35 22 22 14 14 14 26 19 25 12 12 12 18 18 19
23 30 24 28 19 12 12 12 12 11 10 14 9 9 10 13 22 23
27 31 32 36 30 25 14 11 10 14 10 9 8 8 9 11 11 12 14
12 10 10 10 10 13 13 12 12 11 11 8 8 8 10 11 9 13 15
15 13 12 10 10 10 11 11 11 10 9 9 9 9 10 13 13 12 10
9 10 9 9 11 9 9 8 8 8 8 8 9 10 13 11 11 8 8 8 8 8 8
8 8 10 10 10 9 9 8 8 10 9 9 8 10 8 8 8 8 10 8 8 8 8
7 6 8 9 9 8 8 8 8 7 7 10 11 10 7 6 6 6 7 7 7 8 8 8
11 11 10 10 10 8 8 8 8 8 8 8 8 9 8 8 8 8 8 8 10 10
10 8 8 8 8 8 8 8 8 12 14 11 11 11 11 11 10 10 10 10
11 11 11 11 11 11 12 10 10 10 10 11 10 10 11 9 13 12
8 8 8 8 8 8 8 8 8 8 8 8 8 6 6 6 6 6 6 8 9 11 11 11
11 8 8 6 6 6 8 8 8 21 23 21 9 7 6 6 6 6 8 8 8 6 6 6
6 6 6 6 6 6 6 6 10 10 12 12 11 9 8 8 6 6 6 6 8 6 8
8 8 8 8 9 10 10 11 11 10 6 6 6 6 8 6 9 10 12 6 6 6
6 6 12 23 24 27 12 12 8 8 8 8 8 8 8 8 8 11 10 10 10
10 10 9 10 10 10 10 10 6 6 6 6 6 6 6 6 6 6 6 6 9 10
10 13 12 19 15 11 8 8 8 8 8 13 14 19 28 25 28 16 20
11 11 10 9 9 10 11 10 9 8 8 8 8 8 8 8 8 11 9 11 11
12 16 12 11 10 10 10 6 6 6 6 6 6 9 16 13 8 8 8 8 8
8 13 15 13 8 8 8 7 6 6 6 8 6 11 9 9 8 8 8 8 8 7 6 6
6 6 6 6 6 7 7 7 11 16 24 22 19 13 9 8 7 9 9 9 9 7 6
6 6 6 6 9 9 11 11 11 11 11 10 10 9 8 8 8 8 8 8 8 8
8 11 9 9 8 9 8 10 6 6 7 9 12 12 13 12 11 6 6 6 6 8
8 10 6 8 8 6 8 8 10 9 6 6 6 6 8 6 8 8 8 11 8 8 8 11
8 8 6 8 8 8 8 8 9 9 14 8 6 6 6 6 6 6 8 6 9 9 9 9 9
9 9 9 9 8 8 8 8 6 6 6 6 6 6 8 8 6 6 6 6 6 8 6 8 8 8
9 10 6 6 6 6 8 6 9 9 9 10 10 8 8 8 8 
>R18_A70_Premixed PHD_FILE: R18_A70_Premixed.phd.1
6 6 6 7 7 8 8 8 8 8 8 7 7 6 10 10 8 8 8 8 6 8 8 8 8
9 12 10 8 11 8 11 8 8 10 12 20 19 23 23 23 23 15 15
15 19 29 29 30 33 33 33 44 44 48 47 47 36 36 36 36
37 37 53 53 50 50 57 59 59 59 59 50 68 68 68 68 68
68 68 50 43 43 47 47 43 44 59 59 68 68 68 68 68 68
68 68 68 68 59 59 59 57 68 68 68 68 68 57 57 57 57
59 59 59 68 68 68 68 68 68 68 68 68 68 68 68 68 68
68 68 68 68 57 57 57 57 57 59 68 68 68 68 68 68 68
57 57 57 68 68 68 68 68 68 68 68 68 68 68 68 68 68
68 68 68 68 68 68 68 68 68 68 68 68 68 68 68 68 68
68 68 68 68 68 68 68 68 68 68 68 68 68 68 68 68 68
68 68 68 68 68 68 68 68 68 68 68 68 68 68 68 68 68
68 68 68 68 68 68 68 68 68 68 68 68 68 68 68 68 68
68 68 68 68 68 68 68 68 68 68 68 68 68 68 68 68 68
68 68 68 68 68 68 68 68 68 68 68 68 68 68 68 62 62
62 62 62 62 62 68 68 68 68 68 68 68 68 68 68 68 68
68 68 68 68 62 62 62 62 62 62 62 68 68 68 68 68 68
68 68 68 68 68 68 68 68 68 68 68 62 62 62 62 62 62
62 68 68 68 68 68 68 68 68 62 62 62 62 62 68 68 68
68 68 68 68 68 68 68 68 68 68 68 68 68 68 68 68 68
68 68 68 68 68 68 68 68 68 68 68 68 68 62 62 68 68
68 68 68 68 68 68 68 68 68 62 68 68 68 68 68 68 68
68 68 68 68 68 68 68 68 68 68 68 68 68 68 68 68 68
68 68 68 68 68 68 68 68 68 68 68 68 68 68 68 68 68
68 68 68 68 68 68 68 68 68 68 68 68 68 68 68 68 68
68 62 62 62 62 62 62 62 68 68 68 68 68 68 68 68 68
68 68 59 59 59 59 59 59 59 68 68 68 68 68 68 68 68
68 68 68 68 68 68 68 68 68 68 68 59 59 59 57 57 59
59 59 59 57 57 57 57 57 57 57 59 59 59 59 57 57 57
52 52 57 57 57 57 57 57 57 59 59 59 59 59 59 57 57
59 59 59 59 59 59 59 59 57 57 48 50 50 57 57 57 59
57 57 57 59 59 59 57 57 57 57 57 57 48 48 48 57 57
57 57 43 47 47 57 59 57 57 57 57 57 57 57 43 44 43
47 57 57 54 54 54 48 48 43 43 43 48 48 48 47 43 43
43 43 37 37 32 35 35 42 42 48 48 48 48 43 43 34 34
23 31 32 43 43 46 48 43 43 39 43 43 41 41 41 41 39
39 32 28 28 43 43 47 41 37 35 31 34 39 39 28 30 23
23 23 28 28 31 32 27 31 37 37 37 39 30 34 28 28 18
25 31 37 37 33 33 39 47 47 47 39 37 41 41 31 36 35
31 28 28 24 24 28 23 23 23 34 34 40 34 34 28 28 31
32 25 25 22 20 20 20 28 30 30 30 23 28 33 25 29 29
28 35 37 37 39 39 37 36 32 26 29 32 31 27 29 24 28
28 28 32 28 24 24 33 33 37 39 39 30 23 16 3 0 3 8 8
8 11 14 27 28 30 28 25 19 12 9 9 9 14 12 16 19 28 21
25 12 12 11 11 11 13 14 15 21 12 15 11 12 12 15 15
19 18 12 12 10 10 10 10 10 10 13 13 16 19 19 22 17
21 19 23 18 15 15 14 14 15 21 14 14 14 14 22 14 16
9 12 9 9 9 9 18 21 20 14 14 14 14 14 8 9 9 8 8 8 8
8 8 8 8 8 8 8 8 8 12 12 27 25 29 30 25 22 24 12 10
10 10 11 9 10 12 10 9 9 9 9 10 10 10 10 12 8 9 8 11
12 10 14 12 12 12 18 12 12 11 10 10 8 8 8 8 8 10 10
10 10 9 9 9 11 10 17 16 19 12 11 10 8 10 8 8 8 6 6
6 8 8 6 7 7 7 9 10 9 13 10 8 7 7 7 8 8 8 8 8 8 11 9
9 9 10 10 10 10 12 12 13 14 14 12 10 8 8 8 8 8 6 8
8 8 10 8 9 9 6 6 6 6 6 6 11 11 11 10 10 8 8 8 8 8 8
10 10 11 9 6 6 6 6 6 6 6 6 8 10 9 11 8 8 8 9 8 8 8
10 8 8 9 9 9 9 6 8 6 6 8 8 8 8 8 8 8 6 11 8 8 8 8 8
8 8 8 8 9 10 10 13 10 9 10 8 8 8 8 6 6 6 6 8 6 9 9
17 13 23 14 9 8 8 10 8 9 9 8 8 8 9 13 19 23 14 13 10
9 9 9 13 9 10 8 11 6 6 6 6 6 6 6 6 6 12 10 10 10 10
11 11 9 9 9 13 10 6 6 6 6 6 8 6 6 6 6 8 8 13 13 10
10 9 9 9 8 8 8 8 8 8 6 8 7 7 8 7 9 11 7 7 8 8 8 8 10
13 9 9 9 10 8 8 8 8 8 6 7 7 10 8 8 8 8 8 6 6 6 6 6
6 6 8 8 9 15 18 9 9 7 7 6 8 8 8 8 8 8 8 8 8 6 6 6 8
10 10 10 6 8 6 7 6 6 9 8 8 8 8 8 8 7 7 7 6 8 6 6 8
6 6 6 8 8 8 8 8 9 9 9 10 8 8 8 8 8 11 11 10 11 8 8
8 8 12 8 8 8 8 8 7 10 6 6 6 6 8 10 8 8 9 9 9 10 6 8
6 6 8 6 8 8 8 8 11 8 9 9 9 10 6 6 6 6 8 8 8 8 8 8 8
8 8 12 11 11 8 8 8 8 8 8 6 8 6 7 8 8 6 6 6 6 7 10 8
6 6 8 8 6 6 6 6 7 11 12 13 8 8 9 13 10 10 10 10 8 9
8 8 8 8 6 6 6 6 7 8 8 12 13 10 10 8 12 6 6 8 8 8 7
7 8 8 8 8 6 6 6 6 6 6 6 6 9 10 11 10 10 10 10 3 0 3
8 7 8 8 8 8 6 6 6 8 18 9 10 10 11 11 9 9 8 8 6 6 6
6 6 6 6 6 6 6 10 8 8 8 8 8 11 10 7 7 9 9 12 10 11 9
12 9 9 7 8 8 7 
>R19_A70_Premixed PHD_FILE: R19_A70_Premixed.phd.1
6 6 6 6 8 6 7 6 6 6 7 6 6 6 6 6 6 6 8 8 8 11 11 10
9 8 8 8 8 8 8 12 10 10 10 10 12 12 9 10 16 13 13 11
17 22 15 15 14 14 14 14 32 34 28 17 17 17 17 22 22
37 37 57 57 46 46 46 46 46 46 46 32 32 32 32 30 36
46 42 42 30 29 25 25 23 35 44 43 43 43 48 57 57 59
57 57 57 59 59 59 48 48 48 48 57 54 57 40 43 28 28
28 44 44 41 41 41 47 47 59 57 68 68 57 57 57 57 57
57 57 57 57 50 37 43 57 43 44 43 43 43 59 57 57 57
57 57 57 57 59 59 57 57 54 59 57 59 59 59 59 68 68
68 68 59 59 52 52 52 59 57 68 68 68 68 68 68 68 68
68 68 68 68 68 68 68 68 68 68 68 68 68 68 68 68 68
68 68 68 68 68 68 68 68 68 68 68 68 68 68 68 68 68
68 68 68 68 68 68 68 68 68 68 68 68 68 68 68 68 68
68 68 68 68 68 68 68 68 68 68 68 68 68 68 68 68 68
68 68 68 68 68 68 68 68 68 68 68 68 68 68 68 68 68
68 68 68 68 68 68 68 68 68 68 62 62 62 62 62 62 62
68 68 68 68 68 68 68 68 68 68 68 68 68 62 62 62 62
68 68 68 68 68 68 68 68 68 68 68 68 68 68 68 68 68
68 68 68 68 68 68 68 62 62 62 62 62 62 68 68 68 68
68 68 68 68 68 68 68 68 68 68 68 68 68 68 68 68 68
68 68 68 68 68 68 68 68 68 68 68 68 68 68 68 68 68
68 68 68 68 68 68 68 68 68 68 68 68 68 68 68 68 68
68 68 68 68 62 62 68 68 68 68 68 68 68 68 68 68 68
68 62 62 68 68 68 68 68 68 68 62 62 62 62 62 62 68
68 68 68 68 68 68 68 68 68 68 68 68 68 68 68 68 68
68 68 68 68 68 68 68 68 68 68 68 68 68 62 62 62 62
62 62 62 68 68 68 68 68 68 68 68 68 68 68 62 62 62
62 62 62 62 62 62 62 62 62 62 62 62 62 62 62 62 68
68 68 68 68 68 59 59 59 59 59 59 59 59 59 59 59 59
59 57 57 59 59 59 59 59 59 59 59 57 57 57 59 59 59
59 59 59 59 59 59 59 59 59 59 57 57 59 59 59 59 59
59 57 59 57 57 52 52 52 57 52 57 57 59 57 57 59 59
59 54 54 54 54 52 52 52 47 48 57 57 57 57 47 50 50
57 59 59 59 59 59 59 47 57 47 57 47 54 57 59 59 59
59 59 59 48 48 48 57 57 57 57 44 43 43 57 44 44 37
43 43 44 44 54 48 48 48 47 47 36 36 25 36 33 46 57
54 54 43 43 43 43 43 43 43 43 43 42 40 35 35 35 47
59 48 48 46 46 43 43 43 48 37 37 28 28 28 32 32 33
34 29 31 35 37 36 39 39 37 37 37 28 31 37 37 37 37
37 41 41 32 37 41 41 41 41 31 32 28 31 28 32 24 24
32 20 21 20 34 34 46 48 37 37 28 28 28 34 34 31 25
28 31 31 39 37 32 29 29 32 29 31 31 31 35 37 37 34
29 29 30 30 25 31 39 32 31 34 31 33 32 28 28 25 24
24 33 33 37 39 39 35 31 28 20 11 9 9 9 9 11 13 30 24
24 24 24 18 11 11 9 9 12 14 28 17 17 9 9 9 21 12 14
14 15 15 19 24 32 32 24 26 14 15 15 18 19 15 18 28
24 28 24 12 11 8 8 8 12 18 31 20 23 20 20 16 18 19
22 30 31 26 24 23 23 26 28 15 16 11 11 11 16 27 27
32 37 35 24 26 14 14 18 19 21 18 20 18 19 19 24 30
30 28 28 28 28 17 9 9 9 9 11 10 14 15 12 16 12 13 13
15 15 20 24 19 22 19 15 15 10 9 8 8 8 8 8 11 12 13
14 16 16 15 12 11 12 11 9 9 9 9 9 9 9 9 10 13 13 14
14 11 10 10 9 12 13 12 9 8 8 8 8 11 13 10 8 7 8 8 8
9 9 9 9 9 11 11 11 13 12 14 13 8 8 8 8 9 8 8 7 8 9
9 9 10 10 8 8 8 8 8 8 9 9 8 8 6 8 6 6 7 9 9 11 9 9
8 8 8 8 8 8 8 8 8 6 8 6 6 6 6 9 9 8 8 8 8 8 9 8 8 8
8 8 9 8 8 8 6 6 8 10 13 8 8 8 8 6 8 7 8 7 7 9 10 10
10 10 11 9 8 8 8 8 10 15 8 9 8 8 8 8 10 10 8 8 8 8
8 8 11 12 11 6 6 6 6 6 6 8 6 8 6 6 6 6 8 6 8 8 8 8
8 13 8 9 9 9 9 8 8 8 8 8 8 12 10 17 18 15 11 9 9 9
8 10 10 9 9 11 8 8 8 8 8 8 10 10 10 12 12 14 11 13
10 9 9 9 8 8 8 8 8 8 8 11 13 11 8 8 8 8 8 7 6 8 8 6
6 6 6 6 6 8 6 6 6 8 8 9 9 6 6 6 6 6 6 8 8 8 8 9 10
10 9 9 8 8 8 8 10 8 9 9 8 15 6 7 7 7 8 10 10 10 13
11 12 8 8 8 8 8 8 10 10 6 6 6 6 6 8 10 10 17 15 13
6 6 6 8 8 8 8 6 6 6 6 6 8 12 9 9 9 17 11 11 9 7 7 8
8 10 10 8 8 8 10 8 8 7 8 6 6 6 8 8 9 12 15 19 15 15
7 6 6 8 8 6 8 8 13 9 10 13 13 8 8 8 8 10 7 7 8 6 10
10 8 6 6 6 6 8 8 7 7 7 8 8 6 8 6 6 6 6 8 8 8 8 6 8
8 8 8 8 13 8 8 9 9 9 9 11 9 9 9 9 6 10 6 6 6 8 9 9
9 7 8 8 7 9 7 6 6 6 6 6 6 6 6 6 6 6 6 8 8 8 8 6 6 6
8 8 18 9 6 6 6 8 8 8 8 6 6 6 6 6 8 6 6 6 6 8 6 9 9
9 6 8 8 8 8 10 9 9 6 6 6 6 6 6 6 15 12 3 0 3 6 8 6
>R20_A70_Premixed PHD_FILE: R20_A70_Premixed.phd.1
6 6 6 6 7 8 8 7 7 7 9 10 10 8 8 8 8 8 8 8 8 6 8 8 8
8 10 12 12 8 12 10 10 10 10 14 13 13 16 19 17 17 12
12 13 17 19 20 19 21 21 37 37 36 28 28 32 34 34 42
47 50 59 59 48 48 48 48 48 48 48 48 42 42 42 42 48
48 48 43 32 31 30 30 25 43 44 54 54 54 57 57 68 68
68 68 68 68 68 57 57 54 54 57 57 57 68 43 43 30 30
33 44 44 48 48 48 59 59 68 68 68 68 68 68 68 68 68
57 57 57 57 57 47 48 57 44 44 43 52 52 59 57 68 68
68 68 68 68 59 57 57 57 57 57 57 68 68 68 68 68 68
68 68 68 68 68 68 68 68 68 68 68 68 68 68 59 59 52
57 57 59 59 68 68 68 68 68 59 59 57 57 57 59 57 68
68 68 68 68 68 68 68 68 68 68 68 68 68 68 68 68 68
68 68 68 68 68 68 68 68 68 68 68 68 68 68 68 68 68
68 68 68 68 68 68 68 68 68 68 68 68 68 68 68 68 68
68 68 68 68 68 68 68 68 68 68 68 68 68 68 68 68 68
68 68 68 68 68 68 68 68 68 68 62 62 62 62 62 62 62
68 68 68 68 68 68 68 68 68 68 68 68 68 62 62 62 62
62 62 62 62 62 62 68 68 68 68 68 68 68 68 68 68 68
68 68 68 68 68 68 62 68 68 68 68 68 68 68 68 68 68
68 68 68 68 62 62 62 62 62 62 62 68 68 68 68 68 68
68 68 68 68 68 68 68 68 68 68 68 68 68 68 68 68 68
68 68 62 62 62 62 62 62 62 68 68 62 62 62 62 68 68
68 68 68 68 68 68 59 59 57 57 57 57 57 68 68 68 68
68 68 68 68 68 68 68 68 68 68 68 68 68 68 68 68 68
68 68 59 59 59 59 59 59 59 68 68 59 59 59 59 59 59
59 59 68 68 68 68 68 68 68 68 68 68 68 68 68 59 59
57 59 59 68 68 68 68 68 68 68 59 59 59 68 59 59 57
57 57 57 57 57 59 59 59 59 59 59 59 59 59 57 57 57
59 59 59 59 59 59 59 57 57 54 54 57 59 59 59 57 57
54 54 48 57 57 57 57 59 59 54 47 46 43 43 48 48 48
54 54 54 54 59 59 59 54 48 48 48 48 48 43 43 48 48
48 48 48 43 43 36 39 33 37 39 47 47 48 48 48 48 47
47 46 46 46 43 34 43 35 28 26 39 43 39 39 39 41 41
43 43 48 48 48 43 43 43 39 37 39 39 40 47 43 48 48
46 43 43 36 36 36 39 31 31 37 37 35 35 39 30 30 25
28 30 34 34 48 39 39 36 28 28 26 28 20 28 28 39 39
37 37 36 28 25 28 28 33 27 28 35 32 24 18 18 18 30
29 32 26 26 27 28 27 25 25 18 18 15 15 15 21 18 18
25 20 25 36 34 31 31 24 25 30 30 22 22 22 30 25 28
33 37 37 31 31 35 35 32 35 22 22 18 19 18 19 18 18
21 16 16 16 26 26 36 36 31 31 23 28 28 27 27 31 25
28 31 28 34 31 28 24 25 30 24 27 27 25 33 33 36 32
27 24 25 25 24 27 30 24 22 22 20 24 28 26 26 15 16
16 24 24 28 28 28 21 22 8 8 8 8 22 17 10 10 10 11 13
16 13 14 20 20 13 9 8 11 8 10 15 24 15 20 20 20 24
18 18 15 15 15 16 15 19 13 13 11 12 12 15 17 16 21
11 11 11 16 16 20 22 19 23 14 11 10 10 8 8 8 8 8 8
8 11 17 13 13 10 11 11 13 11 13 10 9 8 10 14 9 9 22
18 19 11 12 11 12 8 8 8 8 8 8 8 10 10 10 9 9 10 11
11 11 9 9 10 11 8 8 8 11 10 10 10 14 14 14 16 14 13
13 11 15 11 10 9 7 7 8 8 8 8 9 8 8 10 8 9 9 9 9 9 9
9 9 8 8 8 8 8 10 12 10 10 9 8 8 8 8 8 8 8 8 8 11 6
6 6 6 6 6 10 13 13 11 10 10 10 10 10 10 11 10 8 8 8
8 8 6 6 6 6 6 6 6 6 8 7 6 6 8 8 8 8 8 8 8 9 6 6 8 6
6 6 11 11 12 12 14 10 9 7 8 8 8 9 9 10 11 8 8 8 8 8
8 8 8 9 8 8 8 8 8 8 10 10 10 10 12 12 10 10 10 10 11
11 9 9 9 10 8 9 9 9 8 8 8 8 7 6 6 8 8 8 8 8 6 6 6 6
6 6 8 10 8 9 9 9 10 9 9 9 10 8 8 8 7 7 7 8 8 11 14
9 10 10 15 13 11 9 9 8 8 8 8 9 8 8 8 8 8 8 8 8 8 8
8 8 8 8 8 8 8 8 8 8 10 11 11 12 10 10 6 6 6 6 8 6 6
6 6 6 6 10 11 11 11 10 7 7 7 7 7 10 10 10 8 8 8 8 9
9 9 9 9 18 21 33 37 28 16 10 10 10 10 9 10 9 9 9 10
10 6 6 6 6 6 6 8 8 6 6 6 9 8 8 8 8 8 8 8 8 9 10 9 10
10 22 22 17 8 6 6 6 6 6 6 6 6 6 8 10 15 15 11 10 6
6 6 6 8 8 6 6 8 8 10 8 8 8 7 7 6 6 10 11 11 13 15 10
10 6 6 6 6 6 6 6 7 10 12 10 14 8 10 10 10 8 8 12 12
14 7 7 3 0 3 9 6 6 6 8 8 6 7 6 8 6 8 6 6 8 8 8 6 6
7 13 19 19 15 10 7 6 7 6 6 6 8 8 8 8 6 6 6 6 6 6 6
8 8 9 9 10 10 8 8 8 7 9 9 8 8 7 7 7 8 10 10 8 8 8 8
7 7 9 9 6 6 8 8 8 8 9 8 8 8 8 8 8 11 8 8 8 6 6 6 8
8 8 8 8 8 8 8 8 8 8 6 6 8 8 9 9 9 16 13 8 8 7 15 7
7 7 8 8 13 9 11 18 17 17 10 9 6 6 6 6 6 6 12 16 10
15 18 9 9 9 7 7 7 7 8 8 8 8 
>R21_A70_Premixed PHD_FILE: R21_A70_Premixed.phd.1
9 9 9 9 9 9 11 12 8 8 8 8 8 8 8 8 8 8 8 8 9 9 10 10
8 8 8 8 8 8 8 15 10 11 11 11 14 14 14 18 19 18 17 12
12 13 15 22 19 19 21 24 39 39 43 37 36 33 33 34 34
37 37 48 48 48 48 48 48 48 48 48 47 42 42 42 42 47
48 48 42 29 28 24 24 24 39 43 54 54 54 57 57 68 68
68 68 68 68 68 59 59 54 54 54 57 54 32 32 17 17 19
24 43 44 43 43 43 59 59 68 68 68 68 57 57 57 57 57
57 57 57 57 57 43 43 57 43 44 43 43 43 59 59 68 68
68 68 68 68 59 57 57 57 57 57 57 57 57 57 57 68 68
68 68 68 68 68 68 68 68 68 68 68 68 68 68 68 68 68
68 68 68 68 68 68 68 68 68 68 68 68 68 68 68 68 68
68 68 68 68 68 68 68 68 68 68 68 68 68 68 68 68 68
68 68 68 68 68 68 68 68 68 68 68 68 68 68 68 68 68
68 68 68 68 68 68 68 68 68 68 68 68 68 68 68 68 68
68 68 68 68 68 68 68 68 68 68 68 68 68 68 68 68 68
68 68 68 68 68 68 68 68 68 68 68 68 68 68 68 68 68
68 68 68 68 68 68 68 68 68 68 68 68 68 68 68 68 68
68 68 68 68 68 68 68 68 68 68 68 68 68 68 68 68 68
68 68 68 68 68 68 68 68 68 62 62 62 62 68 68 68 68
68 68 68 68 62 62 62 62 68 68 68 68 68 68 68 68 68
68 68 68 62 62 62 62 62 62 62 62 68 68 68 68 62 62
62 62 62 62 62 62 62 62 62 62 68 68 68 68 68 68 68
59 59 59 68 68 59 59 59 57 57 57 57 57 57 57 57 59
59 57 57 59 57 57 57 57 57 57 57 57 59 59 59 59 59
57 57 57 59 57 59 59 59 59 57 57 57 59 59 59 59 59
57 44 43 33 33 43 44 47 54 54 52 57 52 52 52 59 59
59 54 52 57 52 48 50 57 57 50 43 46 43 43 43 44 44
47 48 48 48 57 47 47 42 35 35 42 47 57 57 57 57 43
43 43 47 57 57 57 57 47 47 43 43 43 57 47 44 43 43
43 46 43 47 43 46 43 43 43 43 41 43 43 39 39 39 36
36 43 43 47 48 48 43 47 32 32 20 20 20 37 36 43 37
33 33 33 32 37 35 35 35 39 39 41 41 37 37 30 25 25
35 34 31 25 32 32 33 32 34 25 20 20 34 34 37 35 35
35 37 35 35 35 39 39 37 36 39 39 37 39 39 39 36 39
32 32 30 28 28 35 35 31 31 33 33 30 33 28 25 31 28
31 20 20 20 31 24 25 25 33 33 29 29 18 17 13 21 11
11 11 23 21 33 27 23 19 19 20 20 12 13 12 18 25 37
29 29 20 20 15 17 20 28 32 24 24 19 18 15 15 14 17
22 22 22 22 25 28 30 28 24 24 16 11 9 9 9 12 8 8 8
8 15 9 10 10 12 12 16 14 12 18 21 16 19 19 11 9 8 8
8 8 8 8 11 11 11 11 14 16 21 18 12 13 13 13 13 13 14
15 14 14 11 11 11 13 10 11 12 15 15 11 11 12 9 12 13
12 9 10 9 10 10 12 16 22 16 15 13 10 10 9 12 11 8 8
8 8 10 10 10 10 18 22 26 17 16 16 16 12 17 22 16 14
12 13 13 15 15 12 12 9 13 8 9 9 8 8 8 9 10 8 8 9 9
9 12 17 18 15 13 10 9 9 9 10 14 14 9 9 8 8 8 8 8 8
8 8 8 9 9 9 12 9 11 8 8 8 8 9 9 8 8 8 8 8 8 10 9 9
11 13 13 14 14 10 10 9 8 8 8 8 10 10 10 9 10 9 9 9
10 13 10 10 8 6 6 6 8 7 12 10 9 9 9 8 8 8 8 8 8 8 8
8 8 8 8 10 10 17 19 13 10 9 9 8 8 8 8 8 8 10 10 11
11 11 11 8 8 8 9 13 12 8 8 8 8 8 10 11 8 7 7 7 6 7
6 6 8 10 10 10 11 16 9 9 9 9 21 24 12 10 6 6 6 6 9
9 9 11 10 10 10 9 9 9 8 8 8 8 8 8 8 8 8 8 8 8 8 8 8
8 8 8 10 8 8 8 8 8 6 6 6 6 6 6 12 11 10 10 10 11 15
23 25 23 12 10 8 8 6 6 6 6 8 8 8 8 8 8 8 13 17 10 8
8 8 8 8 9 6 6 6 6 8 6 6 6 8 8 8 8 9 9 9 9 9 13 12 9
9 9 8 8 8 8 8 8 11 8 8 6 6 6 6 6 6 7 6 6 6 8 6 6 6
6 6 6 6 8 8 8 6 6 6 7 6 8 8 8 10 10 8 8 8 8 6 6 7 8
11 6 6 6 6 8 8 8 10 10 9 11 11 11 9 11 8 8 8 8 10 9
10 11 9 9 8 8 8 8 10 10 10 8 8 8 8 8 8 8 8 8 8 10 13
8 8 8 8 8 8 8 8 8 13 13 9 8 8 8 8 8 8 6 6 6 6 8 8 8
8 8 10 6 6 8 8 8 8 8 8 6 6 6 6 6 10 13 10 7 6 6 6 6
6 8 6 8 8 8 8 10 9 10 10 10 10 10 10 10 10 13 8 8 8
8 8 8 8 8 12 9 9 6 6 6 6 8 8 8 6 6 8 8 8 8 8 8 6 6
6 6 8 8 10 10 10 9 9 10 10 10 10 9 9 12 8 11 6 6 6
8 6 8 8 8 8 6 8 8 8 8 6 7 6 8 8 8 8 8 9 7 8 8 8 6 8
6 6 8 8 8 8 8 7 7 8 8 9 9 8 10 8 8 8 8 8 11 8 10 8
8 8 8 6 6 8 8 8 8 8 8 9 9 8 8 12 7 9 7 8 8 8 7 7 6
6 6 6 8 8 8 6 6 3 0 3 6 6 6 6 6 8 8 8 10 8 8 8 9 8
8 7 7 9 9 9 8 8 7 8 8 8 8 9 11 13 9 7 3 0 3 8 19 10
10 12 7 3 0 3 8 6 6 8 22 9 8 8 6 6 6 6 8 8 8 10 8 8
>R22_A70_Premixed PHD_FILE: R22_A70_Premixed.phd.1
6 6 6 6 7 6 6 7 6 6 6 6 10 10 11 9 9 9 10 10 17 8 8
8 8 8 8 19 12 8 8 8 13 10 11 12 14 30 28 29 29 23 23
21 22 22 28 37 37 37 37 37 39 41 44 47 50 50 53 53
53 50 50 50 50 50 50 50 57 57 57 59 59 50 68 68 68
68 68 68 50 50 50 50 50 50 57 59 59 59 59 57 57 68
68 68 68 68 68 68 59 59 59 57 68 68 68 68 68 57 68
68 68 68 59 59 59 59 59 59 68 59 57 57 57 68 68 68
68 68 68 68 68 68 68 68 68 68 57 59 68 68 68 68 68
68 68 68 68 68 68 68 68 68 68 68 68 68 68 68 68 68
68 68 57 57 68 68 68 68 68 68 68 68 68 68 68 68 68
68 68 68 68 68 68 68 68 68 68 68 68 68 68 68 68 68
68 68 68 68 68 68 68 68 68 68 68 68 68 68 68 68 68
68 68 68 68 68 68 68 68 68 68 68 68 68 68 68 68 68
68 68 68 68 68 68 68 68 68 68 68 68 68 68 68 68 68
68 68 68 68 68 68 68 68 68 68 68 68 68 68 68 68 68
68 68 68 68 68 68 68 68 68 68 68 68 68 68 68 68 68
68 68 68 68 68 68 68 68 68 68 68 68 68 68 68 68 68
68 68 68 68 68 68 68 68 68 68 68 68 68 68 68 68 68
68 68 68 68 68 68 68 68 68 68 68 68 68 68 68 68 68
68 68 68 68 68 68 68 68 68 68 68 68 68 68 68 68 68
68 68 68 68 68 68 68 68 68 68 68 68 68 68 68 68 68
68 68 68 68 68 62 62 62 62 62 62 62 68 68 68 62 62
62 62 62 68 62 62 62 62 62 62 62 62 62 62 62 62 62
68 62 62 62 62 62 62 68 68 68 68 68 68 68 62 62 62
62 62 62 62 68 68 68 68 68 68 68 68 68 68 68 68 68
62 62 62 62 62 62 62 62 62 62 68 68 68 68 68 68 68
68 68 68 68 68 68 68 68 68 68 62 68 62 62 62 62 62
62 62 62 62 68 68 68 68 62 62 62 62 62 62 62 62 62
62 62 62 62 62 62 62 62 62 62 62 62 62 62 62 62 62
62 62 62 62 59 59 59 59 57 57 57 59 59 59 57 57 59
59 59 68 68 68 59 59 59 59 59 59 59 57 57 57 57 57
57 57 57 59 59 59 59 57 59 59 59 59 68 68 59 59 59
59 59 59 59 59 59 57 57 57 57 57 57 59 59 57 57 57
57 57 57 57 57 57 59 59 59 57 57 57 59 59 59 59 59
59 59 59 59 54 57 57 57 59 57 57 57 57 57 57 57 59
59 59 59 54 54 57 57 48 54 54 57 57 57 59 54 54 47
59 47 48 48 57 57 57 57 59 57 57 48 48 48 48 48 57
54 54 48 48 43 43 43 47 43 47 47 48 48 42 42 43 36
36 39 39 39 48 48 48 48 57 57 57 48 43 43 39 47 47
59 47 47 47 41 41 37 31 39 32 35 28 30 25 37 37 37
39 41 47 39 43 40 39 37 36 26 30 23 18 22 34 34 34
36 32 35 35 39 39 37 37 37 29 29 37 37 31 37 32 36
43 43 41 37 31 29 29 26 26 32 34 29 25 31 31 30 30
37 27 27 24 24 22 26 23 21 14 19 11 11 11 13 17 20
28 28 36 39 37 41 35 31 26 27 20 17 17 17 18 25 22
18 18 18 26 21 14 14 14 17 13 16 16 15 14 22 19 19
17 24 19 22 25 25 31 35 23 23 18 16 16 22 18 15 16
18 32 37 37 39 41 41 39 37 37 41 41 37 31 21 21 18
18 17 26 21 23 18 18 20 28 28 39 41 32 29 15 16 11
11 11 21 23 31 18 15 18 28 23 25 19 19 19 22 20 19
28 28 28 28 22 22 12 12 10 9 11 8 12 12 10 11 12 13
10 10 10 10 10 15 15 18 18 15 15 15 15 18 22 14 12
13 8 8 8 9 13 10 11 11 9 10 8 8 10 8 11 11 11 11 11
8 8 8 9 8 8 8 8 8 8 10 11 8 8 10 9 8 8 8 8 8 8 8 8
6 6 6 6 6 6 8 8 8 6 9 10 9 9 9 9 8 8 8 10 8 8 8 8 8
8 8 8 8 8 9 8 8 8 8 9 11 11 11 11 12 8 8 8 8 8 8 8
8 6 6 6 6 6 6 8 8 10 15 17 18 12 9 8 8 8 8 10 10 10
8 8 8 8 8 8 8 8 10 10 9 6 6 6 6 8 8 8 8 8 8 8 8 8 7
7 7 10 10 10 10 10 9 9 9 9 9 9 9 9 9 8 8 8 8 8 8 19
30 20 18 8 8 8 8 8 8 10 10 10 10 10 10 8 8 8 8 8 8
8 8 10 13 9 9 9 9 9 11 11 10 10 10 11 11 10 15 10 8
6 6 7 6 6 10 8 10 10 10 13 10 9 8 8 8 8 8 8 9 8 8 8
6 7 6 6 6 6 10 10 12 10 8 8 8 8 8 8 9 9 9 10 10 11
8 6 6 6 6 8 8 12 12 8 8 8 8 11 10 10 9 8 8 8 8 8 8
8 8 21 17 14 14 11 11 10 11 8 8 9 8 8 8 8 8 8 8 8 6
6 6 6 8 6 9 10 10 9 6 6 6 6 7 8 9 9 11 10 11 9 9 9
9 8 8 6 6 6 6 6 6 6 6 8 8 8 8 8 9 10 10 13 13 9 8 8
8 8 8 8 9 10 16 15 8 8 6 6 6 6 6 8 6 6 6 6 6 8 8 9
9 8 10 10 13 10 8 8 8 8 8 6 6 6 6 7 15 23 37 17 17
9 9 9 10 10 8 8 6 6 6 6 7 6 6 6 9 10 10 8 8 10 14 10
11 9 9 9 9 9 9 10 10 11 9 11 9 9 6 6 6 7 7 7 9 9 9
6 8 6 6 6 6 8 6 6 6 6 8 8 8 8 6 6 6 8 10 10 10 8 7
6 6 6 6 10 6 6 6 6 8 6 8 8 8 8 8 6 6 6 8 8 8 8 8 8
8 8 8 13 7 6 6 6 6 8 7 8 8 8 10 10 11 11 15 12 10 10
10 8 6 6 6 6 8 8 8 6 
