>10_A70_Premixed PHD_FILE: 10_A70_Premixed.phd.1
8 8 6 6 6 8 8 8 8 11 13 18 18 11 10 8 8 8 19 10 12
12 22 32 28 19 13 10 9 12 10 10 12 13 26 28 29 29 25
28 28 31 31 31 36 36 38 50 50 50 50 50 50 50 47 47
47 47 48 48 50 50 50 68 68 68 68 57 57 57 54 54 54
54 48 48 47 47 50 50 54 54 54 59 59 59 68 68 68 68
68 68 68 68 57 57 57 59 59 57 57 57 57 57 57 57 57
68 68 68 59 59 59 59 59 59 59 68 68 68 68 68 68 68
68 68 68 68 68 68 57 57 57 57 57 57 59 68 68 68 68
68 68 68 57 57 57 57 59 57 57 68 68 68 68 68 68 68
68 68 68 68 68 68 57 57 35 35 33 43 38 59 42 35 35
35 35 35 35 35 35 43 43 52 57 52 52 52 57 52 52 52
59 59 59 59 57 57 57 57 57 57 43 43 39 43 43 62 62
68 68 68 68 68 68 62 62 62 62 62 62 62 62 62 62 62
62 68 68 68 62 62 62 62 62 62 62 68 68 68 68 68 68
68 68 68 68 68 68 68 68 68 68 68 68 62 62 62 62 62
62 68 68 68 68 68 68 68 68 68 68 68 68 68 68 68 68
68 68 68 68 68 68 68 68 68 68 68 68 68 68 68 68 68
68 68 68 68 68 68 68 68 62 68 68 68 68 68 68 68 68
68 68 68 68 68 68 68 68 68 62 68 68 68 68 62 62 68
62 62 62 62 68 68 68 62 62 62 62 62 68 68 68 68 68
68 68 68 68 68 68 68 68 68 68 68 68 68 68 62 62 62
62 62 62 62 68 68 68 68 68 68 68 68 68 68 68 68 68
68 68 68 68 68 68 68 68 68 68 68 68 68 68 68 68 68
68 68 68 68 62 62 62 62 68 68 68 68 68 68 68 68 68
68 68 68 68 68 68 68 68 68 68 68 68 68 68 68 68 68
68 68 68 68 68 68 68 68 68 68 68 68 68 68 68 68 62
62 62 62 62 68 68 68 68 68 68 68 68 68 68 68 68 68
62 62 62 62 62 62 62 68 68 68 68 68 68 68 68 68 68
68 68 68 68 68 68 68 68 68 68 62 62 62 62 62 62 62
68 68 68 68 68 68 68 68 68 68 68 68 68 62 62 62 62
62 62 68 68 68 68 68 68 68 68 68 62 62 62 62 62 62
62 68 68 62 62 62 68 68 68 68 68 68 68 68 68 68 68
68 68 68 62 62 62 62 62 62 62 62 62 62 62 62 68 68
68 68 68 68 68 68 68 68 62 62 62 62 68 68 68 68 68
68 68 68 68 62 62 68 68 68 68 68 68 68 68 68 68 68
68 68 68 68 68 68 68 68 57 57 57 57 57 57 57 57 57
57 68 68 68 68 68 68 68 57 57 57 57 57 57 57 57 57
57 57 57 57 68 68 57 57 59 59 59 68 68 68 57 57 57
57 57 57 59 59 59 59 59 59 59 57 57 57 57 57 57 57
68 68 68 68 68 68 68 68 68 68 68 68 68 68 68 68 68
57 57 57 57 57 57 57 57 57 68 68 57 57 57 57 57 57
57 54 54 54 57 57 57 57 57 57 57 57 57 57 57 57 57
57 57 57 57 57 54 54 54 57 57 54 57 57 57 57 57 57
57 54 54 54 57 57 57 57 57 57 57 59 59 57 57 57 57
57 57 50 50 47 47 47 57 43 43 39 39 41 43 39 47 47
37 41 47 47 47 47 41 41 41 37 37 41 43 47 47 47 46
47 48 48 48 48 47 47 41 37 37 37 37 31 35 41 41 41
41 31 36 32 35 31 36 40 44 39 37 37 37 37 37 41 41
37 41 37 41 41 41 37 37 41 41 39 39 41 31 31 34 31
37 37 41 37 32 32 32 41 41 37 37 32 37 32 29 29 37
41 39 37 37 41 32 31 39 37 37 36 37 37 41 37 37 39
34 30 23 25 20 22 21 22 25 30 32 29 31 37 37 33 27
24 30 30 30 24 25 18 17 17 24 24 30 37 34 37 32 28
28 20 20 20 28 22 26 24 23 22 24 24 23 25 21 25 20
24 31 32 24 15 11 12 13 15 11 22 22 34 34 30 27 25
29 27 27 14 10 10 11 11 14 15 22 20 20 20 15 16 24
27 23 24 24 19 18 13 13 12 15 15 20 23 21 23 25 17
16 21 19 15 14 22 19 18 16 19 19 18 16 20 19 22 20
23 21 19 22 17 21 9 10 9 9 9 12 11 10 12 12 16 25 22
21 21 10 11 11 11 11 16 8 9 9 9 9 9 15 17 12 10 10
10 9 9 9 9 9 10 12 12 11 19 12 12 12 15 15 10 11 9
9 9 9 9 8 8 8 8 7 7 9 9 11 11 11 14 16 14 12 10 10
8 8 8 8 8 8 10 10 10 13 10 12 11 11 10 9 9 9 9 8 8
10 10 10 8 10 15 8 8 8 8 8 8 10 10 9 10 10 10 10 9
9 9 9 9 9 
>11_A70_Premixed PHD_FILE: 11_A70_Premixed.phd.1
9 9 10 9 9 9 10 9 9 9 11 11 17 18 13 10 8 8 8 19 13
14 14 29 32 23 15 11 9 9 12 10 10 12 13 20 19 23 23
23 23 16 15 15 19 32 33 33 33 33 33 41 37 47 36 36
36 42 36 36 47 50 57 57 50 53 53 53 53 50 57 50 54
54 54 48 48 42 42 42 42 39 47 47 59 59 59 59 68 68
68 68 68 68 68 68 68 68 59 59 59 57 57 57 57 57 57
57 57 57 57 59 68 68 68 68 68 68 68 68 68 68 68 68
68 68 68 68 68 68 68 57 57 47 48 48 57 59 68 68 68
68 68 68 68 57 57 57 57 59 57 57 68 68 68 68 68 68
68 68 68 68 68 68 68 68 68 68 68 68 68 68 68 68 68
68 68 68 68 68 68 68 68 68 68 68 68 68 68 68 68 68
68 68 68 68 68 68 68 68 68 68 68 68 68 68 68 68 68
68 68 68 68 68 68 68 62 62 62 62 62 62 62 62 62 62
62 62 62 62 62 62 62 62 62 62 62 62 62 68 68 68 68
68 62 62 62 62 62 62 62 68 68 68 68 62 62 62 62 62
62 62 62 62 62 62 62 62 62 62 62 62 62 62 62 62 68
62 62 62 62 68 62 62 62 68 62 62 62 62 62 62 62 62
62 62 62 62 62 62 62 62 62 62 62 62 62 62 62 62 68
68 68 62 62 62 62 62 62 62 62 62 62 62 62 62 62 62
62 62 62 62 62 62 62 62 62 62 62 62 62 62 62 68 62
62 62 62 62 62 62 62 62 62 62 62 62 62 62 62 62 62
62 62 62 62 62 62 62 62 62 62 62 62 62 62 62 62 62
62 62 62 62 62 62 62 62 62 62 62 62 62 62 62 62 62
62 62 62 62 62 62 62 62 62 62 62 62 62 62 62 62 62
62 62 62 62 62 62 62 62 62 62 62 62 62 62 62 62 62
62 62 62 62 62 62 62 62 62 62 62 62 62 62 62 62 62
62 62 62 62 62 62 62 62 62 62 62 62 62 62 62 62 57
57 57 59 52 52 52 59 57 57 57 57 57 57 57 57 57 52
57 52 54 54 59 57 57 57 59 57 57 57 57 57 57 57 59
59 57 57 57 57 52 52 57 57 57 57 59 59 57 50 43 37
37 50 50 52 54 54 57 57 59 57 57 57 57 57 54 54 52
59 57 57 57 57 59 57 57 57 48 48 44 50 44 48 48 50
50 54 57 57 57 43 43 43 44 39 39 39 39 43 57 57 57
57 44 48 48 48 48 54 57 57 57 57 48 48 48 48 48 54
57 57 48 54 54 48 48 48 48 48 48 48 54 48 48 48 48
48 42 42 43 43 43 47 43 48 48 48 48 43 43 40 40 35
39 39 48 48 48 48 43 43 40 43 43 40 40 41 41 37 37
31 25 25 43 59 41 41 41 41 41 47 47 47 43 43 37 37
35 39 39 43 43 43 46 43 43 43 43 43 43 43 48 43 47
47 47 47 43 43 48 48 43 43 47 43 41 41 41 41 35 31
28 32 32 37 37 30 32 32 47 47 48 48 43 41 41 41 41
37 37 37 31 31 39 37 37 35 33 28 31 39 31 31 31 31
35 36 37 39 39 37 36 35 31 31 39 31 31 31 31 35 37
34 34 30 25 25 32 37 41 41 41 39 37 37 30 25 28 39
40 41 29 29 37 37 37 37 32 25 25 28 24 24 34 33 37
37 41 37 37 43 39 35 28 26 35 31 31 37 37 38 32 30
28 28 28 25 27 28 31 36 34 30 28 28 33 31 31 41 41
41 41 29 32 31 30 22 22 25 28 34 31 31 26 32 32 36
32 29 29 29 32 32 29 27 35 36 36 34 34 28 22 22 24
24 25 25 33 27 31 31 31 32 32 29 28 32 35 32 26 26
31 29 32 30 31 35 28 28 28 30 30 23 28 23 28 22 25
24 16 12 11 12 12 13 13 11 11 11 11 14 15 30 28 24
19 16 15 15 18 16 12 11 11 9 11 11 11 23 26 16 15 21
11 14 14 22 22 15 20 23 21 17 13 10 10 10 10 13 12
15 23 28 28 33 33 28 31 25 25 31 32 28 28 26 22 12
10 9 10 9 12 9 20 18 17 18 27 24 18 18 15 15 15 20
21 24 24 19 18 15 13 13 13 18 12 10 12 11 13 9 12 14
15 15 25 25 20 19 18 17 11 11 11 17 17 27 20 22 21
25 28 28 30 21 25 18 20 20 29 24 25 14 12 12 16 10
10 10 12 12 10 22 18 18 25 27 15 10 10 10 9 9 11 14
14 12 12 11 11 12 9 11 11 15 15 17 12 12 12 15 13 15
12 10 10 8 8 8 8 9 10 16 10 10 10 10 10 10 13 13 11
11 9 9 10 10 8 8 9 10 10 9 11 11 11 13 11 9 8 8 8 8
8 8 8 8 8 8 8 8 8 8 8 12 9 10 10 10 12 12 12 19 16
15 10 9 9 10 11 11 12 10 9 8 8 9 8 8 8 8 8 8 9 8 8
8 9 8 8 8 8 8 9 7 9 9 11 9 9 8 8 8 8 10 10 10 
>12_A70_Premixed PHD_FILE: 12_A70_Premixed.phd.1
6 6 6 7 11 7 6 6 6 8 9 14 15 13 10 8 8 8 15 13 15 18
29 34 26 17 10 9 9 12 12 12 14 13 16 19 23 23 23 23
16 14 14 19 24 25 25 31 31 31 33 33 36 36 36 36 50
36 36 50 50 50 50 50 53 53 53 53 50 50 53 68 68 54
50 50 48 48 48 48 46 47 48 48 59 59 59 68 68 68 68
68 68 68 68 68 68 59 59 59 57 68 68 68 68 68 57 57
47 57 48 59 59 68 68 68 68 68 68 68 68 68 68 68 68
68 68 68 68 68 68 68 68 68 68 68 68 68 68 68 68 68
68 68 68 68 68 68 68 68 68 68 68 68 68 68 68 68 68
68 68 68 68 68 68 68 68 68 68 68 57 57 52 32 32 13
14 17 32 38 41 32 18 18 18 18 23 27 44 44 68 68 68
44 38 22 13 12 12 24 24 26 27 27 44 44 68 68 68 68
68 68 68 68 68 68 68 68 68 68 68 68 68 68 68 68 68
68 68 68 68 68 68 68 68 68 68 68 68 68 68 68 68 68
68 68 68 68 68 68 68 68 68 68 68 68 68 68 68 68 68
68 68 68 68 68 68 68 68 68 68 68 68 68 68 68 68 68
68 68 68 68 68 68 68 68 68 68 68 68 68 68 68 68 68
68 68 68 68 68 68 68 68 68 68 68 68 68 68 68 68 68
68 68 68 68 68 68 68 68 68 68 68 68 68 68 68 68 68
68 68 68 68 68 68 68 68 68 68 68 68 68 68 68 68 68
68 68 68 68 68 68 68 68 68 68 68 68 68 68 68 68 68
68 68 68 68 68 68 68 68 68 68 68 68 68 68 68 68 68
68 68 68 68 68 68 68 68 68 68 68 68 68 68 68 68 68
68 68 68 68 68 68 68 68 68 68 68 68 68 68 68 68 68
68 68 68 68 68 68 68 68 68 68 68 68 68 68 68 68 68
68 68 68 68 68 68 68 68 68 68 68 68 68 68 68 68 68
68 68 68 68 68 68 68 68 68 68 68 68 68 68 68 68 68
68 68 68 68 68 68 68 68 68 68 68 68 68 68 68 68 68
68 68 68 68 68 68 68 68 68 68 68 68 68 68 68 68 68
68 68 68 68 68 68 68 68 68 68 68 68 68 68 68 68 68
68 68 68 68 68 68 68 68 68 68 68 68 68 68 68 68 68
68 68 68 68 68 68 68 68 68 68 68 68 68 68 68 68 68
68 68 68 68 68 68 68 59 68 68 68 68 68 68 68 68 68
68 68 68 68 68 68 68 68 68 68 68 68 68 68 68 68 68
68 68 68 68 68 68 68 68 68 68 68 68 68 68 68 68 68
68 68 68 68 68 68 68 68 68 68 59 59 57 57 57 57 57
68 68 68 68 68 68 68 68 68 68 68 68 68 57 57 54 54
54 57 59 68 68 59 59 57 59 59 68 68 68 57 57 54 57
57 57 59 59 68 68 68 68 68 57 57 57 57 57 57 59 68
68 68 68 68 68 68 68 68 68 68 68 68 68 57 57 54 54
54 57 57 57 57 57 68 68 68 68 57 57 57 57 57 57 57
48 48 48 57 57 57 48 57 57 57 57 47 47 47 47 47 48
50 50 47 47 47 47 47 41 37 31 32 32 31 37 44 41 41
41 41 41 41 48 48 48 57 57 57 57 48 48 57 57 57 48
47 37 37 37 37 37 41 41 41 41 37 36 41 41 47 47 47
47 47 47 39 35 31 31 39 34 37 43 43 47 41 46 46 46
48 48 48 48 41 41 37 37 36 36 39 36 37 41 41 41 44
30 36 41 41 31 35 41 41 41 41 41 41 41 41 41 41 37
37 37 41 41 31 37 37 41 41 34 34 30 25 25 27 29 31
31 41 34 37 37 27 32 30 25 25 32 37 32 29 29 29 34
39 34 32 32 28 28 39 37 37 39 37 37 39 35 37 41 39
37 31 28 23 28 28 25 32 39 41 34 34 41 41 37 31 28
32 35 35 32 32 28 28 22 22 28 35 39 39 37 37 37 37
34 31 11 9 9 9 9 9 11 15 10 11 11 11 15 22 30 37 37
32 37 37 41 37 37 41 41 41 32 29 32 29 31 31 27 27
30 31 26 34 29 35 36 32 27 26 24 24 24 24 28 28 31
37 32 26 21 18 16 15 20 15 16 18 11 12 11 18 17 15
11 12 12 14 14 11 10 10 10 10 12 18 25 15 9 9 10 13
10 24 17 16 14 12 12 9 10 11 11 11 15 14 10 10 10 10
11 10 13 11 11 11 13 13 19 20 24 29 26 31 20 20 14
14 14 24 24 18 20 20 20 18 19 18 23 15 15 8 8 8 8 8
8 9 9 10 11 11 12 11 11 10 10 10 10 
>13_A70_Premixed PHD_FILE: 13_A70_Premixed.phd.1
16 16 9 9 9 9 8 11 8 8 8 8 8 8 8 6 6 6 6 6 6 9 9 9
9 9 9 8 8 8 8 8 8 9 9 9 9 8 8 8 8 8 8 8 8 8 8 8 8 8
7 7 8 8 15 17 19 20 10 10 8 6 6 6 6 6 6 8 8 8 8 8 8
10 9 10 11 8 8 8 9 10 12 18 15 16 8 6 6 6 8 8 8 6 6
6 7 6 6 11 9 7 7 15 14 10 10 9 10 8 8 8 15 13 8 8 8
8 8 8 8 8 8 8 8 8 9 9 8 8 8 10 10 10 15 15 10 6 7 6
8 8 13 8 8 8 8 8 8 12 8 6 6 8 6 6 6 6 6 6 6 6 8 8 8
8 10 8 8 8 8 8 6 6 8 13 13 6 6 6 6 6 10 6 9 10 10 8
8 8 8 8 8 10 8 8 8 8 8 8 8 8 8 8 8 8 6 6 6 6 8 6 11
10 10 10 8 8 8 8 8 10 8 8 6 6 6 6 11 8 8 8 6 8 6 6
8 6 8 8 8 8 8 8 9 10 12 8 8 8 8 8 8 15 16 7 6 6 6 6
8 11 11 11 16 16 13 12 6 8 6 6 8 8 11 7 9 10 10 10
6 6 8 8 8 8 8 10 10 8 8 8 8 8 10 6 6 6 6 6 6 7 7 12
12 11 8 8 8 6 8 10 8 8 6 6 6 6 6 6 6 6 6 11 10 10 9
9 8 8 8 8 11 10 10 8 12 7 7 8 11 21 21 12 7 6 6 8 8
13 18 10 12 8 8 8 8 12 17 11 13 8 8 8 8 6 7 10 10 14
18 10 10 9 9 9 9 7 10 6 9 8 8 8 8 8 8 10 10 12 10 6
6 8 8 9 10 11 12 13 10 10 6 7 6 6 8 8 11 15 11 11 12
10 11 13 10 10 9 9 10 10 12 12 10 10 10 8 8 8 11 8
8 10 8 8 8 8 8 10 8 8 8 8 8 6 6 8 8 8 6 6 8 8 8 8 8
8 8 16 10 10 6 6 8 8 8 6 6 8 8 15 15 12 12 14 16 23
12 12 9 9 8 6 10 8 8 6 6 8 8 6 6 8 8 8 8 8 8 10 9 9
10 10 11 8 10 14 18 13 15 12 9 8 8 6 6 6 6 8 10 14
12 11 10 10 8 8 8 8 8 8 8 7 9 10 12 23 28 29 15 8 6
6 8 8 10 8 8 8 9 8 10 10 10 8 8 8 6 6 8 8 8 8 6 6 8
10 18 10 8 6 6 8 6 6 6 6 8 8 8 6 7 8 8 10 11 8 8 6
6 8 8 8 7 6 8 8 8 8 7 7 8 8 8 8 8 8 8 8 10 8 10 9 8
8 8 8 8 8 6 6 8 8 8 9 13 13 13 11 11 8 8 6 6 6 8 6
6 8 8 8 8 8 8 10 10 10 8 10 10 9 10 10 10 10 10 8 8
8 8 8 8 7 7 10 8 12 14 14 10 15 15 10 10 10 6 6 6 6
8 8 12 12 8 8 6 6 8 8 10 8 10 11 11 11 11 10 10 10
10 10 9 9 9 9 9 9 11 11 11 11 15 8 8 6 7 8 8 6 6 8
8 8 8 8 8 8 6 6 8 7 7 8 7 8 8 13 15 18 16 13 13 11
11 11 11 8 8 8 8 8 8 10 8 8 6 6 8 8 10 6 6 6 7 7 10
8 10 8 8 8 18 10 9 9 9 8 8 8 8 8 8 19 10 10 10 10 10
10 8 8 6 6 8 8 6 6 8 8 9 6 6 6 6 8 8 13 10 8 8 8 8
6 6 6 6 8 8 10 15 8 10 8 9 10 10 9 9 10 7 6 6 8 6 6
8 8 10 13 10 10 10 8 6 8 6 6 6 6 8 6 11 13 13 10 10
8 6 6 6 8 8 10 15 12 12 12 14 15 15 17 8 8 6 6 8 8
13 10 11 11 13 12 14 14 15 14 14 9 9 8 8 10 8 8 8 8
8 6 6 8 8 7 8 10 10 13 12 10 10 8 8 8 10 7 8 8 8 8
10 9 8 6 6 6 11 8 6 6 6 6 8 8 8 8 8 10 10 12 16 9 11
11 11 11 10 10 9 9 10 10 10 8 12 7 7 8 12 22 10 10
10 10 8 8 6 6 6 6 6 8 10 10 10 10 10 13 12 11 9 9 8
8 8 8 8 8 8 15 8 11 8 8 8 8 8 8 10 12 11 11 10 10 10
10 10 11 11 8 10 8 10 10 11 11 9 10 10 10 10 10 10
10 8 8 8 8 8 6 8 6 6 8 8 10 11 8 8 8 8 9 10 10 13 10
8 8 8 8 10 10 13 11 11 10 10 10 10 11 10 11 10 12 12
13 10 10 9 9 9 10 11 11 10 10 10 10 8 8 8 8 8 8 8 8
8 8 8 8 11 10 10 10 10 9 9 12 10 15 8 8 6 6 8 8 10
10 10 13 8 8 10 10 9 9 10 8 8 6 6 8 12 14 11 11 8 8
8 8 8 8 8 8 8 10 10 6 6 8 8 6 6 8 8 11 10 8 8 8 8 8
6 6 8 8 8 8 8 10 8 12 12 11 10 9 8 8 8 8 10 10 13 11
10 10 8 8 6 6 8 8 11 18 13 12 10 9 9 9 10 10 12 13
12 15 10 8 8 6 6 8 8 8 8 8 8 8 8 9 9 9 11 11 8 8 6
6 8 8 8 8 6 6 6 8 10 10 10 8 8 10 8 8 8 11 11 11 11
8 8 8 8 8 8 8 10 10 10 8 8 8 10 9 8 12 12 13 12 12
12 17 17 11 11 9 9 9 10 10 10 6 10 6 6 8 8 13 10 10
12 10 10 8 8 12 12 15 8 8 8 8 10 8 8 6 6 8 9 9 10 9
11 13 12 10 15 12 12 14 10 12 7 6 8 8 8 7 7 8 8 9 9
10 11 11 11 16 10 12 8 9 10 10 9 9 9 12 14 24 24 19
12 15 11 10 10 16 11 8 8 8 8 8 9 8 8 8 8 8 8 10 10
13 12 12 11 11 11 11 11 13 16 19 19 18 8 8 8 8 8 10
8 8 8 8 8 8 8 8 8 8 10 9 12 12 11 8 8 8 8 8 12 11 8
8 8 8 8 8 10 9 9 8 8 8 8 8 8 8 8 10 12 11 11 8 8 6
8 8 8 9 8 8 6 6 8 8 9 12 11 11 11 13 13 15 15 11 11
8 8 10 10 8 7 8 6 6 
>14_A70_Premixed PHD_FILE: 14_A70_Premixed.phd.1
15 15 8 8 8 8 8 8 6 6 6 7 6 6 8 8 9 9 8 8 8 8 8 8 6
6 6 6 6 6 8 8 8 8 8 8 8 8 8 8 8 6 6 6 6 8 6 8 8 8 8
8 10 13 11 8 8 8 13 8 8 8 8 8 8 8 8 11 12 10 10 10
10 10 6 6 6 6 8 8 7 6 10 10 9 9 11 12 13 7 6 8 6 6
8 10 8 7 6 6 6 6 6 8 6 6 6 7 7 9 9 9 9 12 7 7 7 7 12
12 9 9 12 15 13 9 9 8 8 8 10 10 10 10 8 10 9 10 8 8
6 6 10 8 8 6 8 6 6 8 10 8 9 9 11 11 13 12 8 8 9 11
11 6 7 6 6 6 8 8 6 6 6 6 6 6 10 10 12 8 8 8 8 6 6 6
10 8 10 6 8 6 6 8 10 6 6 7 6 7 8 8 7 7 6 6 6 6 10 10
10 10 8 8 6 8 6 6 6 8 6 6 6 6 10 10 8 8 8 8 6 13 6
6 6 8 8 10 8 6 6 6 9 11 9 9 8 6 6 8 8 13 8 8 8 8 8
8 8 8 9 8 10 8 8 8 8 7 8 6 6 6 6 11 10 6 6 6 6 6 6
6 6 8 8 6 6 6 6 10 6 6 6 6 6 6 6 6 6 8 8 8 8 8 6 6
6 6 6 8 8 8 8 8 8 8 11 8 8 8 8 13 8 8 8 6 6 8 6 9 9
3 0 3 6 6 6 6 6 8 6 6 6 6 6 6 6 6 6 6 6 7 8 8 8 8 7
8 6 6 8 6 6 6 6 6 6 6 6 8 6 8 6 6 6 6 8 13 8 6 6 6
6 11 6 6 6 6 6 6 6 11 13 11 8 8 8 7 8 7 6 10 6 12 8
8 8 8 10 10 10 8 6 6 6 8 8 10 8 8 8 8 10 9 9 8 8 8
8 8 8 8 8 8 13 3 0 3 6 8 8 9 9 10 6 6 6 6 6 6 8 6 6
6 6 8 8 8 10 7 9 10 8 8 8 8 8 8 8 8 8 8 8 6 6 6 6 6
6 8 6 9 9 9 10 11 8 8 8 10 10 10 6 6 6 6 6 6 8 8 6
6 6 6 8 6 6 6 6 6 8 8 8 6 6 6 8 8 8 6 8 6 6 6 6 8 8
12 9 8 8 8 7 6 6 6 11 17 15 6 6 6 8 3 0 3 6 8 6 8 8
8 6 8 6 6 6 7 8 10 7 6 6 8 8 6 6 6 6 10 10 14 10 10
11 8 8 6 6 8 8 8 8 8 8 9 10 11 9 8 8 8 8 8 8 8 8 8
8 8 8 8 8 13 9 8 8 9 7 9 7 6 8 6 8 10 6 6 6 7 10 6
9 8 10 8 8 8 8 8 8 8 11 10 10 7 7 6 6 6 6 8 12 10 6
6 6 6 8 8 6 6 6 6 6 6 6 8 6 7 8 8 8 10 11 7 9 6 8 6
6 8 6 7 7 6 6 8 8 8 12 10 8 6 6 10 10 10 6 6 6 6 8
6 9 8 10 10 10 10 10 10 8 8 8 8 8 8 8 11 8 8 6 7 6
6 6 6 6 6 9 8 6 6 6 6 6 8 8 8 8 6 6 6 6 8 6 6 7 6 6
6 8 10 10 10 8 7 7 6 6 8 7 9 9 9 7 7 9 9 8 11 8 12
12 9 9 6 6 6 6 8 6 8 8 8 6 6 6 6 6 6 8 10 6 6 6 8 8
8 8 8 3 0 3 6 8 6 6 8 6 8 8 8 12 12 17 10 10 8 7 6
8 8 8 6 8 8 8 6 6 8 11 8 8 10 8 6 6 6 6 12 8 8 6 6
8 8 11 11 6 6 6 6 8 6 6 8 6 6 8 6 6 6 6 6 6 6 6 11
7 8 8 8 13 15 15 9 9 10 11 10 6 6 6 6 10 8 8 8 8 9
9 13 9 9 9 9 9 8 8 15 7 7 6 6 7 9 9 9 11 9 11 10 10
10 3 0 3 8 8 8 8 6 8 6 6 8 6 8 8 8 8 6 6 6 6 8 6 8
8 8 8 8 8 6 6 6 6 8 8 8 8 10 8 11 11 10 9 9 9 9 9 12
9 9 9 10 10 9 9 7 7 6 6 6 6 8 10 6 9 9 8 10 8 6 6 6
6 15 11 12 11 11 8 8 9 9 10 10 10 10 11 9 9 9 9 11
12 11 12 12 11 11 11 6 6 6 6 8 6 8 8 8 8 8 8 8 8 8
8 10 8 8 8 8 8 10 14 11 10 8 8 8 8 10 10 13 8 8 8 8
8 8 8 6 6 8 6 6 7 6 8 9 9 9 8 8 10 8 9 9 9 22 18 18
11 11 9 9 9 9 8 8 8 8 8 6 8 6 6 6 6 6 6 6 8 6 6 6 6
6 8 6 6 10 6 6 6 10 12 6 6 6 6 8 6 6 6 7 12 11 6 6
6 6 8 6 6 6 6 6 10 8 10 10 10 13 9 9 9 8 8 8 8 8 8
10 13 13 8 10 8 8 8 8 8 8 8 8 8 8 8 8 6 8 8 8 8 8 10
10 10 10 10 10 12 12 15 10 11 10 11 11 6 6 6 6 6 8
10 8 7 6 6 8 8 8 8 10 6 7 6 6 6 6 6 6 6 7 7 10 7 7
6 6 6 12 13 7 6 6 6 8 8 8 8 6 6 6 8 8 8 8 8 8 11 11
9 9 9 9 10 15 10 10 10 8 8 6 6 12 15 20 13 11 8 8 8
8 8 11 8 8 11 11 10 10 16 11 10 8 6 6 6 6 7 6 6 6 6
6 8 8 8 8 8 8 8 8 11 11 6 8 6 6 6 6 9 9 9 9 10 9 9
9 9 8 8 8 8 8 9 10 8 8 9 9 10 16 10 10 8 8 8 8 6 6
8 8 8 8 6 6 10 8 8 7 6 13 6 8 8 8 6 6 6 6 6 6 6 8 9
10 10 10 10 10 6 8 7 7 6 6 10 12 8 8 8 8 8 8 8 8 8
12 13 11 8 8 8 6 8 6 6 7 7 10 8 8 6 8 6 7 8 11 10 9
11 18 10 8 8 8 8 8 6 6 6 6 8 8 8 8 8 8 6 6 6 6 6 6
6 8 6 6 6 6 8 8 8 11 10 8 8 6 6 6 6 6 6 6 6 8 8 8 6
6 6 6 8 8 8 8 8 8 8 18 8 9 8 8 8 10 10 13 9 8 13 7
7 9 10 8 6 6 6 8 6 8 8 8 8 8 6 7 10 8 8 8 6 6 6 6 8
8 8 8 8 8 8 10 10 10 10 11 10 10 6 6 6 8 8 6 6 6 6
6 6 7 8 7 6 6 8 8 8 8 8 8 8 8 8 10 9 9 9 8 6 6 6 6
6 6 6 6 6 9 9 6 6 6 6 6 6 6 6 6 6 8 8 11 8 8 8 8 8
8 8 8 10 10 13 13 8 8 7 6 6 6 6 6 7 8 12 11 13 6 6
6 8 8 8 8 8 8 6 6 6 8 8 10 8 8 8 10 10 10 8 8 6 6 6
6 6 8 8 10 10 10 6 6 6 6 6 6 8 6 7 7 7 8 6 6 6 6 6
13 6 6 6 6 6 8 10 10 8 8 8 8 8 10 13 8 8 6 6 8 8 9
13 10 6 8 7 7 6 6 6 6 8 10 7 9 12 10 16 14 11 9 12
6 6 6 8 8 6 9 10 10 8 8 8 8 8 10 8 8 8 9 9 9 9 11 13
13 12 12 9 9 9 9 6 8 6 6 8 8 8 8 8 10 8 10 6 6 8 8
8 8 6 6 6 6 6 6 8 7 11 10 9 7 9 6 6 8 8 8 8 8 3 0 3
9 8 8 8 8 8 8 
>15_A70_Premixed PHD_FILE: 15_A70_Premixed.phd.1
7 7 10 7 6 6 6 6 6 8 8 8 8 8 8 9 8 8 8 10 10 8 14 11
11 11 9 6 6 6 6 6 6 9 8 8 8 8 8 8 8 8 8 8 8 8 8 10
11 11 8 8 8 8 6 8 6 6 7 8 6 6 6 6 10 10 12 12 12 10
12 10 10 10 12 8 8 8 8 8 8 8 8 8 8 8 8 8 8 8 8 9 8
10 8 6 6 6 6 8 8 15 11 11 10 9 9 9 12 9 9 9 6 7 7 7
7 7 6 6 6 6 9 10 8 8 8 8 10 10 9 9 9 9 8 8 11 3 0 3
6 6 6 6 6 8 8 8 8 6 6 6 6 8 8 8 6 6 6 6 6 6 6 10 7
7 7 6 8 8 8 8 8 8 8 8 8 8 8 10 13 10 9 10 11 11 11
11 11 10 16 10 8 9 9 9 10 9 9 8 8 7 8 7 10 17 11 11
11 8 8 7 7 8 7 9 8 8 8 8 8 8 9 9 10 9 9 9 10 10 13
11 8 8 8 8 7 6 8 8 8 6 8 8 3 0 3 6 8 10 15 10 8 8 8
10 10 11 10 8 8 6 6 6 8 8 8 8 8 8 7 6 6 6 6 8 8 7 6
6 6 6 11 10 8 6 8 6 6 8 8 8 8 6 6 6 9 8 8 8 8 8 8 8
17 8 6 6 6 10 8 10 9 9 10 13 6 7 6 10 6 6 6 8 8 8 8
8 8 8 6 6 6 8 8 10 9 9 9 10 9 9 9 8 8 6 6 6 6 10 8
8 6 7 6 6 6 6 8 7 7 7 9 10 10 11 8 8 6 6 6 6 8 8 8
6 7 10 7 6 8 8 8 9 13 15 8 8 8 6 6 10 6 8 10 8 9 6
6 6 6 8 6 9 8 11 8 8 8 8 8 8 8 9 9 9 8 8 6 7 8 10 6
6 6 6 6 8 8 10 8 8 8 10 8 8 8 8 11 8 8 8 6 6 6 6 8
8 8 8 7 6 10 7 6 8 8 6 6 10 10 11 11 12 12 8 8 8 8
8 8 8 8 6 6 8 7 8 8 8 8 8 10 10 8 6 8 6 6 8 8 16 15
16 17 23 12 9 8 10 8 8 8 11 6 8 6 6 8 8 16 16 12 12
10 8 10 6 6 6 8 8 10 8 8 8 10 3 0 3 9 10 9 8 8 8 10
8 8 9 9 9 10 11 3 0 3 17 17 16 11 8 8 10 10 8 8 8 8
10 10 6 8 8 8 6 6 8 6 12 12 10 11 8 8 8 8 9 9 10 10
10 10 11 10 8 8 8 11 8 8 8 8 8 6 6 6 8 11 8 6 6 6 6
8 8 8 8 6 6 8 6 6 6 6 6 8 6 6 3 0 3 6 6 6 6 6 8 6 8
10 10 10 13 10 8 8 8 10 6 6 6 6 6 6 9 10 9 9 9 11 11
8 8 8 8 8 8 10 10 9 9 8 8 8 8 8 8 10 11 10 10 10 10
10 8 9 8 8 8 10 7 7 6 6 10 6 8 8 6 8 7 6 6 6 8 8 8
10 10 10 10 9 8 8 6 6 6 6 8 8 6 6 8 6 6 6 6 6 6 10
6 8 8 8 6 6 6 6 6 6 8 10 8 8 8 6 6 6 8 8 6 6 6 7 7
6 6 8 6 6 6 6 8 8 11 8 8 6 6 8 8 8 8 8 6 6 6 6 9 9
9 6 6 6 6 6 6 8 8 8 7 8 6 6 8 8 8 10 10 10 8 8 8 8
8 8 11 11 8 8 8 8 8 8 9 8 9 7 7 6 7 8 7 12 7 10 6 6
6 6 6 6 9 9 6 6 6 6 8 8 7 7 6 6 8 8 8 10 8 6 6 6 8
12 8 8 8 8 8 8 8 8 8 8 9 9 6 3 0 3 8 8 8 8 8 8 8 8
7 6 6 6 7 8 8 10 8 8 8 8 8 8 8 8 8 11 10 11 10 8 7
7 8 8 13 3 0 3 8 8 8 8 8 6 6 6 6 8 8 12 15 15 8 8 8
8 8 9 10 14 9 8 8 8 8 8 8 6 6 7 7 7 11 8 7 7 7 6 9
11 11 11 10 6 10 6 6 8 6 6 6 6 10 13 6 6 6 6 6 6 6
7 8 9 9 8 8 9 8 8 6 6 6 6 6 6 6 8 8 8 6 6 6 6 8 8 8
8 8 8 8 8 10 10 11 15 11 10 12 9 9 9 10 11 11 8 8 8
8 8 10 8 10 10 8 8 8 6 6 6 6 6 6 8 8 8 9 9 10 8 9 11
11 13 11 15 10 8 8 8 8 8 10 10 9 21 12 12 12 11 13
9 9 9 9 9 9 10 10 10 9 9 9 9 10 10 12 11 11 11 11 11
11 11 9 8 12 12 8 8 8 8 6 7 7 8 11 11 6 6 6 6 6 6 9
9 8 8 8 8 8 6 6 6 6 6 6 6 8 8 8 8 8 8 9 9 9 9 9 9 12
12 10 10 10 10 10 9 9 9 9 9 7 7 7 8 8 8 6 6 8 6 9 10
10 8 9 8 13 11 11 11 7 7 6 6 8 8 6 6 6 6 6 6 6 6 6
6 6 6 7 8 8 9 9 6 6 6 6 8 6 6 6 6 6 6 9 11 9 9 9 9
9 8 8 8 8 8 8 8 8 8 11 6 6 6 6 6 7 8 8 8 8 8 6 6 6
6 8 8 9 10 10 10 8 8 8 8 6 6 6 6 8 7 8 8 8 8 8 8 8
10 11 11 8 8 7 6 10 6 6 7 8 8 8 10 8 8 8 6 6 6 6 6
6 8 8 8 6 6 8 8 8 8 10 8 11 13 6 6 6 6 6 6 10 9 8 8
8 8 8 9 9 9 13 11 11 12 11 11 10 9 7 7 7 7 12 12 20
16 10 10 10 10 10 9 8 8 8 8 10 7 7 9 9 9 9 16 21 11
11 11 13 12 13 9 9 15 12 10 13 9 8 8 9 9 10 8 8 8 7
7 7 8 8 8 10 6 11 11 17 17 12 12 11 10 10 8 8 6 6 6
6 10 8 19 20 24 15 13 11 10 10 10 10 11 11 17 11 11
11 11 11 11 18 14 15 21 16 16 11 11 11 10 9 9 8 8 8
9 10 10 11 13 15 18 22 22 19 19 13 12 10 10 10 8 8
8 8 8 9 6 6 6 6 6 7 9 12 12 12 12 13 15 10 8 8 10 8
8 10 9 9 9 8 11 8 8 6 6 8 8 10 10 11 10 10 10 8 8 13
16 16 15 11 11 9 10 9 8 8 8 10 10 10 19 14 15 21 8
8 8 10 10 10 9 10 10 11 11 11 12 8 8 8 8 10 8 9 9 6
6 6 6 8 8 13 13 8 8 6 6 8 8 12 9 9 
>16_A70_Premixed PHD_FILE: 16_A70_Premixed.phd.1
9 9 9 9 9 9 9 9 9 9 9 9 9 10 10 9 8 8 8 8 8 8 8 9 9
11 11 10 8 8 8 6 8 7 6 8 8 6 6 10 10 11 10 12 13 13
13 14 21 12 9 9 9 9 9 10 13 13 10 10 10 8 8 8 10 11
11 9 13 10 9 9 9 9 9 9 10 10 11 12 9 8 8 8 10 8 8 8
8 8 8 8 10 8 8 8 8 8 8 10 9 8 8 10 10 8 9 9 9 9 9 9
9 15 12 12 10 9 9 9 10 9 12 12 12 12 12 9 8 8 8 8 8
8 10 8 10 10 10 8 8 8 8 6 6 8 8 10 11 11 15 15 10 16
15 12 12 10 18 17 14 10 8 8 8 8 8 8 8 8 11 11 10 8
6 6 8 8 8 8 8 8 13 13 13 11 15 12 12 9 9 9 9 13 13
12 14 11 11 11 11 11 11 11 11 11 12 12 12 15 12 13
13 15 10 9 7 7 7 8 8 11 11 11 11 13 11 11 11 11 10
9 12 12 8 8 8 8 8 10 9 14 14 15 10 11 8 8 8 10 8 11
19 15 14 13 13 13 14 15 14 14 14 15 12 11 9 8 8 8 8
8 12 12 11 11 12 11 11 11 11 11 11 10 10 10 21 9 9
9 11 11 9 9 9 8 8 10 10 11 8 10 10 10 10 10 9 9 9 9
9 9 10 13 13 13 10 12 11 10 10 9 9 9 12 13 13 10 10
9 9 9 8 8 8 9 9 10 13 9 8 8 8 8 8 8 9 11 11 13 12 14
13 13 10 10 10 10 10 10 12 14 14 14 14 14 12 12 10
10 10 10 10 9 9 9 10 12 9 9 8 8 8 8 8 8 8 8 12 11 15
10 10 10 15 13 10 10 9 9 11 10 8 8 8 8 10 15 12 11
11 12 11 11 11 11 13 12 12 12 12 12 14 17 19 19 12
12 13 13 12 15 13 8 8 8 11 8 8 8 9 13 15 23 13 10 15
12 12 8 10 6 6 8 8 10 10 8 8 8 8 8 8 8 8 8 10 10 12
10 8 8 8 8 8 8 8 10 8 8 8 10 12 15 12 13 10 10 10 10
8 9 9 8 8 8 8 6 6 8 10 6 7 8 8 10 9 9 10 13 12 12 11
11 11 11 12 12 25 24 13 13 12 12 12 11 10 10 10 10
10 11 12 12 11 12 12 19 16 18 13 12 12 16 16 17 11
8 8 8 8 8 8 8 8 8 8 8 8 8 10 11 11 10 13 13 10 10 10
12 11 15 12 13 14 15 15 12 11 11 11 10 10 10 10 10
18 19 15 12 9 8 8 12 8 8 8 13 13 13 10 11 11 11 11
10 20 16 16 11 11 10 8 8 8 8 12 9 12 10 10 12 13 13
12 12 9 8 8 8 8 8 10 10 11 11 11 8 8 6 6 8 8 8 8 8
9 9 10 10 10 10 10 8 8 10 11 10 8 8 6 8 8 8 9 9 10
8 10 8 8 10 15 12 12 11 18 18 19 15 12 11 8 8 8 8 8
8 8 11 9 9 10 8 8 6 8 6 6 6 13 13 13 8 8 8 9 12 13
16 17 19 24 19 15 11 13 10 10 13 13 16 13 13 10 13
10 10 8 10 11 16 13 12 10 10 10 10 8 8 8 8 8 8 11 10
8 8 8 8 8 8 8 10 10 9 8 8 8 8 9 6 6 6 6 8 6 8 10 8
8 8 10 18 21 13 8 8 8 8 10 10 9 9 6 6 6 6 6 8 8 7 8
8 8 11 11 9 9 11 16 8 8 8 8 8 8 8 8 8 8 8 8 8 8 8 11
11 13 18 18 15 10 10 8 8 8 8 8 8 6 6 6 6 6 6 10 11
15 15 10 10 10 10 10 10 10 8 8 10 8 8 8 9 9 8 8 10
9 9 9 11 11 12 14 11 9 8 8 8 8 8 8 10 12 10 8 8 8 8
10 8 10 12 9 9 9 8 8 8 10 12 13 10 8 8 8 8 10 8 8 6
6 6 6 8 8 8 8 8 8 8 8 8 8 8 8 8 8 8 8 8 9 9 14 15 15
18 11 12 6 6 6 6 8 6 6 6 8 8 8 8 8 8 11 10 10 9 11
10 10 8 8 8 8 6 8 8 8 10 12 12 11 11 11 11 11 11 16
16 12 12 11 11 8 8 8 8 8 8 10 10 10 10 11 11 10 10
10 9 8 8 8 9 12 12 9 9 9 9 9 9 10 8 9 9 9 9 8 8 8 8
8 8 6 6 8 8 10 15 10 10 10 9 9 9 9 9 9 10 10 10 10
10 10 10 10 10 14 9 8 8 8 8 8 8 12 13 12 12 11 11 10
13 10 10 10 13 16 14 10 13 10 10 10 10 10 8 13 9 9
10 10 12 13 10 8 10 10 8 10 10 10 11 11 11 12 11 11
11 16 19 20 22 22 13 11 12 11 11 12 12 8 8 8 8 8 8
10 15 15 10 8 8 6 6 6 6 8 8 6 6 8 8 8 8 8 8 8 10 10
10 10 8 10 6 6 6 8 8 8 8 8 8 8 6 6 8 8 10 11 10 11
11 11 11 18 12 11 11 9 12 8 8 8 10 9 9 10 12 13 13
10 10 8 8 10 8 8 8 11 8 8 8 8 
>17_A70_Premixed PHD_FILE: 17_A70_Premixed.phd.1
9 9 10 10 10 11 11 10 11 11 12 11 11 10 8 8 8 9 9 9
12 12 8 8 8 8 8 9 9 9 9 10 9 8 9 10 8 8 8 8 8 8 8 8
8 6 6 8 8 8 8 8 9 14 10 9 9 9 9 10 10 8 8 8 8 8 13
10 10 10 8 8 8 8 8 8 9 10 10 11 17 8 8 8 8 8 8 8 11
13 17 10 10 10 12 10 10 8 8 8 8 8 10 8 8 8 8 8 8 8
8 13 8 9 13 18 12 15 13 9 9 9 8 8 8 9 9 9 9 10 11 8
8 8 8 8 8 11 11 11 10 10 8 8 8 8 8 8 9 9 10 10 13 10
12 12 12 11 12 12 11 11 11 12 15 15 15 14 13 13 13
13 13 16 13 13 11 11 11 12 8 8 8 8 8 8 10 11 12 11
12 12 12 12 11 11 11 12 10 9 10 12 10 10 9 9 9 9 12
12 12 12 12 9 10 9 10 9 9 12 13 12 12 11 11 11 12 12
15 18 16 16 11 11 8 8 8 8 8 8 8 11 11 11 11 12 13 13
9 9 10 10 10 10 11 27 16 18 15 21 12 12 12 15 12 12
12 12 12 12 12 10 10 10 10 10 9 8 8 12 10 10 8 9 9
14 10 10 10 11 11 12 19 18 19 18 10 10 10 13 13 13
14 14 18 19 17 17 17 14 14 14 12 12 12 12 10 10 10
10 10 11 12 12 15 15 12 10 10 10 11 11 11 12 15 10
9 9 9 9 9 11 11 11 11 11 11 11 11 11 13 16 16 12 11
11 11 12 12 12 12 12 12 14 12 11 13 11 11 10 10 11
10 11 9 9 9 9 9 9 10 10 13 16 16 16 12 8 10 9 7 8 8
6 6 8 8 12 15 18 18 10 8 6 6 8 8 12 12 10 11 13 13
15 15 10 10 12 13 12 9 8 8 8 8 10 10 11 10 9 9 8 10
10 10 10 10 10 10 10 6 6 6 7 8 8 8 8 8 6 6 6 6 10 10
9 9 8 8 8 6 6 8 8 15 15 18 12 9 9 9 8 8 8 10 11 12
15 12 12 12 19 18 18 15 15 8 8 8 8 8 8 12 14 12 10
10 8 6 6 8 8 18 18 10 8 8 8 8 8 8 8 8 8 8 8 8 9 12
13 11 13 9 13 8 6 6 8 6 6 8 11 9 10 9 11 12 11 11 11
11 11 11 11 12 8 6 6 6 8 8 19 12 12 10 9 10 10 9 9
9 11 8 8 8 8 10 8 8 8 11 11 11 13 10 10 10 14 10 10
8 8 8 13 13 8 8 6 6 8 8 11 9 11 11 12 12 11 10 10 8
8 8 8 8 8 8 11 9 6 6 8 8 10 10 8 6 6 8 8 8 10 10 14
10 10 12 12 12 12 11 11 11 10 9 9 9 13 8 8 8 8 8 8
8 8 8 8 8 8 6 6 7 7 10 8 8 8 6 8 8 8 8 8 10 9 10 11
13 13 8 8 6 6 6 8 6 8 8 8 8 8 8 8 8 8 8 8 8 8 9 11
15 11 8 8 8 10 10 10 8 8 8 6 6 6 10 16 10 10 6 7 8
8 10 10 10 8 8 8 8 8 8 8 8 10 10 10 8 8 8 6 6 8 6 9
12 12 11 11 11 12 12 11 11 13 12 11 11 10 6 6 6 6 6
6 10 10 10 10 11 11 15 7 10 7 6 6 6 6 8 7 7 12 10 10
8 8 8 8 8 8 8 8 9 11 11 12 12 8 8 6 6 8 8 8 8 8 10
9 12 14 16 18 8 8 6 6 6 8 9 9 9 9 9 9 6 6 7 7 6 6 10
10 10 12 15 15 12 11 11 13 18 21 22 9 9 8 8 8 8 8 8
8 8 8 8 10 11 10 9 9 8 8 8 8 11 8 9 9 9 10 10 10 10
10 10 8 10 9 9 8 8 8 8 8 8 9 9 10 13 15 11 11 11 11
11 11 11 12 11 18 13 11 11 11 11 11 8 8 6 6 8 8 8 8
8 8 8 8 8 8 10 8 8 8 7 7 7 7 10 6 8 9 9 10 10 10 9
11 11 10 12 11 13 11 11 10 8 8 8 8 8 10 8 8 8 8 8 10
10 10 8 8 10 8 8 8 9 9 8 6 7 6 8 6 8 8 8 8 8 8 10 8
8 8 8 8 8 8 8 8 8 8 8 8 8 8 8 11 11 11 11 10 10 12
10 10 9 9 10 8 9 9 9 8 8 6 6 8 8 8 8 8 8 8 6 6 8 8
9 9 9 8 10 6 6 6 6 8 8 11 10 13 10 11 11 15 15 14 14
13 17 10 10 15 17 17 19 15 11 10 10 9 9 9 9 10 10 10
10 10 8 8 8 10 8 8 7 6 8 8 8 8 6 6 8 8 8 8 6 6 8 8
8 6 6 8 8 8 8 8 8 8 6 6 8 8 8 8 10 11 8 8 8 8 8 8 9
8 10 6 6 8 8 12 11 11 11 12 12 10 9 9 8 8 8 8 10 10
8 8 8 8 8 8 11 11 8 8 8 8 8 8 8 8 10 8 10 14 13 9 9
10 10 10 10 10 10 10 9 9 9 10 14 9 9 9 8 8 8 8 8 8
8 8 8 10 8 8 8 8 8 8 9 9 9 9 9 8 8 8 8 8 8 8 8 8 8
9 10 9 9 9 10 8 8 10 10 11 11 11 11 11 11 8 8 6 6 8
8 9 10 10 11 8 8 6 6 8 8 10 8 10 10 10 12 10 9 9 8
10 8 8 10 10 12 19 24 11 10 9 9 10 10 11 10 10 10 
>18_A70_Premixed PHD_FILE: 18_A70_Premixed.phd.1
8 8 8 8 8 8 6 6 6 6 6 6 8 8 8 8 8 8 9 11 12 12 11 11
11 13 13 12 19 12 12 11 8 8 6 6 6 6 8 10 8 10 8 10
10 8 8 8 6 6 6 6 6 8 8 12 10 10 10 10 12 13 15 11 11
13 15 12 12 12 18 16 12 12 11 11 17 8 9 9 6 6 6 8 8
11 12 14 15 10 8 8 8 8 10 8 10 9 9 9 9 10 12 12 12
12 12 11 15 12 11 11 12 23 20 26 12 16 9 9 9 9 9 10
12 15 12 12 14 14 15 15 18 18 10 10 6 6 8 8 10 9 9
9 8 8 8 8 8 8 9 9 11 10 10 12 10 10 10 15 14 15 15
28 31 22 15 13 13 12 14 15 15 16 12 12 12 12 12 15
15 16 15 10 8 8 8 10 10 11 8 8 8 8 8 8 9 13 13 13 10
11 11 16 12 11 10 10 10 14 13 17 10 10 9 9 9 9 12 13
15 12 12 13 11 10 8 8 8 8 8 8 8 10 10 10 10 10 12 12
12 12 11 11 8 8 8 8 8 10 10 10 9 9 11 12 10 10 9 9
10 10 10 11 11 11 9 9 8 8 8 8 8 8 8 9 9 12 13 15 15
12 18 12 12 12 15 15 15 21 11 11 11 11 11 12 21 18
21 9 8 8 8 10 8 10 8 8 8 8 10 9 14 12 15 11 11 11 11
11 12 12 15 12 10 10 10 10 10 10 10 8 8 8 6 7 12 12
10 10 8 10 9 10 10 10 10 12 12 12 12 11 11 11 8 8 8
8 8 8 10 8 8 8 10 10 8 6 6 8 8 8 8 8 8 8 12 10 11 11
12 12 12 12 18 12 12 12 12 18 17 11 10 12 12 12 10
9 9 9 9 11 11 8 8 8 8 8 8 8 8 8 13 10 9 9 9 9 9 8 8
9 9 10 10 11 11 8 8 8 8 8 8 9 11 12 14 12 12 10 8 8
8 8 10 10 10 9 9 11 10 10 8 8 6 6 8 8 8 8 8 8 10 12
10 10 10 10 9 8 8 8 8 11 11 11 11 11 12 12 8 8 7 7
8 10 11 13 10 9 9 8 8 8 9 11 11 16 16 11 11 8 8 8 8
8 8 9 11 10 10 9 9 10 10 8 8 9 9 12 12 11 12 12 15
16 13 10 10 8 8 8 8 8 8 10 9 9 9 9 9 9 9 10 10 10 10
10 10 10 10 8 8 8 8 8 8 8 8 12 19 15 16 15 16 15 11
9 10 10 10 8 8 10 10 9 10 9 9 9 9 11 16 15 15 17 8
8 8 11 10 8 8 8 8 8 8 8 8 8 8 8 8 8 16 11 12 12 12
8 8 7 7 8 10 12 12 11 11 18 10 12 11 15 8 8 8 8 8 8
8 13 12 11 10 8 12 8 8 8 10 12 18 16 8 8 8 10 8 9 9
11 12 10 10 10 10 10 8 8 8 8 10 10 9 8 8 8 8 9 10 9
9 11 10 10 12 11 12 11 9 9 11 11 16 13 12 13 10 8 8
8 8 8 8 10 10 14 14 10 10 6 8 6 6 8 8 13 13 8 8 6 6
10 10 8 8 8 8 8 8 8 10 10 8 8 9 10 12 9 9 3 0 3 9 13
16 19 18 13 11 11 11 10 10 10 10 10 10 11 13 11 10
9 9 9 13 11 10 8 8 8 8 8 11 10 8 8 8 8 8 8 8 8 9 8
8 8 8 8 10 10 8 10 10 11 11 9 13 19 17 11 8 8 8 8 8
8 10 9 10 8 8 8 8 8 10 11 12 11 9 9 9 9 10 10 14 15
12 9 9 9 9 17 16 13 10 9 9 9 11 11 10 11 11 11 11 11
12 15 11 8 8 6 6 8 8 9 9 9 11 9 8 8 8 8 8 8 11 10 10
10 13 15 19 13 13 9 9 9 9 10 9 9 8 8 8 8 8 8 8 10 8
8 8 11 11 10 10 8 8 8 8 8 8 11 11 11 8 8 8 6 6 8 12
14 15 12 8 8 8 8 8 10 13 13 11 11 11 11 9 8 8 8 8 8
8 9 9 9 10 10 10 11 11 11 11 11 10 8 8 10 11 10 8 10
10 10 10 10 15 13 13 10 10 9 9 9 8 10 10 10 8 8 11
11 10 8 8 8 8 8 8 9 9 8 8 8 8 10 10 9 11 11 12 13 10
11 10 9 9 9 11 10 8 8 8 8 8 8 8 8 8 10 10 12 11 12
12 8 8 8 8 8 10 10 15 10 10 10 9 10 10 9 12 6 8 6 6
8 8 8 8 8 8 10 8 9 9 11 11 8 11 10 10 10 8 10 10 11
8 8 8 8 8 8 8 6 6 8 8 8 8 10 13 10 10 11 11 10 9 9
9 9 9 11 10 12 12 9 9 9 9 9 9 10 11 9 9 9 6 10 7 6
8 8 6 8 8 8 8 8 9 9 9 9 9 9 8 8 8 8 8 8 8 8 8 8 6 6
8 8 10 9 10 10 11 8 8 8 8 8 13 24 24 12 12 11 11 10
10 10 9 15 11 10 10 10 13 12 11 11 
>19_A70_Premixed PHD_FILE: 19_A70_Premixed.phd.1
7 7 8 8 8 8 11 11 11 11 11 11 11 10 9 8 8 8 8 8 8 8
6 6 7 11 15 15 10 10 10 9 9 11 8 8 8 8 8 10 12 13 11
13 10 9 9 8 8 6 6 6 6 8 10 10 10 10 11 13 11 12 13
13 19 23 24 19 11 8 8 8 8 8 8 8 8 8 8 6 7 10 6 6 8
10 10 8 8 8 8 10 10 10 9 9 6 8 6 6 6 8 8 8 7 6 7 6
8 6 6 8 8 10 10 15 13 11 11 19 10 8 8 8 10 13 6 6 6
10 10 10 8 8 8 10 10 12 10 8 8 8 11 8 6 6 8 6 8 12
8 7 7 7 7 12 12 17 8 8 6 6 8 11 9 9 9 9 13 15 12 10
9 8 8 6 8 6 6 10 15 8 9 8 8 8 8 10 10 10 12 10 8 7
7 8 12 13 9 9 10 6 8 8 8 8 7 6 8 8 6 7 8 8 7 6 8 8
9 9 9 9 12 8 8 6 7 8 6 7 10 10 6 6 8 8 8 8 8 8 8 8
8 8 8 8 8 8 8 8 8 11 13 10 12 13 10 10 8 8 6 6 8 10
8 8 6 6 8 8 6 7 8 10 7 9 9 9 10 9 9 8 8 8 10 10 11
8 8 8 8 8 8 6 6 6 6 10 6 8 6 6 8 6 6 8 7 7 10 10 9
9 9 10 10 13 21 15 13 9 8 10 8 9 9 10 10 10 9 10 11
11 8 8 9 8 8 6 7 8 8 8 8 6 6 8 8 9 9 10 9 9 10 8 8
6 6 8 10 6 6 8 10 7 9 10 10 8 8 6 6 8 8 8 8 8 8 6 6
6 6 6 10 8 9 6 8 8 10 10 12 16 12 10 10 8 8 8 10 8
8 7 9 15 11 10 8 8 8 10 10 10 8 8 7 11 7 7 8 8 10 10
10 8 8 8 11 10 10 8 7 8 7 6 8 8 6 6 8 8 6 6 8 8 8 8
10 10 9 9 9 9 8 10 8 8 8 10 10 7 6 8 8 8 10 13 9 9
9 12 12 10 10 8 8 8 10 10 8 8 8 10 16 10 8 8 8 8 8
8 6 7 6 10 6 6 8 8 6 6 8 10 12 9 9 8 8 8 8 8 6 7 8
10 10 9 9 10 8 10 8 10 10 10 8 8 6 7 8 8 8 8 7 8 6
6 6 6 8 8 8 8 8 8 8 8 8 8 9 10 8 8 8 8 11 8 8 8 8 11
13 10 9 8 8 8 8 8 8 8 10 12 11 6 6 8 8 8 8 13 7 9 10
11 9 9 9 9 12 12 9 9 9 9 10 13 10 8 8 6 6 8 6 6 8 6
6 8 8 10 8 10 10 10 10 10 8 8 8 8 8 8 8 6 6 8 6 6 8
8 9 9 10 10 10 10 8 8 6 6 8 8 10 8 6 6 7 8 8 9 10 10
10 8 8 8 8 8 8 10 8 6 6 6 8 8 8 8 7 7 8 7 9 10 8 6
6 8 8 9 10 10 11 10 10 8 8 8 8 8 10 11 9 9 8 8 8 8
6 6 8 8 11 10 10 10 10 10 6 6 8 8 8 8 10 10 8 8 8 10
10 8 8 8 8 10 10 6 6 8 6 8 8 8 8 9 12 12 10 10 10 10
16 6 6 6 6 6 8 8 8 8 11 8 9 11 16 9 9 8 8 8 8 11 11
10 8 8 8 8 8 8 8 12 7 9 8 10 9 9 6 6 8 8 8 6 8 8 8
8 8 8 7 7 8 7 8 8 8 8 8 8 8 8 8 8 8 8 15 13 19 8 8
6 6 8 8 10 8 8 10 8 8 8 6 7 8 8 8 6 8 8 9 9 9 10 10
9 9 12 13 10 10 10 8 8 6 6 6 8 8 8 6 6 8 8 8 9 13 9
9 6 6 6 7 10 8 10 9 9 10 10 8 8 8 8 8 8 10 6 6 8 6
10 6 8 7 7 9 9 8 10 8 8 8 8 11 6 6 6 6 7 7 12 10 8
8 8 8 6 6 6 8 6 6 6 8 8 9 13 13 15 17 8 8 8 8 8 8 10
10 8 8 6 6 8 8 9 9 11 14 16 15 13 12 10 10 8 8 8 8
8 10 8 8 6 6 8 11 7 6 8 8 8 8 12 14 14 10 10 9 8 13
8 8 8 8 10 6 6 6 7 6 9 8 10 8 7 7 13 8 10 10 10 11
8 9 9 9 9 9 10 10 10 10 10 10 10 6 6 6 6 8 8 9 9 10
10 10 10 10 8 8 8 10 10 15 12 12 13 12 13 10 8 8 8
8 8 8 8 8 11 11 11 8 11 10 8 8 8 8 10 11 8 8 6 8 6
6 8 8 8 6 8 8 9 10 11 11 11 11 11 11 10 10 8 8 8 8
6 6 6 9 9 12 16 18 13 16 8 8 8 8 8 8 9 10 8 8 8 8 10
8 8 8 8 8 8 8 12 8 8 6 6 8 8 10 10 8 8 6 6 8 8 10 8
8 8 8 10 8 6 6 8 8 8 10 9 9 10 10 14 14 12 12 9 9 8
8 10 11 11 16 11 10 8 7 6 8 8 11 11 14 10 12 10 9 9
9 9 9 9 11 11 12 12 11 11 10 10 10 8 8 8 8 8 6 6 6
12 8 8 8 10 10 8 8 8 8 10 10 10 10 11 9 9 8 6 7 7 10
12 8 8 8 8 8 8 6 6 6 6 8 10 8 8 8 8 8 8 8 6 6 8 6 6
8 8 8 10 10 10 11 11 11 24 17 12 10 10 8 8 8 8 9 8
11 8 8 10 10 10 8 9 9 9 8 8 8 8 8 8 8 8 10 8 8 8 8
8 8 6 6 6 6 8 8 10 10 10 9 11 11 11 11 11 11 11 10
10 8 8 6 6 6 6 8 8 9 6 6 6 7 10 8 8 6 6 8 8 11 13 13
10 9 10 8 8 8 8 11 11 11 21 10 15 13 13 9 9 8 6 6 6
8 8 8 8 10 8 8 8 8 8 10 6 6 6 6 8 6 11 12 12 13 8 8
6 6 8 8 9 8 10 8 8 8 8 8 8 10 10 10 10 10 10 11 11
9 11 11 13 8 8 8 7 6 6 11 8 8 8 8 8 8 8 11 8 8 8 8
8 10 11 11 11 11 11 12 10 11 9 8 10 8 8 8 8 8 8 8 8
8 10 15 16 8 8 8 8 8 10 8 8 
>1_A70_Premixed PHD_FILE: 1_A70_Premixed.phd.1
10 10 12 9 9 9 8 7 9 9 9 9 13 15 11 12 7 9 13 15 10
12 12 22 32 24 17 15 10 15 15 8 8 8 10 18 19 23 23
23 23 19 22 22 27 32 37 37 37 37 37 37 37 39 36 36
36 36 36 36 42 47 48 48 48 48 57 59 59 59 48 48 48
39 39 39 39 39 39 46 46 54 48 48 54 57 57 68 68 68
54 68 57 57 57 57 57 57 48 48 48 47 57 47 47 54 57
54 54 54 57 59 59 57 57 57 59 59 57 57 57 57 57 68
68 57 57 57 57 57 57 50 50 47 47 47 57 57 57 59 59
59 68 68 68 57 57 52 52 52 59 59 59 57 59 57 57 57
57 57 68 68 68 68 68 68 68 68 68 68 68 68 68 68 68
68 68 68 68 59 59 68 68 68 68 68 68 68 68 68 68 68
68 68 68 68 68 68 68 68 68 68 68 68 68 68 68 68 68
68 68 68 68 68 68 68 62 62 62 62 62 62 62 62 62 62
62 62 62 62 62 62 62 62 62 62 62 62 68 68 68 68 68
68 62 62 68 62 62 62 62 68 68 68 68 62 62 62 62 62
62 62 62 62 62 62 62 62 68 68 68 68 68 68 68 68 68
68 68 68 68 68 62 62 62 62 68 68 68 68 68 68 68 68
62 62 62 62 62 62 62 62 68 62 68 68 68 68 68 68 68
68 68 68 68 62 62 62 62 62 62 62 62 62 62 62 62 62
62 62 62 68 68 68 68 62 62 62 62 62 62 62 62 68 68
68 62 62 62 62 62 62 62 68 68 68 68 68 68 68 62 62
62 62 62 62 62 62 62 68 62 62 62 62 62 62 62 62 62
62 62 68 68 68 68 68 68 62 62 68 68 68 68 68 68 62
62 62 62 62 62 62 62 62 62 62 62 62 62 62 62 62 62
62 62 62 62 62 62 68 68 68 62 62 62 62 62 62 62 62
62 62 62 62 62 62 68 68 68 68 68 68 68 68 68 62 62
62 62 62 62 62 62 62 62 62 68 62 68 68 68 68 68 68
62 62 62 62 62 62 62 62 62 62 62 62 62 62 62 62 62
62 62 68 68 68 68 68 68 68 68 62 62 62 62 62 62 62
62 62 62 62 62 62 62 62 62 62 62 62 62 62 62 62 62
62 62 62 62 68 68 68 68 68 68 62 62 62 62 62 62 62
62 62 62 62 62 62 62 62 62 62 62 57 57 57 57 59 59
59 59 59 59 59 57 57 57 57 57 57 57 57 57 57 59 68
68 68 68 68 68 68 59 59 59 57 57 57 57 59 59 59 59
59 59 59 68 68 59 59 59 57 57 59 59 59 59 59 57 57
59 59 59 59 68 68 68 68 68 59 59 57 57 57 57 57 57
57 57 68 68 59 59 59 59 57 57 57 59 57 57 54 50 50
48 48 48 59 59 59 59 59 59 57 59 59 59 59 59 57 57
57 57 57 57 54 54 54 57 54 54 57 57 57 57 57 57 57
59 57 57 57 57 57 57 59 59 59 59 57 57 59 59 57 57
57 57 57 57 59 59 48 48 57 57 57 57 59 59 57 57 57
57 57 48 48 48 48 47 47 47 47 47 44 37 31 31 37 37
37 59 47 47 47 47 41 41 41 39 40 43 43 37 37 41 43
41 37 37 37 37 37 48 48 59 57 57 57 57 48 48 48 57
59 59 48 48 48 47 47 41 41 37 37 32 29 28 40 39 41
41 47 41 41 41 41 41 29 29 32 29 37 41 41 47 41 37
37 35 35 39 47 59 59 48 48 48 48 48 46 59 59 47 47
43 41 25 20 14 15 12 14 19 30 47 47 47 47 37 37 37
37 32 38 38 41 41 31 29 29 32 37 37 37 32 29 29 29
29 29 29 32 29 29 29 27 32 28 22 22 23 23 32 25 32
18 18 21 16 9 10 15 23 19 19 14 14 14 30 24 37 39 25
23 11 11 11 11 13 14 20 20 32 29 23 32 33 24 20 15
14 13 16 16 16 11 11 11 16 11 11 19 23 24 25 18 20
11 11 11 20 12 14 14 11 16 11 9 9 9 9 10 12 19 12 19
20 23 22 11 13 11 17 19 19 16 17 16 14 15 12 12 12
14 14 12 15 12 14 23 11 11 9 15 8 8 8 10 10 14 14 13
12 12 11 10 9 9 9 9 11 9 9 9 9 13 16 14 14 14 9 10
9 9 8 8 8 8 8 8 10 8 9 9 11 17 17 21 12 12 10 11 11
11 11 8 8 8 8 8 8 9 13 11 11 10 9 9 9 8 8 8 8 8 8 8
10 8 8 8 8 8 8 9 9 9 9 9 9 9 11 13 8 8 8 8 8 8 10 11
10 10 10 9 8 8 8 8 8 9 9 10 10 10 8 8 8 9 9 9 9 10
8 8 8 8 8 8 8 9 9 9 9 10 11 11 10 10 10 10 11 11 9
10 10 10 9 8 8 8 8 8 8 8 9 10 10 12 12 12 15 12 14
14 14 12 10 11 14 14 10 9 8 8 8 8 8 8 8 8 8 8 11 11
15 14 15 15 15 11 15 8 8 7 8 8 8 10 8 8 8 8 8 8 9 9
9 
>20_A70_Premixed PHD_FILE: 20_A70_Premixed.phd.1
8 8 7 8 7 11 6 6 6 6 6 10 15 20 15 10 8 8 8 17 10 12
14 22 32 28 19 14 10 9 17 8 8 10 13 16 19 23 23 23
23 18 14 14 19 29 29 30 33 33 33 41 44 47 47 50 36
50 36 36 37 37 53 53 53 53 53 53 53 53 50 50 54 54
54 48 48 46 46 42 42 37 39 39 42 44 57 57 68 68 68
68 68 68 68 57 57 57 59 59 59 57 68 68 68 68 68 57
57 48 47 48 57 57 68 68 68 68 68 68 68 68 68 68 68
68 68 68 68 68 68 68 68 68 68 68 68 68 68 68 68 68
68 68 68 68 68 68 68 68 68 68 68 68 68 68 68 68 68
68 68 68 57 57 57 68 68 68 68 68 68 68 68 59 59 68
68 68 68 68 68 68 68 68 68 68 68 68 68 68 68 68 68
68 68 68 59 59 59 59 59 59 68 68 68 68 68 68 68 68
68 59 59 68 59 59 62 62 68 62 62 62 62 62 62 62 62
62 62 68 68 68 68 68 68 68 68 68 62 62 62 62 62 62
62 68 68 68 68 68 68 68 68 68 68 68 68 68 68 68 68
68 68 68 68 68 68 68 68 68 68 62 62 62 62 62 62 68
68 68 68 68 68 68 68 68 68 68 68 68 68 68 68 68 68
68 68 68 68 62 62 62 62 62 62 62 68 68 68 68 68 68
68 68 68 68 68 68 68 68 68 68 68 68 68 68 68 68 68
68 68 68 68 68 68 68 68 68 68 68 68 68 68 68 62 62
62 62 62 62 62 62 62 62 62 62 68 68 68 68 68 68 68
68 68 68 68 68 68 62 62 62 62 62 62 62 68 62 62 62
62 62 62 62 62 68 68 68 68 68 68 62 62 62 62 62 62
62 68 68 68 68 68 68 68 68 68 68 68 68 68 68 68 68
68 62 62 62 62 62 62 68 68 68 68 68 68 68 68 68 68
68 68 68 68 68 68 68 68 68 68 68 68 68 68 68 68 68
68 68 68 68 68 68 68 68 68 68 68 68 68 68 68 68 62
62 62 62 62 62 62 68 62 62 62 62 62 62 62 68 68 68
68 68 68 68 68 68 62 62 62 62 62 62 62 62 62 62 62
62 62 62 68 68 68 68 68 62 62 62 62 62 62 62 62 62
62 62 62 62 68 68 68 62 62 62 62 62 62 62 62 62 62
62 62 62 68 68 62 62 68 62 62 62 62 62 62 62 68 68
68 62 62 62 62 62 62 62 68 68 68 68 68 68 68 68 59
59 59 59 59 57 57 57 57 57 57 57 57 59 59 59 59 59
59 59 57 57 57 59 59 59 59 59 59 59 59 59 57 57 59
59 59 57 57 57 57 57 57 57 57 59 59 59 59 57 57 52
52 52 57 57 57 57 57 59 59 59 59 59 59 57 57 54 57
57 57 57 57 57 57 57 54 57 57 47 47 47 57 47 57 57
57 57 57 57 57 57 43 43 43 57 47 57 54 54 54 59 59
57 57 48 54 54 57 57 57 57 57 57 57 57 57 48 48 48
54 57 57 54 54 54 57 59 54 48 48 48 48 54 48 48 48
48 48 43 43 43 43 43 43 43 57 57 57 48 43 43 37 37
30 37 37 47 48 48 41 47 47 41 37 37 35 31 31 37 37
37 32 26 26 43 43 47 47 41 41 31 35 41 43 41 41 37
37 30 32 27 29 39 39 41 47 47 41 46 41 41 41 41 31
31 39 41 47 41 41 41 41 41 37 37 37 37 37 31 31 31
32 28 32 28 32 37 41 41 39 41 41 46 46 39 37 32 33
32 27 27 35 28 28 31 31 41 41 37 31 36 39 32 31 31
31 41 41 41 39 32 31 35 35 28 31 37 31 31 31 31 35
37 30 30 17 17 17 24 26 37 37 37 37 37 37 31 26 31
39 41 34 34 31 31 35 37 37 35 31 31 32 28 25 32 30
37 37 32 29 29 37 37 32 31 31 41 32 37 32 37 37 28
28 24 28 28 18 19 12 12 11 20 18 24 10 13 8 8 8 17
15 14 10 10 12 14 13 22 27 28 28 30 29 31 32 32 37
27 24 20 20 22 25 16 17 17 18 18 25 37 32 29 31 29
29 29 25 22 22 22 22 22 25 35 31 31 37 37 30 25 25
28 28 23 17 15 17 15 24 22 28 28 33 33 32 27 27 25
20 15 11 11 10 10 8 8 8 10 11 11 15 14 14 15 16 10
12 13 12 10 10 11 11 11 12 11 11 19 17 23 20 20 18
12 12 12 15 11 16 16 13 11 9 10 10 19 11 13 11 13 13
22 20 22 11 9 10 10 10 9 12 13 16 12 12 10 16 12 9
8 8 8 8 9 9 9 12 12 14 14 11 13 16 12 10 10 11 11 11
9 9 9 13 13 10 11 14 11 10 10 11 13 12 13 15 14 10
9 9 9 9 9 11 12 10 10 9 9 
>2_A70_Premixed PHD_FILE: 2_A70_Premixed.phd.1
17 17 18 3 3 3 9 9 9 9 10 9 15 15 10 10 8 8 8 15 12
12 14 22 32 24 19 13 10 9 13 10 10 10 13 20 19 23 23
23 23 19 17 17 22 29 33 33 42 50 50 50 50 50 36 36
36 36 36 36 50 50 57 57 57 57 57 57 57 57 57 50 54
54 54 50 50 50 50 50 54 57 57 57 59 59 68 68 68 68
68 68 68 68 68 68 68 68 59 59 59 57 68 68 68 68 68
68 68 68 68 68 68 68 68 68 68 68 68 68 68 68 68 68
68 68 68 68 68 68 68 57 57 57 57 57 57 59 68 68 68
68 68 68 68 57 57 57 57 59 57 57 68 68 68 68 68 68
68 68 68 68 68 68 68 68 68 68 68 68 68 68 68 68 68
68 68 68 68 68 68 68 68 68 68 68 68 68 68 68 68 68
68 68 68 68 68 68 68 68 68 68 68 68 68 68 68 68 68
68 68 68 68 68 68 68 68 68 68 68 68 68 68 68 68 68
68 68 68 68 68 68 68 68 68 68 68 68 68 68 68 68 68
68 68 68 68 68 68 68 68 68 68 68 68 68 68 68 68 62
62 62 62 62 62 62 62 68 68 68 68 68 68 68 68 68 68
68 68 68 68 68 68 68 68 68 68 68 68 68 68 68 68 68
68 68 68 62 68 68 68 68 68 68 68 68 68 68 68 68 68
68 68 68 68 68 68 68 68 68 68 68 68 68 68 68 68 68
68 68 68 68 68 68 68 68 68 68 68 68 68 68 68 68 68
68 68 68 68 68 68 68 68 68 68 68 68 68 68 68 68 68
68 68 68 68 68 68 68 68 68 68 68 68 68 68 68 68 68
68 68 68 68 68 68 68 68 68 68 68 68 68 68 68 68 68
68 68 68 68 68 68 68 68 68 68 68 68 68 68 68 68 68
68 68 68 68 68 68 68 68 68 68 68 68 68 68 68 68 68
68 68 68 68 68 68 68 68 68 68 68 68 68 68 68 68 68
68 68 68 68 68 68 68 68 68 68 68 68 68 68 68 68 68
68 68 68 68 68 68 68 68 68 68 68 68 68 68 68 68 68
68 68 68 68 68 68 68 68 68 68 68 68 68 68 68 68 68
68 68 68 68 68 68 68 68 68 68 68 68 68 68 68 68 68
68 68 68 68 68 68 68 68 68 68 68 68 68 68 68 68 68
68 68 68 68 62 62 62 68 68 68 68 68 68 68 68 68 68
68 68 68 68 68 68 68 68 68 62 62 62 68 68 68 68 68
68 68 68 68 68 68 68 68 68 68 68 68 68 68 68 68 68
68 68 68 68 68 68 68 68 68 68 68 68 68 68 68 68 68
68 68 68 68 68 68 68 68 68 68 68 68 68 68 68 68 68
68 68 68 68 68 68 68 68 68 68 68 68 68 68 68 57 57
57 57 57 57 57 68 68 57 57 59 68 68 68 59 68 57 57
57 57 57 68 59 59 59 68 68 68 68 68 68 68 68 68 68
68 68 68 68 68 68 68 68 68 68 68 68 68 68 68 57 57
57 57 57 57 59 59 59 59 59 59 68 68 68 68 68 68 68
59 59 57 57 57 59 59 59 59 59 59 59 57 57 57 57 57
57 57 59 59 59 57 54 54 54 48 48 68 54 54 54 57 59
54 48 47 47 47 48 59 59 59 59 59 59 59 59 59 59 53
50 47 47 41 41 41 41 41 59 41 41 41 32 36 43 43 59
47 42 42 41 39 39 39 37 34 39 37 37 44 59 59 47 41
41 41 48 48 48 59 59 59 59 47 47 41 41 37 37 44 59
44 44 34 34 35 35 31 34 40 44 44 37 37 37 37 37 41
39 37 37 37 39 39 37 30 30 32 41 39 39 41 31 31 34
31 34 37 41 37 37 37 31 37 37 31 31 37 37 32 25 25
30 30 28 27 37 41 32 31 34 36 37 36 47 39 41 37 37
41 39 37 31 32 23 23 23 24 31 34 32 29 29 37 35 28
28 28 28 35 31 25 24 16 16 16 21 30 30 34 29 37 37
31 31 27 27 26 24 24 18 16 15 17 21 30 24 24 22 27
24 24 32 34 28 34 34 32 27 26 30 30 30 25 25 32 27
17 25 22 21 18 16 16 18 28 26 27 28 27 26 12 10 14
9 8 12 11 13 13 26 21 17 14 14 12 15 14 14 14 12 11
11 14 17 19 20 14 16 16 19 16 19 15 17 17 17 19 22
16 11 11 14 15 14 30 28 20 16 13 12 12 12 13 12 15
20 17 24 21 11 9 10 10 15 22 19 11 11 12 11 13 14 18
9 9 8 8 8 8 10 10 12 15 14 24 17 14 15 14 12 15 14
14 11 12 10 8 8 8 8 8 8 8 8 8 8 8 8 11 9 9 9 9 9 10
9 10 10 8 8 8 8 8 8 9 9 9 10 11 12 14 12 13 15 12 16
8 8 8 9 9 8 9 9 8 8 8 8 11 14 12 13 13 13 13 8 8 8
8 8 8 8 8 8 8 8 8 9 10 11 11 14 11 11 11 9 10 10 9
9 10 9 9 9 8 10 10 10 8 11 8 8 8 8 10 11 8 8 8 8 8
8 9 10 9 9 9 9 9 9 8 8 8 8 8 8 8 11 8 9 7 7 7 8 6 8
6 6 6 6 8 8 9 11 14 10 12 9 12 11 9 8 8 8 8 8 8 8 
>3_A70_Premixed PHD_FILE: 3_A70_Premixed.phd.1
10 10 9 7 7 7 9 9 9 9 10 12 15 14 10 10 8 8 8 13 10
11 11 17 30 15 15 10 9 9 12 8 8 8 12 16 19 19 23 20
19 14 13 13 19 34 37 37 41 41 40 48 48 48 43 43 39
39 42 42 42 43 48 48 48 59 59 59 59 59 48 48 48 42
42 42 48 47 46 48 46 46 47 48 48 59 59 59 59 57 57
57 57 59 54 54 54 57 47 47 47 47 57 48 48 54 57 54
54 54 57 59 59 54 54 54 59 59 59 57 57 57 57 59 57
57 57 54 54 54 57 50 50 37 39 39 50 50 54 57 59 59
59 57 57 57 57 52 52 52 57 57 57 57 57 54 57 57 57
57 68 68 68 68 59 59 59 59 59 57 57 57 59 57 68 68
68 68 68 59 59 57 57 57 59 59 68 68 68 68 59 59 59
57 57 57 59 59 59 59 59 59 57 57 59 59 59 68 68 68
68 57 57 57 57 57 62 62 52 52 52 62 62 62 52 52 62
62 62 62 62 62 62 62 62 62 62 62 68 68 68 68 68 68
68 68 68 68 68 68 68 62 62 62 62 62 62 62 62 62 62
62 62 52 52 52 62 62 62 62 62 62 62 62 62 62 68 68
68 68 68 68 62 62 68 68 62 62 62 62 62 62 62 62 62
62 62 62 62 62 62 62 62 62 68 62 62 62 62 62 62 62
62 62 62 62 62 62 62 62 62 62 62 62 62 62 62 62 62
62 62 62 62 62 62 62 62 62 62 62 62 62 62 62 62 62
62 62 62 62 62 62 68 68 68 68 68 68 68 68 62 62 62
62 62 62 62 62 62 62 62 62 62 62 62 62 62 62 62 62
62 62 62 62 68 68 68 62 62 62 62 62 62 62 62 62 62
62 62 62 62 62 62 62 62 62 62 68 68 68 62 62 62 62
62 62 62 68 68 62 62 62 62 68 68 68 68 68 62 62 62
62 62 62 62 62 68 68 68 68 68 68 68 62 62 62 62 62
62 62 62 62 62 62 68 68 68 68 68 68 68 68 68 68 68
62 62 62 62 62 62 62 62 62 62 62 62 62 62 62 62 62
62 62 62 62 62 68 68 68 68 68 62 62 62 62 62 62 62
68 62 62 62 62 62 62 62 62 68 62 62 62 62 62 52 52
62 62 62 62 62 62 62 68 62 62 62 62 62 62 62 62 62
62 68 68 62 62 68 62 62 62 62 59 59 59 59 59 59 59
59 59 59 59 57 57 57 57 57 57 57 57 57 59 59 57 57
57 57 57 57 59 68 68 68 59 59 59 59 57 59 59 59 59
59 59 68 68 59 59 59 59 57 59 59 59 59 59 59 59 59
59 59 57 57 57 57 57 57 57 57 57 54 54 57 57 54 57
57 57 57 57 57 59 59 57 57 57 59 59 59 54 50 50 43
43 43 57 59 59 59 59 59 57 59 59 59 59 59 57 57 54
57 57 57 57 57 57 57 57 57 59 57 57 57 57 57 57 59
59 59 59 59 59 59 59 59 68 68 68 68 68 68 59 59 54
54 48 59 59 48 57 57 59 59 59 59 57 57 48 48 48 39
39 43 39 37 39 41 37 37 37 37 37 37 31 32 37 37 41
47 59 59 47 47 41 41 41 41 41 37 37 37 37 41 43 37
37 37 37 37 37 48 48 48 48 48 57 57 48 48 57 47 47
47 47 37 48 41 41 41 41 41 41 41 31 31 41 41 41 41
41 41 41 47 41 37 37 37 32 29 37 41 41 41 39 39 36
36 36 37 39 34 37 43 43 47 47 41 41 37 37 41 41 41
41 34 36 35 35 31 31 39 43 47 41 41 41 41 41 41 41
32 37 37 41 35 29 29 37 37 37 34 34 32 28 28 31 31
34 31 25 22 22 22 19 30 28 26 26 32 37 41 41 41 37
37 39 31 31 32 28 28 39 31 31 30 37 37 41 37 37 39
21 17 10 10 10 13 15 18 28 32 41 32 32 37 35 32 24
24 28 31 28 22 22 20 20 20 24 26 23 32 25 27 22 18
18 15 7 3 0 3 8 6 10 10 10 10 13 13 11 14 14 20 28
32 32 34 32 31 28 25 22 13 15 3 0 3 12 13 26 24 20
20 23 18 23 17 11 11 11 12 12 15 17 18 18 22 25 21
22 19 18 18 12 12 11 11 11 12 11 10 10 11 11 13 13
18 11 11 11 14 13 13 10 10 10 10 10 12 12 15 14 15
17 13 13 12 11 10 8 8 10 10 8 8 10 10 14 13 13 11 9
9 9 10 11 8 8 8 8 8 8 12 12 10 16 13 16 16 15 16 11
12 12 10 10 10 10 10 12 12 17 10 9 9 9 9 9 9 11 12
12 14 15 12 12 9 9 6 7 6 6 6 6 9 8 8 8 8 8 8 11 11
6 6 6 6 8 8 6 6 6 6 7 6 8 8 9 10 10 8 9 9 9 9 10 21
19 15 10 10 10 10 10 10 13 13 13 10 8 8 8 6 6 6 6 8
6 11 11 8 8 8 8 8 8 8 8 8 7 7 10 10 8 8 9 9 9 12 10
9 9 11 13 9 9 9 9 9 10 10 8 11 8 9 8 7 7 6 6 6 6 10
13 15 12 10 8 8 8 8 8 8 10 10 10 10 8 8 11 9 10 9 14
10 12 12 12 12 11 10 10 8 8 6 6 6 6 6 6 14 12 13 12
11 11 11 11 11 11 16 21 21 21 
>4_A70_Premixed PHD_FILE: 4_A70_Premixed.phd.1
7 7 7 7 6 6 6 6 6 6 8 8 12 16 11 10 8 8 8 15 10 12
12 22 32 19 15 10 9 9 14 10 10 12 16 22 24 27 29 23
22 19 22 22 28 32 37 37 42 50 50 50 50 50 50 50 47
47 42 42 43 43 57 57 59 57 57 57 57 57 57 48 54 54
54 47 48 48 48 48 48 54 54 54 59 59 59 59 57 57 57
57 57 59 57 57 57 57 59 59 57 57 57 57 57 57 57 54
54 54 57 59 59 59 59 59 59 59 59 68 68 68 68 59 57
59 59 59 59 68 68 57 57 48 48 48 57 59 59 59 68 68
68 68 68 57 57 57 57 59 59 59 59 59 59 59 68 68 68
68 68 68 68 68 68 68 68 68 68 68 68 68 68 68 68 68
68 68 68 57 59 68 68 68 68 68 68 68 68 68 68 68 68
68 68 68 68 68 68 68 68 68 68 68 68 68 68 68 68 68
68 68 68 68 68 68 62 62 62 62 62 62 62 62 62 62 62
62 62 62 62 62 62 62 62 62 62 62 68 68 68 68 68 68
68 68 68 68 68 68 68 68 68 68 68 62 62 62 62 62 62
62 68 68 62 62 62 62 62 62 62 62 62 62 62 62 68 68
68 68 68 68 62 62 68 68 68 68 68 62 62 62 62 68 68
68 62 62 62 62 62 62 62 62 68 68 68 68 68 68 68 68
68 68 68 68 68 68 68 68 68 62 68 68 62 62 62 62 68
68 68 68 68 68 68 68 62 62 62 62 68 68 68 68 68 68
68 68 68 68 68 68 68 68 68 68 68 68 68 68 62 62 62
62 62 62 62 68 68 68 62 62 62 62 62 68 68 68 68 68
68 68 68 68 68 68 68 68 68 62 62 62 62 62 62 62 68
68 68 68 62 62 62 62 62 62 62 68 68 68 62 62 62 62
62 62 62 68 68 68 68 68 68 68 68 68 68 68 68 62 62
62 62 62 62 62 68 68 68 68 68 68 68 68 68 62 62 62
62 62 62 62 68 68 68 68 68 68 68 68 68 68 68 68 68
62 62 62 62 62 62 62 62 62 62 62 68 68 68 68 68 68
68 68 68 68 68 68 68 68 68 68 62 62 62 62 62 62 62
68 68 62 62 62 62 62 62 62 68 68 68 62 62 62 62 62
62 62 62 62 62 62 62 68 68 68 68 68 68 68 68 68 68
68 68 68 68 68 68 68 68 68 68 68 68 68 68 68 68 68
68 68 62 62 62 62 62 62 59 59 57 57 57 59 59 59 59
59 59 59 59 59 68 68 68 68 68 59 59 59 59 59 68 59
68 68 68 68 68 68 68 68 68 68 59 68 68 68 68 68 68
59 59 59 59 59 59 59 59 59 59 59 57 57 59 59 57 59
59 59 59 68 68 57 57 57 57 57 59 59 59 59 59 59 54
54 54 59 59 59 59 59 59 57 59 59 59 59 59 57 57 57
57 57 57 59 59 57 59 59 57 57 57 57 57 57 57 57 59
59 59 59 59 59 59 59 59 59 59 59 59 59 59 59 59 54
54 54 59 59 59 59 59 59 59 68 68 57 57 54 54 54 57
57 48 48 48 57 57 57 48 48 48 48 57 57 57 57 57 50
59 59 48 41 41 41 41 41 39 39 37 37 37 34 41 43 41
37 37 37 37 41 48 48 48 57 57 57 59 57 47 47 53 53
47 47 48 48 47 47 47 47 40 40 35 31 31 40 39 44 44
44 37 37 43 41 41 31 31 41 41 47 47 47 47 46 48 48
48 48 48 48 48 47 59 47 41 41 41 41 37 37 41 41 41
41 34 31 35 35 31 31 39 43 44 41 41 40 39 39 41 41
37 41 37 41 41 47 47 47 46 41 39 39 41 32 32 37 31
34 21 24 12 12 12 21 25 32 29 26 32 37 32 22 14 16
10 10 10 10 10 10 11 15 16 32 31 37 37 37 29 31 32
37 33 31 28 24 20 20 20 31 34 41 32 29 34 33 32 25
20 23 23 28 24 25 17 17 17 22 30 30 37 34 29 29 26
26 19 19 14 14 14 27 27 27 15 12 9 9 13 11 14 10 17
24 26 33 25 28 16 16 16 22 24 23 20 20 34 28 32 32
28 21 10 9 9 9 9 14 17 32 31 31 15 15 10 10 12 13 13
18 21 21 19 12 10 10 10 10 14 16 16 20 16 12 12 10
12 10 10 15 14 9 9 9 9 11 10 10 18 15 15 12 10 10 10
13 10 10 10 10 11 14 14 15 13 13 14 17 11 29 17 21
10 9 12 12 12 16 16 18 12 10 10 10 15 12 11 9 8 8 8
8 9 8 11 9 10 10 10 15 13 10 17 19 19 19 23 15 16 10
10 10 10 8 8 12 12 8 8 10 10 10 8 10 8 8 8 8 8 8 8
8 9 10 9 9 9 9 9 9 14 10 14 10 9 12 10 9 9 10 10 10
10 10 10 8 8 8 8 15 9 9 9 9 9 9 9 9 10 10 11 14 13
13 11 10 10 10 12 11 9 8 8 8 8 8 8 14 14 11 11 10 9
11 11 9 12 9 9 9 10 9 9 9 10 10 10 10 11 9 9 9 12 12
19 19 22 15 11 9 9 8 8 8 9 8 8 8 8 8 8 9 9 9 9 9 9
9 9 8 8 8 9 9 9 15 12 8 6 6 6 6 6 8 15 10 10 9 8 7
7 7 8 8 10 8 8 8 10 8 9 10 10 17 16 23 17 14 12 8 8
8 8 8 
>5_A70_Premixed PHD_FILE: 5_A70_Premixed.phd.1
11 11 11 11 11 9 6 6 6 9 10 11 14 13 10 8 8 8 15 10
10 10 19 32 28 20 20 16 14 13 8 8 10 11 18 21 22 23
21 19 19 15 16 19 32 33 31 33 33 33 37 37 39 39 39
39 47 47 47 47 47 48 48 48 50 57 57 57 57 48 48 48
42 42 42 47 46 48 48 48 54 48 48 57 57 57 54 54 57
57 57 57 57 57 57 57 57 59 59 59 57 57 54 54 54 57
57 43 43 46 59 59 57 54 54 59 59 59 57 57 54 54 57
57 57 57 57 57 57 57 57 57 43 43 43 50 57 57 57 59
59 57 54 57 52 57 57 57 59 59 59 59 59 57 57 57 57
57 57 57 57 57 57 59 59 59 59 59 59 59 59 57 57 57
57 57 43 43 42 42 52 59 59 59 59 59 59 59 57 57 57
57 57 57 57 57 68 59 59 52 52 52 59 59 59 59 59 57
68 68 68 68 57 59 57 62 62 62 62 62 62 62 62 62 62
62 62 62 62 62 62 62 62 62 62 62 62 62 62 62 62 62
62 62 62 62 62 62 68 68 68 68 68 68 68 62 62 62 62
62 62 62 62 43 41 41 39 62 62 62 62 62 68 68 68 68
68 68 68 68 68 68 68 68 68 68 68 68 68 68 68 68 68
68 68 68 68 68 62 62 62 62 62 68 68 68 68 68 68 68
68 68 68 68 68 68 68 68 62 62 62 62 62 62 62 62 62
62 62 62 62 62 62 62 62 62 62 62 62 62 62 62 62 62
62 68 68 68 68 62 62 62 62 62 62 62 68 68 62 62 62
62 62 62 62 62 62 62 62 62 62 68 62 62 62 62 62 62
62 62 62 62 62 62 62 62 62 62 62 62 62 62 62 62 62
62 62 62 62 62 62 62 62 62 62 62 62 68 68 62 62 62
62 62 62 62 62 62 62 62 62 62 62 62 62 62 62 62 62
62 62 62 62 62 62 62 62 62 62 62 62 68 68 68 62 62
62 62 62 62 62 68 68 68 68 68 68 68 68 68 68 68 59
59 59 59 57 59 59 59 59 59 68 68 68 68 59 59 59 59
59 59 59 59 68 68 68 68 68 59 59 57 59 57 57 57 59
59 59 59 59 59 59 59 57 57 57 59 59 59 57 57 57 57
57 57 59 59 59 59 59 59 68 68 68 59 59 59 59 59 59
59 59 59 68 59 59 59 57 57 57 57 57 57 57 59 59 68
68 68 68 57 57 57 57 57 57 57 57 54 54 54 59 59 59
59 54 54 54 57 57 57 59 59 59 59 59 59 59 59 68 68
59 59 54 54 54 59 59 59 59 59 59 54 54 54 59 59 54
54 57 59 59 59 57 57 59 59 59 59 57 59 59 57 57 48
59 59 59 59 59 59 59 59 59 50 48 50 50 47 47 41 41
41 37 37 41 39 39 41 42 50 50 59 59 59 59 59 57 48
48 57 57 57 48 59 59 59 59 59 59 57 57 57 57 57 57
59 59 57 59 59 59 59 59 59 59 59 59 59 59 59 59 54
54 54 48 59 59 57 59 57 57 57 57 59 59 59 59 59 59
57 57 48 39 37 41 59 59 47 47 47 59 37 31 32 37 37
37 47 47 47 41 41 39 35 32 36 39 37 37 37 37 41 43
41 41 47 47 47 48 48 48 48 59 59 59 59 47 43 43 50
50 43 57 48 48 48 57 57 57 43 43 39 39 39 47 41 47
47 33 32 32 28 26 27 24 22 25 36 36 41 41 41 41 41
41 41 48 48 48 48 59 46 46 43 41 41 41 37 37 44 44
41 41 37 37 41 41 37 37 30 30 18 22 22 41 28 41 41
41 29 26 26 30 30 30 31 25 30 30 37 37 32 29 29 29
29 31 31 37 37 41 37 37 41 41 37 37 41 43 37 22 19
21 22 18 18 21 41 32 32 30 28 23 23 23 28 25 27 37
34 28 25 19 26 18 17 18 22 25 27 26 16 20 9 9 10 11
11 14 14 12 10 8 7 7 9 10 10 10 13 15 15 15 10 10 12
13 16 18 31 34 18 23 16 14 12 13 8 8 8 8 10 15 16 8
8 8 9 10 12 12 12 11 10 10 11 17 15 10 10 10 10 10
10 11 11 16 10 8 8 8 8 8 8 13 10 9 11 11 8 7 7 7 7
8 9 11 15 10 9 10 10 10 15 13 16 14 17 13 15 12 12
13 11 14 18 12 12 11 14 17 10 10 9 9 9 8 14 16 16 13
14 9 9 9 9 9 9 10 10 12 16 16 18 17 12 15 11 11 16
11 12 9 8 8 8 8 8 8 8 8 8 8 8 9 9 10 8 8 8 8 8 10 9
9 11 10 9 9 9 9 8 8 11 8 8 8 8 8 8 8 7 8 9 11 9 9 11
12 11 10 15 11 11 11 10 10 10 10 10 10 9 9 9 10 9 9
9 9 9 9 10 9 9 9 10 10 10 10 10 9 9 9 11 10 10 13 14
15 15 14 11 10 10 9 9 9 12 10 10 11 21 16 10 9 9 8
8 8 8 10 10 9 9 9 12 12 16 12 12 10 10 10 10 8 8 6
6 6 6 8 9 9 9 8 12 12 12 10 10 12 19 10 11 11 8 8 8
8 8 9 19 21 11 11 9 9 9 9 10 10 12 11 11 12 12 13 17
24 29 13 14 10 9 9 9 11 10 18 9 9 9 9 12 14 12 12 10
>6_A70_Premixed PHD_FILE: 6_A70_Premixed.phd.1
10 10 10 8 9 8 6 6 6 6 6 10 20 16 13 12 10 9 12 15
10 12 12 29 32 29 20 20 14 19 13 11 11 13 14 30 28
29 29 23 23 19 22 22 28 32 33 33 33 33 33 41 41 47
47 50 50 50 50 50 50 50 57 57 57 57 53 53 50 50 50
50 54 54 54 48 48 47 47 47 48 54 54 54 59 59 59 59
68 68 68 68 68 68 68 68 68 68 59 59 59 57 57 57 68
68 68 68 68 68 68 68 68 68 68 68 68 68 68 68 68 68
68 68 68 68 68 68 68 68 68 57 57 57 57 57 57 59 68
68 68 68 68 68 68 68 68 68 68 68 68 68 68 68 68 68
68 68 68 68 68 68 68 68 68 68 68 68 68 68 68 68 68
68 68 68 68 68 68 68 68 68 68 68 68 68 68 57 57 57
57 59 59 68 68 68 68 68 59 59 59 59 59 59 59 68 68
68 68 68 68 68 68 68 68 68 68 68 68 68 68 68 62 68
68 68 68 68 68 68 68 68 68 68 68 68 68 68 68 68 68
68 68 68 68 68 68 68 68 68 68 68 68 68 68 68 68 68
68 68 68 62 68 68 68 68 68 68 68 68 68 68 68 68 68
68 68 68 68 68 68 68 68 68 68 68 68 68 68 68 68 68
68 68 68 68 68 68 68 68 68 68 68 68 68 68 68 68 68
68 68 68 68 68 68 68 68 68 68 68 68 68 68 68 68 68
68 68 68 68 68 68 68 68 68 68 62 62 62 62 62 68 68
68 68 68 68 68 68 68 68 68 68 68 68 68 68 68 68 68
68 68 68 68 68 68 68 68 68 68 68 68 68 68 68 68 68
68 68 68 68 68 68 68 68 68 62 62 62 52 52 62 62 68
68 68 68 68 68 68 68 68 68 68 68 68 68 68 68 68 68
68 68 68 68 68 68 68 68 68 68 68 68 68 68 68 68 68
68 68 68 68 68 68 68 68 68 68 68 68 68 68 68 68 68
68 68 68 68 68 68 68 68 68 68 68 68 68 68 68 68 68
68 68 68 68 68 68 68 68 68 68 68 68 68 68 68 68 68
68 68 68 68 68 68 68 68 68 68 68 68 68 68 68 68 68
68 68 68 68 68 68 68 68 68 68 68 68 68 68 68 62 62
62 62 62 62 62 68 68 68 68 68 68 68 68 68 68 68 68
68 68 68 68 68 68 68 68 68 68 68 68 68 68 68 68 68
68 68 68 68 68 68 68 68 68 68 68 59 59 59 59 59 59
59 68 68 68 68 68 68 68 68 68 68 68 68 68 68 68 68
68 68 68 68 68 68 68 68 68 68 68 68 68 68 68 68 68
68 68 68 59 59 68 68 68 68 68 68 68 68 68 59 59 57
57 57 57 57 68 68 68 68 59 59 59 59 59 59 59 59 59
57 57 57 57 57 57 59 68 68 59 59 59 59 59 68 68 68
57 57 54 57 57 57 57 57 57 59 59 68 68 68 68 68 68
57 57 59 68 57 57 57 68 68 59 59 68 68 68 68 68 68
54 54 54 54 54 57 59 59 59 59 59 59 68 68 68 68 68
68 68 57 57 48 48 48 57 57 57 57 57 57 57 57 57 57
57 57 50 48 48 48 47 47 46 41 41 39 37 31 32 37 37
41 59 37 33 33 33 33 36 48 57 57 57 57 57 59 59 57
57 53 50 47 48 48 47 47 47 47 57 57 57 48 48 48 57
57 48 48 50 50 50 47 47 47 47 41 44 37 37 44 59 59
59 59 46 41 37 37 37 37 37 41 47 47 47 41 41 37 41
44 44 41 41 29 29 32 32 31 34 39 44 44 37 37 37 37
37 41 41 37 37 37 37 37 37 30 31 32 41 34 37 30 25
25 27 31 37 34 37 30 31 31 29 39 35 31 31 39 39 41
32 32 31 31 37 30 29 32 26 26 27 32 37 37 37 37 41
37 37 39 37 37 28 32 23 28 28 25 32 25 28 14 14 18
32 28 31 28 28 25 25 21 23 20 18 20 24 28 28 34 30
29 29 29 29 29 27 11 11 11 11 12 11 11 15 19 16 18
17 20 17 28 26 18 18 15 15 16 18 18 23 21 19 13 15
18 17 18 18 16 15 12 18 18 26 23 27 17 17 13 11 14
11 10 10 15 21 24 28 25 24 13 10 10 10 11 10 15 10
10 10 13 17 28 27 20 18 22 17 12 10 13 10 10 9 9 9
9 9 11 15 18 16 12 15 15 15 12 15 12 14 14 14 8 13
8 9 8 14 14 15 15 13 9 9 8 8 8 8 9 9 10 11 11 11 11
11 16 14 16 10 9 9 10 8 10 12 12 10 13 10 11 12 13
10 12 10 10 8 8 8 8 8 8 8 8 9 9 10 10 9 9 9 9 11 10
10 10 9 9 8 8 8 8 9 9 11 9 9 8 8 8 8 9 8 12 12 10 10
9 8 8 10 11 9 9 11 11 13 13 10 10 10 10 9 9 8 8 8 8
8 8 8 8 11 6 6 6 6 6 6 8 8 8 8 12 10 9 9 9 9 11 11
14 10 8 8 9 8 8 8 6 8 6 7 6 6 9 8 8 8 8 8 8 8 8 8 12
12 13 11 10 8 8 8 8 8 8 10 11 12 11 9 10 9 9 9 9 11
11 15 13 11 9 9 9 10 10 9 11 11 11 11 11 10 10 11 16
15 7 6 6 6 6 6 8 6 6 
>7_A70_Premixed PHD_FILE: 7_A70_Premixed.phd.1
6 6 6 6 6 7 6 6 6 6 6 6 8 8 8 8 8 8 8 6 8 8 8 10 8
11 11 11 12 15 12 9 9 9 9 10 9 11 11 10 13 13 18 15
10 8 8 8 8 8 10 12 15 23 19 22 12 12 14 13 13 10 14
11 11 11 11 15 12 12 12 16 15 10 10 10 10 9 8 8 10
12 13 21 16 11 10 10 10 10 13 8 8 8 8 8 8 10 13 10
9 9 10 9 9 9 9 10 10 19 27 12 12 12 16 12 12 11 11
11 11 11 11 11 11 12 12 13 10 10 9 9 9 9 10 10 21 19
12 12 12 12 12 13 13 11 9 9 9 9 9 10 11 10 11 14 14
12 11 10 11 11 8 9 9 9 9 9 11 11 11 11 11 10 9 9 9
10 9 9 9 9 10 10 10 10 10 10 10 10 12 20 12 10 8 8
10 8 8 8 8 8 9 11 13 10 10 10 10 12 12 13 13 13 13
15 13 11 11 11 11 11 12 12 18 18 9 9 9 10 13 10 11
11 12 12 16 10 10 10 10 10 10 12 11 11 11 12 12 19
18 14 12 12 12 12 14 12 15 14 12 12 12 13 13 15 22
12 14 14 16 12 11 11 9 9 9 12 13 8 8 8 8 8 8 8 8 8
6 6 8 8 10 10 11 11 11 11 11 15 15 12 12 11 12 12 13
13 12 18 12 12 12 12 12 12 12 12 12 15 12 14 14 14
14 14 23 26 12 13 10 10 10 10 8 8 10 8 8 9 9 9 9 10
11 10 10 10 11 11 11 11 10 10 8 8 8 10 8 8 8 8 8 8
8 10 10 11 8 8 8 10 12 12 12 11 11 11 18 15 12 12 11
11 11 11 11 11 11 11 14 11 10 10 9 10 10 10 11 10 8
8 8 8 10 9 9 9 9 9 10 12 12 18 19 18 16 11 11 11 12
15 19 12 12 12 11 16 13 13 11 11 12 10 10 10 9 8 8
8 10 15 10 10 8 10 10 10 11 11 11 11 18 24 19 12 12
12 12 15 10 10 10 10 10 11 15 12 12 10 10 10 15 18
15 15 13 12 12 12 13 10 11 10 10 10 10 8 8 6 6 8 8
8 8 10 10 10 10 10 8 8 8 8 8 8 12 12 9 9 9 10 12 15
15 8 8 8 8 8 8 10 10 10 11 12 18 14 8 8 7 7 8 8 10
8 8 6 6 8 8 13 18 19 19 10 8 6 6 6 6 8 8 8 8 8 6 6
8 8 10 10 10 15 15 12 10 14 12 13 11 11 9 9 9 9 9 9
10 11 13 13 15 12 12 11 12 12 13 13 15 21 21 19 16
13 11 12 11 15 8 10 8 8 10 8 13 12 10 10 10 10 10 10
10 11 8 8 8 8 8 8 7 7 8 10 12 12 12 11 11 11 12 12
12 11 12 11 15 11 11 11 16 15 13 11 8 8 7 7 8 8 8 9
10 17 17 13 10 9 9 13 9 9 9 9 10 13 10 9 9 8 6 6 6
8 8 12 11 10 8 10 10 9 9 10 9 10 10 10 11 10 10 10
9 9 8 8 8 11 12 8 9 8 8 8 8 8 8 10 8 8 8 8 6 10 6 9
9 9 9 10 11 13 10 10 8 8 8 10 13 9 8 8 8 8 8 8 8 8
8 8 10 10 10 8 8 8 6 6 6 6 8 8 8 8 8 10 8 8 10 10 10
10 10 10 6 6 6 6 8 8 9 11 10 10 10 8 8 8 8 8 10 10
10 8 8 8 8 10 10 10 9 9 9 8 8 8 10 10 9 15 15 13 15
11 8 8 8 8 8 6 6 10 10 8 6 6 10 10 10 9 8 8 8 8 8 8
8 8 10 16 19 10 10 8 8 8 8 9 10 13 16 15 21 21 13 12
11 11 10 10 10 9 9 9 9 9 9 9 9 9 11 13 13 9 12 7 7
8 8 10 10 10 10 12 8 8 6 6 8 6 6 8 6 6 8 8 8 7 7 8
8 8 8 10 11 12 12 12 12 12 13 10 11 8 8 8 8 8 8 8 8
8 8 8 8 8 8 8 10 10 10 10 11 8 8 8 8 8 8 10 8 8 8 8
8 8 6 6 8 8 8 8 8 8 8 6 7 8 7 8 8 9 10 10 10 10 8 8
8 10 10 12 10 16 13 13 11 11 10 8 8 6 6 8 8 9 9 11
11 11 11 11 10 10 12 15 10 10 9 6 6 6 8 10 10 12 11
8 8 8 8 10 12 8 8 8 10 9 8 8 8 8 8 10 8 6 6 8 8 9 9
10 9 10 10 10 10 13 17 10 11 9 9 11 11 11 15 11 11
12 12 12 12 12 12 13 8 10 8 8 8 8 13 13 24 10 10 6
6 8 8 8 6 6 6 8 8 12 14 12 11 10 10 10 10 10 8 10 6
6 8 6 6 10 8 8 8 8 12 12 13 11 13 11 10 13 10 9 9 9
9 9 16 10 13 8 8 8 8 8 12 8 8 8 8 10 14 10 10 10 8
8 8 8 8 8 8 6 7 6 6 6 8 8 8 8 8 8 8 6 6 6 6 8 6 6 8
8 8 10 9 9 9 8 8 9 9 9 9 
>8_A70_Premixed PHD_FILE: 8_A70_Premixed.phd.1
8 8 8 8 6 6 6 8 10 10 10 17 17 13 10 6 6 8 17 13 18
18 29 34 28 19 16 10 9 13 12 12 14 14 24 19 23 23 25
28 28 28 30 31 36 36 36 38 42 42 50 50 47 47 50 53
53 50 50 50 50 50 50 68 68 68 68 68 68 68 54 54 54
54 48 48 47 47 47 50 48 54 54 59 59 59 68 68 68 68
68 68 68 68 68 68 68 59 59 59 57 57 57 57 68 68 68
68 68 68 59 59 59 59 59 59 59 68 68 68 68 68 68 68
68 68 68 68 68 68 57 57 57 57 68 68 68 68 68 68 68
68 68 68 68 68 68 68 68 68 68 68 68 68 68 68 68 68
68 68 68 68 68 68 68 68 68 68 68 68 68 68 68 68 68
68 68 68 68 68 68 68 68 68 68 68 68 68 68 68 68 68
68 68 68 68 68 68 68 68 68 68 68 68 68 68 68 68 68
68 68 68 68 68 68 68 68 68 68 68 68 68 68 68 68 68
68 68 68 68 68 68 68 68 68 68 68 68 68 68 68 68 68
68 68 68 68 68 68 68 68 68 68 68 68 68 68 68 68 68
68 68 68 68 68 68 68 68 68 68 68 68 68 68 68 68 68
68 68 68 68 68 68 68 68 68 68 68 68 68 68 68 68 68
68 68 68 68 68 68 68 68 68 68 68 68 68 68 68 68 68
68 68 68 68 68 68 68 68 68 68 68 68 68 68 68 68 68
68 68 68 68 68 68 68 68 68 68 68 68 68 68 68 68 68
68 68 68 68 68 68 68 68 68 68 68 68 68 68 68 68 68
68 68 68 68 68 68 68 68 68 68 68 68 68 68 68 68 68
68 68 68 68 68 68 68 68 68 68 68 68 68 68 68 68 68
68 68 68 68 68 68 68 68 68 68 68 68 68 68 68 68 68
68 68 68 68 68 68 68 68 68 68 68 68 68 68 68 68 68
68 68 68 68 68 68 68 68 68 68 68 68 68 68 68 68 62
62 62 62 68 68 68 68 68 68 68 68 68 68 68 68 68 68
62 62 62 62 62 62 68 68 68 68 68 68 68 68 68 68 68
68 68 68 68 68 68 68 68 68 68 68 68 68 68 62 62 62
68 68 62 62 68 68 68 68 68 68 68 62 62 62 62 62 62
62 68 68 68 68 68 68 68 68 68 62 62 62 62 62 62 62
62 68 68 62 62 62 68 68 68 62 59 59 59 59 59 59 68
68 68 59 59 59 59 57 57 57 57 57 57 59 59 59 68 68
68 68 68 68 68 59 59 59 59 59 59 59 59 59 68 68 68
68 68 68 68 68 59 59 59 59 59 59 59 59 59 59 59 59
59 68 68 68 68 68 68 68 57 57 57 57 57 57 57 68 68
57 68 68 59 59 59 59 59 57 57 57 57 57 57 57 57 57
57 57 57 57 68 68 57 57 59 59 59 68 68 68 57 57 57
57 57 57 57 59 59 59 59 59 59 57 57 57 68 68 68 68
68 57 57 57 68 68 68 68 59 59 59 59 59 59 57 57 54
54 48 57 59 59 59 59 59 59 59 59 57 57 57 57 57 57
57 48 47 37 41 41 47 47 47 59 59 41 37 37 41 41 41
59 59 59 59 47 47 47 47 41 44 37 37 37 37 44 59 47
47 47 47 47 48 48 50 50 57 57 57 57 57 57 57 57 57
48 48 37 37 37 37 37 41 37 37 41 32 32 41 43 47 47
47 50 50 47 47 37 37 37 37 31 37 43 41 44 41 37 37
37 37 37 37 48 47 47 47 47 41 41 41 37 37 44 44 44
44 35 36 37 37 31 34 41 41 37 41 41 41 41 41 43 41
37 37 37 37 37 37 37 37 37 41 34 37 30 25 25 27 31
31 31 25 24 24 24 24 37 41 32 32 41 41 41 37 37 37
37 39 37 37 32 31 29 29 32 36 36 37 37 39 34 34 34
31 23 20 31 23 23 23 24 32 34 41 32 31 37 37 34 29
24 28 28 32 28 32 23 23 20 24 26 21 27 24 20 20 22
25 29 27 31 25 25 26 20 20 19 30 30 32 32 29 32 25
25 32 34 32 37 37 37 34 31 33 33 30 25 25 32 27 31
28 26 24 14 9 9 9 9 14 16 14 12 11 9 9 3 0 3 13 15
25 33 31 24 15 15 16 11 10 9 9 14 13 12 17 17 22 24
27 31 22 21 22 18 18 22 22 18 22 27 20 20 18 16 16
10 9 8 10 10 11 11 15 9 9 3 0 3 15 12 18 16 17 15 15
14 25 18 20 20 25 18 18 18 18 17 22 22 22 11 10 10
9 9 12 14 15 19 19 17 19 17 24 17 11 9 10 10 10 12
13 15 14 17 17 17 17 15 10 8 8 8 8 8 11 10 12 12 11
7 7 8 8 9 8 11 10 10 11 12 14 11 11 8 8 9 8 8 8 8 8
8 8 8 8 7 7 8 10 17 13 12 10 10 10 10 10 9 9 9 9 9
9 9 9 9 9 10 11 11 11 8 8 8 8 8 9 7 6 6 6 6 6 10 10
10 9 11 10 12 10 10 10 10 
>9_A70_Premixed PHD_FILE: 9_A70_Premixed.phd.1
6 6 6 6 6 6 6 6 9 9 12 12 24 24 10 10 6 6 8 15 10 12
12 19 32 24 19 12 10 9 12 9 9 10 12 20 19 21 23 20
19 14 15 15 19 30 33 33 33 33 33 37 37 39 39 47 36
36 30 30 30 34 39 47 48 48 48 48 48 48 48 48 48 42
42 39 42 40 39 48 48 48 54 54 48 59 59 59 59 57 48
57 46 46 43 43 43 46 39 43 43 42 48 42 42 39 57 37
37 37 57 57 57 48 48 48 59 59 54 54 54 57 57 57 57
57 57 47 47 48 48 43 43 32 32 32 44 43 48 52 59 59
68 57 57 44 44 35 35 35 44 43 52 52 57 52 52 52 57
57 57 57 57 57 59 59 68 68 59 59 68 59 59 57 57 52
57 57 59 59 59 59 59 59 52 52 52 59 57 57 52 52 43
59 59 59 59 44 44 52 52 52 59 59 59 59 57 57 57 59
57 57 57 52 52 52 62 62 39 39 39 62 62 39 35 35 62
62 52 52 52 62 62 39 39 39 43 43 62 62 62 62 62 62
62 62 52 52 52 62 52 52 52 52 62 62 52 52 45 45 62
44 44 31 31 31 44 44 62 52 52 52 52 52 62 62 62 62
62 62 62 62 62 62 52 52 52 62 62 62 62 62 62 62 62
62 52 43 43 43 43 62 62 62 52 52 52 52 52 52 52 52
52 52 62 43 43 35 35 35 43 43 44 43 43 43 29 29 31
44 44 52 52 52 62 62 43 43 29 29 29 43 43 62 43 43
39 43 43 62 45 45 45 62 62 62 52 52 52 62 62 43 39
39 39 43 39 41 43 43 39 39 39 43 43 62 39 39 39 43
43 52 62 62 43 43 39 43 44 43 43 31 31 31 44 44 62
52 43 43 39 39 39 39 39 43 43 43 52 45 43 43 35 35
35 41 43 41 43 43 52 52 52 52 52 43 43 43 43 43 43
39 39 41 43 43 52 45 43 43 41 41 41 47 43 43 43 39
39 35 35 35 43 43 52 52 52 52 62 52 52 62 62 52 52
43 43 26 26 26 43 39 39 39 43 39 39 39 43 43 39 43
35 35 35 43 43 52 52 52 52 52 43 43 35 35 35 44 44
45 45 43 43 39 39 43 43 43 35 43 43 43 43 35 26 26
43 43 43 45 45 52 43 43 43 45 45 43 43 35 35 35 44
43 52 52 52 52 45 52 57 52 52 43 43 31 31 31 43 42
43 45 43 43 35 35 35 35 32 32 24 24 28 43 43 43 43
43 52 52 45 45 45 52 52 52 52 43 43 38 42 35 35 35
43 42 43 43 43 43 35 43 31 38 41 43 43 43 35 35 35
43 43 38 39 39 43 43 52 43 43 32 32 32 43 43 28 36
36 43 43 43 43 43 42 41 37 37 47 47 47 37 32 32 23
23 23 44 44 44 44 43 44 43 44 47 47 31 41 20 20 20
31 28 37 39 39 43 36 36 26 30 30 37 31 39 32 40 41
43 39 39 39 43 43 39 39 37 37 30 30 30 40 37 37 28
23 23 32 32 20 21 21 32 32 40 40 43 39 35 35 32 24
23 20 18 18 25 24 33 30 30 30 31 37 37 34 29 28 31
28 28 28 28 28 25 25 20 27 32 24 29 29 24 28 28 33
33 36 36 36 36 36 36 39 37 37 33 32 30 34 32 37 43
35 31 31 35 34 34 30 28 21 23 15 15 15 24 25 33 33
35 31 31 34 34 23 18 18 24 19 25 32 34 34 23 19 19
23 23 28 28 24 24 33 34 28 28 28 30 29 29 35 36 36
35 24 28 28 21 19 19 23 23 23 23 19 22 23 28 25 28
24 31 25 32 23 20 20 32 28 25 24 24 30 22 18 18 18
23 22 24 24 24 24 19 25 19 20 18 28 28 31 24 25 21
21 23 23 18 19 22 18 22 17 17 15 19 19 27 18 19 19
17 13 11 11 10 10 10 10 10 11 12 17 17 23 20 15 12
11 11 13 13 11 12 11 11 11 13 16 12 19 19 22 22 19
19 20 19 16 22 19 24 18 15 14 14 10 12 16 14 15 11
11 13 18 12 18 16 12 12 10 10 11 12 13 9 10 12 10 14
13 20 11 10 9 9 8 8 8 8 8 8 10 8 15 18 19 21 13 15
11 11 10 10 9 9 9 9 9 10 12 12 11 10 10 12 9 9 10 8
8 8 8 8 8 8 9 9 9 9 9 9 10 10 15 13 15 13 14 14 21
18 19 22 25 22 9 8 8 8 8 10 14 12 12 12 17 12 9 9 15
10 9 9 9 10 9 9 10 11 10 10 10 10 10 12 11 11 11 11
9 9 9 9 9 9 10 10 10 8 9 11 10 14 11 16 11 8 8 8 8
8 8 11 11 11 11 
